npc_vertical,npc_horizontal,npc_behavior,pedestrian_vertical,pedestrian_horizontal,pedestrian_direction_x,pedestrian_direction_y,pedestrian_speed,weather_sun_angle,weather_fog_density
-7.604495384764531,-4.5900928725278245,0.0585714245375881,4.289116142865934,1.913422545855072,-0.8741568611950552,-0.7757378525821148,1.14114348743481,-73.26168693742707,23.29112117037484
18.606637944068986,-7.804796239636911,0.257610140404553,-7.924237871250906,-9.407450482093802,0.1705509899113302,0.2738442712097746,1.0639874307585044,-23.359100316662705,98.75587558911084
-2.873855302111849,13.61405702923566,0.2486719806725227,7.823725199757401,-2.207339555106211,-0.7132033934915807,0.0215862627293474,1.2447328880746906,-68.29133308327485,51.223722089164994
13.148971685185836,-1.177127149221178,0.207085753053357,1.7744607420555596,-8.339958069302519,-0.4008293507922886,-0.9063660819492448,0.9521586220698968,-58.84777237240242,2.562323610200034
9.654505360870232,-13.449254591611432,0.152642072820646,7.747029325788226,4.311001581021856,-0.0175300785474317,-0.6192851335572547,1.135649780093556,-55.69410677280693,27.877363622828465
7.954554170113752,-14.957844360650746,0.2630602390126067,9.15024716173179,3.754885303089768,0.2294233960797653,-0.1876227364781661,1.3736702675747108,58.58080745155323,44.6230437860777
18.05109243524488,-19.929521139119547,0.0747564374774476,-4.906665557461958,6.441264936203062,-0.9507259250379464,0.8407454667475087,1.20052716422093,-43.25974122012492,40.5558382243626
19.026961745845824,6.734480069013394,0.1070667379017911,7.614182256879243,5.70758073034124,-0.3880682709587062,-0.2211997715418108,1.3887535106492177,62.20823058683087,80.16077835198145
3.4169151291082045,-8.052840944577472,0.28971335610601,8.450174670901475,8.055454788348388,0.8678918665490591,0.4805285401736674,1.1480418109662702,-63.970799829646026,88.7834255058025
-10.014401783779006,4.5504451140875375,0.1473507975087675,-4.145631184167382,7.092308555135208,0.3617687618787049,-0.9254060963274278,1.0619305572770177,29.23854485977472,57.94527456163275
-17.873882365938087,8.205824698491845,0.1079223510475381,1.4878574945977867,2.097246297192628,0.3851278645923897,0.6600356989529135,0.9982468372438528,-21.723484069297257,8.940934072128748
-6.43891296458972,7.481915722813277,0.258982938839228,-6.20962274523496,9.339247491380156,-0.1066136873176153,0.0081661765382154,1.262962303266178,40.69114982270912,58.19578295201248
16.052266303384116,4.130472574259933,0.1082450710367615,-4.457670139462984,0.09324999907043,0.8035092385286267,-0.9018618245428296,1.2074602829132002,-43.04696159488845,9.689526647389524
16.616593626347196,15.615212865614744,0.2606706411811422,2.0200729421296657,-4.799645567761008,-0.7670614169860062,0.7783683150356393,1.1324762678946787,70.28958422144714,68.79025672875471
18.03446961260194,18.21720155188897,0.1467215790530837,4.101414043222718,1.7152437462670491,0.2626865043965762,0.3980613682640541,0.9658052592613606,21.735456173235107,21.830206362172355
17.5047352879701,-11.828400022388053,0.2316081292593989,8.217704070573259,-1.2514004565273922,-0.6489064463121839,0.5150028397595565,1.262040464931583,68.58243728608358,83.51037468530545
12.728185727350189,12.97495034467535,0.1516211313009499,-2.0828623419439847,6.051665562397762,0.2454968463178815,0.5054193716981119,1.2226472327841658,-72.17314075491974,21.15580768390281
1.1773902390770985,-13.57479689964264,0.1292817671511695,-7.952663346647515,6.598620190160954,0.1863618514768428,0.2393886013578567,1.406953630690035,14.082474746671409,20.830183913976608
16.82011405514738,8.219806458092627,0.1453761464409428,-2.852728604076356,4.451457073614989,0.5574251774959924,-0.3973902431327107,1.2500193479985828,-24.11283981436541,98.3703729085248
-3.0920902802110817,-2.8639280641502864,0.1568391721284148,-8.745234361216097,-5.7607040574551815,0.7494721968057596,-0.7015270594959182,1.0504412563206846,50.01252892592859,64.61310577749103
9.654505360870232,-13.449254591611432,0.152642072820646,7.747029325788226,4.311001581021856,-0.0175300785474317,-0.6192851335572547,1.135649780093556,-55.69410677280693,27.877363622828465
9.654505360870232,-13.449254591611432,0.1624135250634098,7.747029325788226,5.834973237011937,-0.0279958911446943,-0.4491688926366004,1.135649780093556,-55.92488777067783,21.8094348495113
4.806902774340252,-8.2589747515267,0.2362722098982826,8.450174670901475,8.055454788348388,0.8030477346027303,0.5164873599169506,1.1480418109662702,-63.970799829646026,88.7834255058025
16.616593626347196,14.376654845046431,0.155365560088531,2.0200729421296657,4.440567053096466,-0.7586770578084809,-0.6504198475090219,1.135470114101579,70.28958422144714,64.97080899660199
-2.873855302111849,13.61405702923566,0.2351367571844909,8.701775685872057,0.1015110863680845,-0.7132033934915807,-0.1739723339621761,1.2447328880746906,-68.29133308327485,46.18130688558231
18.283932473063917,-12.150536404826024,0.2316081292593989,7.800593834647191,-1.2514004565273922,-0.6489064463121839,0.529704314223427,1.0610322584881071,68.58243728608358,83.51037468530545
-6.43891296458972,6.360791403698798,0.258982938839228,-6.20962274523496,9.769797453678851,-0.1066136873176153,0.0081661765382154,1.262962303266178,40.69114982270912,58.19578295201248
-2.873855302111849,13.61405702923566,0.2351367571844909,9.230396355216406,0.1015110863680845,-0.7132033934915807,-0.1739723339621761,1.255937199606877,-13.53034733768348,46.18130688558231
-6.43891296458972,4.896547030096691,0.2661888685580088,-6.20962274523496,9.993907462516308,0.2870486756936128,0.0081661765382154,1.2673168141483475,40.69114982270912,19.11697918497856
15.044666922194438,4.896547030096691,0.2578043222725193,-6.368040306810666,9.993907462516308,0.2870486756936128,0.2628829547306994,1.2673168141483475,40.69114982270912,26.38941563862234
-6.41345902891635,-9.87741953249464,0.2316081292593989,-7.350661045648152,-0.4223734353819868,-0.5914069996315907,0.4642724364774486,1.262040464931583,68.58243728608358,80.38880630113738
18.388506009277883,-13.33155846205042,0.257610140404553,-5.043613632665672,5.290273222298001,0.0048264625329996,0.2175209068388675,1.0639874307585044,-23.359100316662705,98.75587558911084
9.654505360870232,-12.081132206415704,0.1624135250634098,8.863974539189389,5.994121348180009,-0.0124020747180857,0.0887153468017245,1.135649780093556,-55.92488777067783,21.8094348495113
18.33909892747134,-13.28798293235739,0.2332981761625914,-4.157519715253547,5.290273222298001,0.0048264625329996,0.2175209068388675,1.0335784649752124,79.22323604122872,98.15847860457686
18.283932473063917,-12.150536404826024,0.2316081292593989,7.800593834647191,-1.2514004565273922,-0.6489064463121839,0.529704314223427,1.0610322584881071,68.58243728608358,83.51037468530545
18.606637944068986,-7.804796239636911,0.2359962279524994,-7.924237871250906,-0.9554682560751644,0.1705509899113302,0.2738442712097746,1.0639874307585044,-66.90092046317264,98.75587558911084
17.5047352879701,-11.844379539020617,0.2316081292593989,8.217704070573259,-1.2514004565273922,-0.6489064463121839,0.5294875382830291,1.262040464931583,68.58243728608358,83.51037468530545
17.5047352879701,-11.828400022388053,0.2316081292593989,8.217704070573259,-1.2514004565273922,-0.6489064463121839,0.5150028397595565,1.262040464931583,68.58243728608358,83.51037468530545
17.5047352879701,-11.828400022388053,0.2316081292593989,8.217704070573259,-1.2514004565273922,-0.6814307186315305,0.5150028397595565,1.262040464931583,68.58243728608358,83.51037468530545
9.654505360870232,-15.415988936435742,0.152642072820646,7.747029325788226,4.311001581021856,-0.0175300785474317,-0.6192851335572547,1.135649780093556,-55.69410677280693,27.877363622828465
12.94690649249788,-13.449254591611432,0.152642072820646,7.747029325788226,4.311001581021856,0.0295575157828786,-0.7357993830238914,1.135649780093556,-55.69410677280693,31.294559582166848
9.654505360870232,-11.73984025446215,0.1602001403432169,7.746795138021028,5.834973237011937,-0.0259180911634928,0.7540688982025412,1.171012212726095,-73.62226031757713,21.8094348495113
8.49383947069995,-11.986938418844243,0.1406462995186162,8.248523447899952,4.311001581021856,-0.7284007326745323,-0.6192851335572547,1.1188334098046493,-55.69410677280693,27.877363622828465
17.5047352879701,-11.826192210182503,0.2316081292593989,8.217704070573259,-2.175189213079795,-0.6851427663632055,0.5148727452366035,1.0675156769048848,68.58243728608358,83.51037468530545
11.111289763494426,-15.829471400565554,0.2316081292593989,7.747321989436408,-1.2514004565273922,-0.0574052483584361,-0.6084996490730858,1.262040464931583,68.58243728608358,83.51037468530545
17.5047352879701,-10.780092472305167,0.2241909338920895,8.217704070573259,-1.2514004565273922,-0.6489064463121839,0.5150028397595565,1.262040464931583,45.66809178823735,83.51037468530545
9.654505360870232,-11.73984025446215,0.156776465643439,7.747350135263396,-3.8072784096556873,-0.6959435129623189,0.7395176051801371,1.171012212726095,-73.62226031757713,21.8094348495113
17.5047352879701,-11.828400022388053,0.2316081292593989,8.217704070573259,-1.2514004565273922,-0.6814307186315305,0.5150028397595565,1.262040464931583,65.74298255526611,83.51037468530545
17.5047352879701,-12.136976411460417,0.2152408544610974,8.217704070573259,-1.2514004565273922,-0.6492026290596747,0.5309626125337172,1.262040464931583,68.58243728608358,83.60256802654503
7.879130013884016,-10.69950135246792,0.2241909338920895,7.775138146604366,-1.3657899025744769,-0.6489064463121839,0.5620537165588531,1.262040464931583,45.66809178823735,83.51037468530545
9.673524099969908,-11.828400022388053,0.1606595468949448,8.217704070573259,-1.2514004565273922,-0.6489064463121839,0.5150028397595565,1.262040464931583,-74.23657955120986,83.51037468530545
18.388506009277883,-13.33155846205042,0.257610140404553,-5.043613632665672,5.290273222298001,0.0048264625329996,0.2175209068388675,1.0639874307585044,-37.69062627717831,98.75587558911084
17.5047352879701,-11.828400022388053,0.2316081292593989,8.217704070573259,-1.2514004565273922,-0.6814307186315305,0.5150028397595565,1.262040464931583,68.99240826281152,83.51037468530545
10.162680199287092,-11.828400022388053,0.2316081292593989,8.202606202889672,-1.2514004565273922,-0.6814307186315305,0.5150028397595565,1.262040464931583,68.58243728608358,83.51037468530545
18.320490770013308,-11.828400022388053,0.2316081292593989,8.255643201378689,-1.6132128722470434,-0.6814307186315305,0.5150028397595565,1.0537347867393445,68.58243728608358,83.51037468530545
17.5047352879701,-10.776349113842397,0.2132890802827226,7.764289142471771,-1.2514004565273922,-0.6489064463121839,0.531352977581637,1.0750405991150056,45.66809178823735,83.51037468530545
18.283932473063917,-12.150536404826024,0.2300454100360879,7.802710620023639,-1.2514004565273922,-0.6489064463121839,0.529704314223427,1.0610322584881071,68.58243728608358,83.51037468530545
17.5047352879701,-12.152209828514357,0.2316081292593989,8.217704070573259,-1.2514004565273922,-0.6677333894152733,0.5150028397595565,1.262040464931583,68.58243728608358,83.51037468530545
17.5047352879701,-11.828400022388053,0.2313325997840705,8.217704070573259,-1.2514004565273922,-0.6814307186315305,0.5150028397595565,1.262040464931583,68.99240826281152,83.51037468530545
17.5047352879701,-11.828400022388053,0.2316081292593989,8.217704070573259,0.0231837412819011,-0.6814307186315305,0.5150028397595565,1.262040464931583,68.2160111824742,83.51037468530545
17.5047352879701,-10.780092472305167,0.2241909338920895,8.217704070573259,-1.2514004565273922,-0.6489064463121839,0.5150028397595565,1.262040464931583,45.66809178823735,83.51037468530545
17.5047352879701,-10.780092472305167,0.2241909338920895,8.217704070573259,-1.2514004565273922,-0.6489064463121839,0.5169428364030992,1.262040464931583,45.66809178823735,83.51037468530545
18.26410948827678,-11.828400022388053,0.2316081292593989,8.217223045500695,-1.2514004565273922,-0.6814307186315305,0.5150028397595565,1.262040464931583,55.57384664642007,83.51037468530545
17.5047352879701,-11.828400022388053,0.2285668017366093,7.883512907010239,-0.0493309518699369,-0.6489064463121839,0.5150091770561334,1.040368744968834,81.870085781059,79.28086765996967
17.5047352879701,-11.828400022388053,0.2286987135336809,8.241973552412055,-0.0493309518699369,-0.648424101159857,0.5150091770561334,1.0373571322691997,68.56491782738368,84.15780135404279
18.283932473063917,-12.150536404826024,0.2313608875893615,7.802710620023639,-1.2514004565273922,-0.6489064463121839,0.529704314223427,1.0610322584881071,68.58243728608358,83.51037468530545
17.5047352879701,-11.70689007041233,0.2132890802827226,7.777024000604591,-1.2514004565273922,-0.6489064463121839,0.5313832993530183,1.302261621581407,45.66809178823735,83.51037468530545
17.5047352879701,-11.828400022388053,0.2316081292593989,8.217704070573259,-1.2514004565273922,-0.6873181794658931,0.5150028397595565,1.09587490158504,65.62909611340456,83.51037468530545
17.5047352879701,-12.152209828514357,0.2316081292593989,8.217704070573259,-1.2514004565273922,-0.6677333894152733,0.5150028397595565,1.262040464931583,68.58243728608358,83.51037468530545
18.283932473063917,-12.150536404826024,0.2316081292593989,9.2034168751844,-1.2514004565273922,-0.6489064463121839,0.529704314223427,1.0730333375793115,68.58243728608358,83.51037468530545
18.283932473063917,-12.11340428574081,0.198732722842973,7.800593834647191,-1.2514004565273922,-0.6489064463121839,0.7831652534404829,1.1070745997139322,68.58243728608358,83.51037468530545
17.5047352879701,-11.828400022388053,0.2246922159740142,7.916786837609138,-1.2514004565273922,-0.6814307186315305,0.5150028397595565,1.262040464931583,69.33751520880517,83.51037468530545
17.5047352879701,-11.828400022388053,0.2246922159740142,7.747814463094013,-1.2514004565273922,-0.6505458105498487,0.5150028397595565,1.296106738405562,69.30816695069711,83.51037468530545
17.5047352879701,-11.290049614655665,0.2316081292593989,8.294611139027399,-1.2494364854187552,-0.678978185116359,0.515003029322461,1.0075863650767534,68.99240826281152,83.73587022223151
17.54490370125346,-11.830837989754134,0.2316081292593989,8.217704070573259,-1.2514004565273922,-0.6814307186315305,0.5150028397595565,1.2576555498638118,68.95519950467286,83.51037468530545
18.283932473063917,-11.792244422802362,0.2300454100360879,7.793873431925061,-1.2514004565273922,-0.6817462608128324,0.529704314223427,1.0610322584881071,68.58243728608358,83.51037468530545
18.81542496760608,-12.150536404826024,0.2316081292593989,7.79986970710096,-1.2514004565273922,-0.6484309913619719,0.529704314223427,1.0610322584881071,68.58243728608358,83.51037468530545
18.26548447627112,-11.823908740713874,0.2316081292593989,8.217704070573259,-1.2514004565273922,-0.6802247911208165,0.5150028397595565,1.073220910007419,65.74298255526611,83.51037468530545
18.81542496760608,-12.150536404826024,0.2316081292593989,7.717361789376024,-1.2514004565273922,-0.6484309913619719,0.529704314223427,1.0610322584881071,68.58243728608358,83.51037468530545
17.5047352879701,-12.097297940575409,0.2289719801452922,8.217704070573259,-1.2514004565273922,-0.7722594934219946,0.5150028397595565,1.262040464931583,73.65001465522397,83.51037468530545
17.5047352879701,-11.828400022388053,0.2316081292593989,8.217704070573259,-1.2514004565273922,-0.6814307186315305,0.5150028397595565,1.262040464931583,68.99240826281152,83.51037468530545
18.283932473063917,-12.150536404826024,0.2316081292593989,7.800593834647191,-1.2514004565273922,-0.6489064463121839,0.529704314223427,1.0610322584881071,68.58243728608358,83.51037468530545
18.283932473063917,-12.150536404826024,0.2316081292593989,7.611332041350025,-3.6394941215834287,-0.6489064463121839,0.529704314223427,1.0610322584881071,68.58243728608358,83.51037468530545
18.130529816411205,-12.150536404826024,0.2316081292593989,7.800593834647191,-0.291730837432274,-0.6488064771872004,0.529704314223427,1.0610322584881071,68.58243728608358,83.51037468530545
18.130529816411205,-12.150536404826024,0.2316081292593989,7.707794128330864,-0.291730837432274,-0.6484352516526557,0.529704314223427,1.0610322584881071,68.58243728608358,83.51037468530545
18.283932473063917,-12.150536404826024,0.2316081292593989,7.800593834647191,-1.2514004565273922,-0.6489064463121839,0.529704314223427,1.0610322584881071,66.71932068856657,83.51037468530545
18.361300866957517,-17.29297028665747,0.2316081292593989,7.800593834647191,-1.2514004565273922,-0.6489064463121839,0.5302029581712897,1.0610322584881071,69.20978239719034,83.51037468530545
18.13948616226316,-12.150536404826024,0.2300155182095265,7.687929490895769,-0.2871552019172618,-0.6040760249628818,0.529704314223427,1.0610322584881071,68.58243728608358,83.51037468530545
18.27942596560832,-12.150536404826024,0.2300464343589541,7.687929490895769,-0.2871552019172618,-0.6040760249628818,0.529704314223427,1.0610322584881071,68.58243728608358,83.51037468530545
18.283932473063917,-12.150536404826024,0.2316081292593989,7.731139307369894,-1.2514004565273922,-0.6489064463121839,0.529704314223427,1.0610322584881071,66.71932068856657,83.51037468530545
18.033201597284908,-12.150536404826024,0.2316081292593989,7.719460059193327,-0.1974689191650629,-0.6487585776629866,0.529704314223427,1.0610322584881071,58.00242352771713,83.51037468530545
18.283932473063917,-11.792244422802362,0.2300454100360879,7.797835098231303,-1.2514004565273922,-0.6815579809871817,0.529704314223427,1.0610322584881071,68.58243728608358,82.89840689837658
18.130529816411205,-12.150536404826024,0.2316081292593989,7.812512453058932,-0.2033282673296046,-0.6488064771872004,0.529704314223427,1.0610322584881071,68.32518221229466,83.51037468530545
18.115675378672,-12.150536404826024,0.2316081292593989,7.790663355298733,-1.2514004565273922,-0.6489064463121839,0.529704314223427,1.0610322584881071,66.71932068856657,83.51037468530545
18.272857924748976,-12.150536404826024,0.2179606216205979,7.812512453058932,-1.202914561333854,-0.6488051055328365,0.529704314223427,1.0610322584881071,68.32518221229466,83.51037468530545
18.033201597284908,-11.811435851158462,0.2316081292593989,7.702391361895501,-1.6767698349822575,-0.6487585776629866,0.529704314223427,1.0610322584881071,59.14439222962628,79.45411297570487
18.033201597284908,-12.150536404826024,0.2316081292593989,7.803453907526887,0.0479558491073923,-0.6488858042140264,0.529704314223427,1.0610322584881071,58.00242352771713,83.51037468530545
18.276066407419023,-12.150536404826024,0.2316081292593989,7.800593834647191,-0.3340641548974279,-0.7405852888043143,0.1915692128164214,1.0610322584881071,68.58243728608358,83.51037468530545
17.5047352879701,-10.776349113842397,0.2132890802827226,7.764289142471771,-1.2514004565273922,-0.6489064463121839,0.531352977581637,1.0750405991150056,45.66809178823735,83.51037468530545
17.5047352879701,-11.828400022388053,0.2285668017366093,7.883512907010239,-1.3350256830984897,-0.6489064463121839,0.4427474898961512,1.040368744968834,81.870085781059,79.43267677684534
19.537882989173266,-12.150536404826024,0.2316081292593989,7.719460059193327,-0.1974689191650629,-0.6488139044468585,0.529704314223427,1.0610322584881071,58.00242352771713,85.99926054460148
18.129155471281287,-12.150536404826024,0.2316081292593989,7.811564632245595,-1.8027955589404456,-0.6489179449971717,0.529704314223427,1.0610322584881071,68.32518221229466,83.51037468530545
17.5047352879701,-10.776349113842397,0.2132890802827226,7.8126801090058,-1.2514004565273922,-0.6489064463121839,0.531352977581637,1.075678314964158,48.29720950414239,83.51037468530545
17.5047352879701,-11.956911032344705,0.2134862823316905,7.8126801090058,-1.2514004565273922,-0.6489064463121839,0.531352977581637,1.075740829719697,47.3172598917765,83.51037468530545
17.5047352879701,-11.828400022388053,0.2285668017366093,7.883512907010239,-0.0493309518699369,-0.6489064463121839,0.5150091770561334,1.040368744968834,81.08346016076763,79.28086765996967
18.33516008415222,-12.189733046750778,0.2280472719844478,7.909905082026754,0.0153476324862307,-0.6489064463121839,0.529704314223427,1.0610322584881071,80.18279251225272,83.51037468530545
17.5047352879701,-11.819541699673596,0.232210586310319,7.883512907010239,-0.0493309518699369,-0.6488162824744677,0.5312366506669548,1.0606945934945695,84.03427510085493,83.90147689230632
17.5047352879701,-11.542299358606677,0.2134862823316905,7.8126801090058,-1.5992962905956514,-0.6489064463121839,0.515180276632859,1.075740829719697,45.73280391507461,79.6907597899968
17.5047352879701,-10.894109840374506,0.2392798932077835,7.81306710997956,-0.0493309518699369,-0.6514545871904343,0.5169649052762284,1.040368744968834,82.44221670963094,79.13468916949093
17.5047352879701,-11.542299358606677,0.2142771985406583,7.8126801090058,-1.5992962905956514,-0.4301133081098587,0.515180276632859,1.075740829719697,80.40964025215894,79.70804738717766
17.5047352879701,-11.777339273017551,0.2275751023134948,7.883512907010239,-0.0493309518699369,-0.6489064463121839,0.5150091770561334,1.040368744968834,81.86783816213622,79.28086765996967
17.5047352879701,-11.819541699673596,0.2285013418983844,7.883512907010239,-0.0493309518699369,-0.6489059948990588,0.5142788836912084,1.0384625909929337,83.95224620418443,83.90147689230632
18.08331054360763,-12.12621907517733,0.2316081292593989,8.190892410291795,0.0042891024976619,-0.6489165957826125,0.529704314223427,1.0610322584881071,68.32518221229466,83.43835776108432
17.380810361045192,-10.44407430260576,0.2132890802827226,7.791972217647402,-1.2514004565273922,-0.6360168399879647,0.531352977581637,1.0713325864242995,48.29720950414239,83.51037468530545
18.349851891953,-11.535322266739122,0.2135059735939343,7.882380110830663,-1.2514004565273922,-0.6489064463121839,0.531352977581637,1.075678314964158,48.31990959563612,83.51037468530545
18.033201597284908,-12.150536404826024,0.2316081292593989,7.812591339650822,0.0479558491073923,-0.6487924538246398,0.529704314223427,1.0610322584881071,58.81952578638257,83.51037468530545
17.5047352879701,-12.01146891964114,0.215533481662533,7.883512907010239,-0.107087849045854,-0.6488162824744677,0.5312366506669548,1.0606945934945695,84.35759248198698,83.87431546077606
17.57962520152482,-14.049780886787731,0.2142771985406583,7.798120164558668,-0.2853887743441952,-0.3410985968603373,0.515180276632859,1.075740829719697,80.40964025215894,83.34437084344867
17.5047352879701,-15.373630922453971,0.2134862823316905,7.883968235050837,-1.5368996013426113,-0.6489064463121839,0.5309564757255005,1.0789077420625717,76.85247092015146,83.51037468530545
17.5047352879701,-11.715134082585964,0.2156876042963779,7.883512907010239,-0.1132874556461551,-0.6489132234988751,0.5160425224539713,1.040368744968834,80.92022355047266,79.72043035224434
17.5047352879701,-11.828400022388053,0.2285668017366093,7.883512907010239,-0.0493309518699369,-0.6489064463121839,0.5150091770561334,1.040368744968834,81.870085781059,79.28086765996967
17.380810361045192,-10.44407430260576,0.2132890802827226,7.791972217647402,-1.2514004565273922,-0.6369949955973281,0.531352977581637,1.0609411032795495,48.29720950414239,83.51037468530545
17.5047352879701,-11.557173409717434,0.2141109903493458,7.883512907010239,-1.6629314693895232,-0.6489064463121839,0.5028882727928703,1.040368744968834,80.27575445061305,79.28086765996967
17.5047352879701,-11.777339273017551,0.2275751023134948,7.883512907010239,-0.0493309518699369,-0.6489064463121839,0.5150091770561334,1.0285328442907689,81.86783816213622,79.28086765996967
17.5047352879701,-11.779652713739196,0.2134862823316905,7.8126801090058,-1.5992962905956514,-0.6489064463121839,0.5150165598926266,1.075740829719697,45.73280391507461,79.68973790427611
17.5047352879701,-11.8221633689229,0.2275751023134948,7.883512907010239,-0.0493309518699369,-0.6489064463121839,0.5150091770561334,1.040368744968834,81.86783816213622,79.28086765996967
17.5047352879701,-10.776349113842397,0.2132890802827226,7.764289142471771,-0.2403536157766908,-0.6489064463121839,0.5313538723126612,1.0749968443485989,79.9218978100387,83.51037468530545
17.5047352879701,-12.01146891964114,0.215533481662533,7.883512907010239,-0.1033629905144177,-0.6488162824744677,0.5312366506669548,1.0277698000099795,84.22861886789192,83.87431546077606
17.5047352879701,-11.828400022388053,0.2285668017366093,7.883512907010239,-0.0493309518699369,-0.6489064463121839,0.5150091770561334,1.040368744968834,81.870085781059,79.28086765996967
17.5047352879701,-11.819541699673596,0.232210586310319,7.883512907010239,-0.0493309518699369,-0.6488162824744677,0.5312366506669548,1.186780645517033,84.03427510085493,83.90147689230632
18.22137772021229,-11.956911032344705,0.2282308147217579,7.8126801090058,-1.2514004565273922,-0.6489064463121839,0.5130513334511335,1.0751536496428715,81.91915790175142,83.25136811094721
17.5047352879701,-11.542299358606677,0.2100708942688008,7.8126801090058,-1.1633553278657445,-0.6489064463121839,0.515180276632859,1.075740829719697,45.73280391507461,79.6907597899968
17.5047352879701,-11.777339273017551,0.2263930931221338,7.797886664352909,-1.5267040730358037,-0.6489064463121839,0.515810322993228,1.0285328442907689,81.86783816213622,83.77327729526692
17.5047352879701,-11.828400022388053,0.2285668017366093,7.883512907010239,-0.0493309518699369,-0.6489064463121839,0.5150091770561334,1.040368744968834,81.08346016076763,79.28086765996967
17.5047352879701,-11.829882029514124,0.2275609513205887,7.883512907010239,-0.0493309518699369,-0.6489064463121839,0.5150091770561334,1.040368744968834,81.87004420331692,79.28086765996967
17.5047352879701,-11.829882029514124,0.2279372700921947,7.79865844599658,-2.803166005438161,-0.6489064463121839,0.5150091770561334,1.040368744968834,51.20895597845538,79.28086765996967
17.5047352879701,-11.828400022388053,0.2285668017366093,7.883512907010239,-0.0493309518699369,-0.6489064463121839,0.5150091770561334,1.040368744968834,81.86220165015013,79.28086765996967
18.094753979268624,-11.542299358606677,0.2100708942688008,7.8126801090058,-1.1633553278657445,-0.6489064463121839,0.515180276632859,1.0760130538362451,47.38680585960958,79.68321286233324
17.5047352879701,-11.779652713739196,0.2134862823316905,7.872155415678609,-1.378841053450392,-0.6489064463121839,0.5150165598926266,1.075756384844747,42.05499308884686,79.68973790427611
17.5047352879701,-11.828400022388053,0.2285668017366093,7.96932977844364,-0.0493309518699369,-0.6489064463121839,0.513414543698431,1.0165722476434296,81.91027428973246,79.28086765996967
17.5047352879701,-11.828400022388053,0.222634192427674,7.883512907010239,-0.0493309518699369,-0.7516183978264039,0.7473959187956738,1.040368744968834,81.870085781059,79.28086765996967
17.5047352879701,-11.828400022388053,0.2285668017366093,7.883512907010239,-0.0493309518699369,-0.6534197823432322,0.5150091770561334,1.040368744968834,81.86220165015013,80.82260338483746
17.5047352879701,-11.542299358606677,0.2134862823316905,7.813413654745407,-1.5992962905956514,-0.6489064463121839,0.515180276632859,1.022737832780413,89.0518853167685,79.6907597899968
17.5047352879701,-11.875578396016175,0.2283322965530093,7.799132341739565,0.0467520187608556,-0.6489064463121839,0.5151861782477898,1.040368744968834,47.12668052283635,81.33153178589426
17.014830008930268,-11.828400022388053,0.2285668017366093,7.883512907010239,-0.2098886789806151,-0.5477748155352187,0.5150091770561334,1.040368744968834,87.17695125935228,79.28086765996967
17.5047352879701,-11.777339273017551,0.2263930931221338,6.990687766549758,-1.5267040730358037,-0.6489064463121839,0.515810322993228,1.0416355289451524,81.86783816213622,83.77327729526692
17.5047352879701,-11.830132801947158,0.2275609513205887,7.883512907010239,-0.0493309518699369,-0.6489064463121839,0.5150091770561334,1.040368744968834,81.87004420331692,78.22329418309147
17.5047352879701,-11.790221717971356,0.2282441844812344,7.882075876285192,0.0286534593858398,-0.6218645091298218,0.5151910915493387,1.077085371209747,81.86783816213622,79.72944852346357
17.5047352879701,-11.74948636689114,0.2134862823316905,7.889809981186261,-1.6098195562370758,-0.6489064463121839,0.3383525777941953,1.022737832780413,89.0518853167685,79.6907597899968
17.5047352879701,-11.828400022388053,0.2285668017366093,7.883512907010239,-0.0493309518699369,-0.6488077212641932,0.5150091770561334,1.040368744968834,82.16551194731542,73.51624592010887
17.5047352879701,-11.790221717971356,0.2282441844812344,7.883526321580511,-0.048992740586133,-0.6218645091298218,0.5151910915493387,1.077085371209747,81.86783816213622,80.6972732668928
17.5047352879701,-11.828400022388053,0.2285668017366093,7.883512907010239,-0.0493309518699369,-0.6489064463121839,0.5150091770561334,1.040368744968834,81.870085781059,79.28086765996967
17.5047352879701,-11.777339273017551,0.2270370042610664,6.390453370625387,-0.0493309518699369,-0.5771564589878613,0.5150091770561334,1.0285328442907689,81.86783816213622,79.28086765996967
17.5047352879701,-11.875578396016175,0.2283322965530093,7.799132341739565,0.0467520187608556,-0.6489064463121839,0.5151861782477898,1.040368744968834,47.12668052283635,81.33153178589426
17.5047352879701,-11.8285503623128,0.2263930931221338,7.06770747075926,-1.5267040730358037,-0.6489064463121839,0.515810322993228,1.0407821428013415,81.86756302325568,83.77327729526692
17.5047352879701,-11.8221633689229,0.2275751023134948,7.883512907010239,-0.0493309518699369,-0.6489064463121839,0.5150091770561334,1.040368744968834,81.86783816213622,83.26424926856002
17.5047352879701,-11.828400022388053,0.2286070593579508,7.883512907010239,-0.0493309518699369,-0.6488077212641932,0.5150091770561334,1.040368744968834,73.01869441437279,73.51624592010887
17.5047352879701,-11.828400022388053,0.2285668017366093,7.883512907010239,-0.0493309518699369,-0.6066811316549667,0.5150091770561334,1.040368744968834,81.870085781059,79.1354704404883
17.5047352879701,-11.828400022388053,0.2285668017366093,7.883512907010239,0.0115292835667268,-0.6489064463121839,0.5150091770561334,1.040368744968834,81.08346016076763,79.28086765996967
17.5047352879701,-11.828400022388053,0.2285668017366093,7.883512907010239,-0.0493309518699369,-0.6489064463121839,0.5150091770561334,1.040368744968834,81.08346016076763,79.28086765996967
17.5047352879701,-11.828400022388053,0.2285668017366093,8.166942889024973,-0.0493309518699369,-0.6489064463121839,0.5150091770561334,1.038984455955489,81.870085781059,79.28086765996967
17.5047352879701,-11.828395084513495,0.2275883693823961,7.883512907010239,-0.0493309518699369,-0.6489064463121839,0.5150091770561334,1.040368744968834,81.86783816213622,79.28086765996967
17.5047352879701,-11.828400022388053,0.2285668017366093,7.883512907010239,-0.0493309518699369,-0.6489064463121839,0.5150091770561334,1.040368744968834,81.870085781059,79.28086765996967
17.5047352879701,-11.828400022388053,0.2285668017366093,7.883512907010239,-0.0493309518699369,-0.6489064463121839,0.5150091770561334,1.040368744968834,81.870085781059,79.28086765996967
17.5047352879701,-11.777339273017551,0.2275751023134948,7.883512907010239,-0.0493309518699369,-0.6489064463121839,0.4247528490722181,1.0115125900117228,81.86783816213622,79.28086765996967
17.014830008930268,-11.828400022388053,0.2285668017366093,7.883512907010239,-0.2142955408080098,-0.5477748155352187,0.5150091770561334,1.040368744968834,64.0602034072324,79.28086765996967
17.5047352879701,-11.828400022388053,0.2285668017366093,7.883512907010239,-0.0493309518699369,-0.6489064463121839,0.5150091770561334,1.040368744968834,81.08346016076763,79.28086765996967
17.5047352879701,-12.087460840965605,0.2285668017366093,7.883512907010239,-0.0493309518699369,-0.6497831672023704,0.5150091770561334,1.040368744968834,62.13896124478083,79.28086765996967
17.5047352879701,-11.77502931330867,0.2275883693823961,7.883512907010239,-0.0493309518699369,-0.6489064463121839,0.5150091770561334,1.040368744968834,81.86783816213622,79.28086765996967
17.5047352879701,-11.828400022388053,0.2285668017366093,7.883512907010239,0.5790044485563701,-0.6489064463121839,0.5150091770561334,1.040368744968834,87.9514245480409,79.28086765996967
17.229725149914607,-11.828400022388053,0.2285668017366093,7.883512907010239,-0.0493309518699369,-0.6489064463121839,0.5150091770561334,1.040368744968834,81.870085781059,79.64958008353322
17.5047352879701,-11.38493600196873,0.2285668017366093,7.883512907010239,-0.0493309518699369,-0.6489064463121839,0.5150091770561334,1.040368744968834,81.870085781059,79.28086765996967
17.5047352879701,-11.777339273017551,0.2275751023134948,7.883512907010239,1.899059323688464,-0.6489064463121839,0.5150091770561334,1.0285328442907689,81.86783816213622,79.28086765996967
17.5047352879701,-11.38493600196873,0.2285666165145675,7.883512907010239,-0.0493309518699369,-0.6489064463121839,0.5150091770561334,1.040368744968834,72.04877010527792,79.28086765996967
17.5047352879701,-11.828400022388053,0.2286070593579508,7.351257542215041,-0.0493309518699369,-0.6488077212641932,0.5150091770561334,1.040368744968834,62.68813394640395,73.51624592010887
17.5047352879701,-11.8221633689229,0.2285502383272449,7.883512907010239,-0.0493309518699369,-0.6489064463121839,0.5150091770561334,1.040368744968834,81.10470025589706,79.28086765996967
17.229725149914607,-11.828400022388053,0.2285668017366093,7.883512907010239,-0.0493309518699369,-0.6489064463121839,0.5150091770561334,1.056887282659451,81.870085781059,79.64958008353322
17.5047352879701,-11.777339273017551,0.2275751023134948,7.883512907010239,-0.0493309518699369,-0.6489064463121839,0.0762355763887254,1.040368744968834,81.86783816213622,79.28086765996967
17.5047352879701,-11.828400022388053,0.2285668017366093,7.883512907010239,-0.0493309518699369,-0.6489064463121839,0.5150091770561334,1.040368744968834,81.870085781059,79.32006658430019
17.5047352879701,-11.730995796943072,0.2285668017366093,6.710257375069752,-0.0493309518699369,-0.6489064463121839,0.5150091770561334,1.040368744968834,81.870085781059,79.28086765996967
17.25090246820678,-11.828400022388053,0.2285668017366093,7.883512907010239,-0.0493309518699369,-0.6489064463121839,0.5150091770561334,1.040368744968834,81.870085781059,79.28086765996967
17.08559757653297,-11.825958374561717,0.2466117814149175,7.883512907010239,-0.0493309518699369,-0.6613255408553904,0.5150091770561334,1.0495547065417103,82.0564763486463,79.28086765996967
17.5047352879701,-11.777339273017551,0.2285272318045104,7.883512907010239,1.3716646092521358,-0.6521440555130392,0.5150091770561334,1.0412910170527214,81.82191920992085,78.39945089528767
17.5047352879701,-11.38493600196873,0.2285668017366093,7.883512907010239,-0.0493309518699369,-0.6489064463121839,0.5150091770561334,1.040368744968834,81.870085781059,79.28086765996967
17.5047352879701,-11.38493600196873,0.2285668017366093,7.883512907010239,-1.0692278945489182,-0.6489064463121839,0.5150091770561334,1.040368744968834,81.870085781059,79.28086765996967
17.5047352879701,-18.247816505609368,0.2285668017366093,7.883512907010239,0.1868134357810404,-0.6489064463121839,0.5150091770561334,1.01885553726662,81.08346016076763,79.28086765996967
17.5047352879701,-10.902075041742044,0.2285668017366093,7.883512907010239,-0.0493309518699369,-0.6489064463121839,0.5150091770561334,1.040368744968834,81.870085781059,79.28086765996967
17.5047352879701,-11.7764673060042,0.2275751023134948,7.883512907010239,-0.0493309518699369,-0.6489064463121839,0.5150091770561334,1.0285328442907689,81.86783816213622,79.2812675507389
17.5047352879701,-11.38493600196873,0.2285520338640611,7.883512907010239,-1.0692278945489182,-0.6489064463121839,0.5150091770561334,1.040368744968834,81.86789312535285,79.28086765996967
17.5047352879701,-11.828400022388053,0.2285668017366093,4.466566772312422,-0.0493309518699369,-0.6489064463121839,0.4726919793657871,1.040368744968834,81.08346016076763,79.28086765996967
17.5047352879701,-11.828400022388053,0.2285724851825053,7.883512907010239,-0.0493309518699369,-0.6488077212641932,0.5150091770561334,1.040368744968834,81.41136263612799,74.34057550565122
17.5047352879701,-11.828400022388053,0.2285668017366093,7.883512907010239,-0.0493309518699369,-0.6489064463121839,0.5150091770561334,1.040368744968834,81.08346016076763,79.28086765996967
17.5047352879701,-11.777339273017551,0.2254579167659783,7.883512907010239,-0.0493309518699369,-0.6489064463121839,0.5150091770561334,1.040368744968834,81.86783816213622,79.28086765996967
18.062380923135287,-16.04611895937415,0.2441321348684322,7.883512907010239,-0.0493309518699369,-0.6489064463121839,0.5150091770561334,1.040368744968834,83.56819114199479,79.28086765996967
17.5047352879701,-11.828400022388053,0.2285668017366093,7.883512907010239,-0.0493309518699369,-0.6489064463121839,0.5150091770561334,1.040368744968834,81.82916214027594,80.96166604230038
17.5047352879701,-11.828400022388053,0.2286070593579508,7.883512907010239,-0.0493309518699369,-0.6488077212641932,0.5150091770561334,1.040368744968834,73.01869441437279,75.71577527410518
17.5047352879701,-8.057609315805774,0.2285668017366093,7.883512907010239,-0.0493309518699369,-0.6489064463121839,0.5783468165843857,1.040368744968834,81.870085781059,80.50495623830358
13.122318216546653,-11.828400022388053,0.2286041679755799,7.883512907010239,-0.0493309518699369,-0.6488077212641932,0.5150091770561334,1.040368744968834,73.08034511339591,72.69017849021255
17.5047352879701,-11.825790229481273,0.2275883693823961,7.883512907010239,-0.0493309518699369,-0.6489064463121839,0.5150091770561334,1.040368744968834,81.86783816213622,79.28086765996967
17.5047352879701,-11.8221633689229,0.2285502383272449,7.883512907010239,-0.0493309518699369,-0.6489064463121839,0.5150091770561334,1.040368744968834,81.10470025589706,79.28086765996967
17.5047352879701,-11.777339273017551,0.2275751023134948,7.883512907010239,-0.0493309518699369,-0.6489064463121839,0.5150091770561334,1.0285328442907689,81.86783816213622,79.28086765996967
14.44063240389361,-11.82839541980544,0.2286829310883074,7.883512907010239,-0.0493309518699369,-0.6489064463121839,0.5150091770561334,1.040368744968834,82.56169108699561,79.2763337568595
17.5047352879701,-11.8221633689229,0.2081322230242185,7.175896939013548,-0.0493309518699369,-0.6489064463121839,0.5150091770561334,1.040368744968834,81.10470025589706,79.28086765996967
15.681976542502902,-11.892051293344696,0.2285668017366093,7.883512907010239,-0.9696724150484322,-0.6489064463121839,0.5150091770561334,1.040368744968834,81.870085781059,79.64927563866986
17.05762510293514,-11.828400022388053,0.2285668017366093,8.70794874674963,-0.0493309518699369,-0.6489064463121839,0.4890089918078633,1.0450413803754022,81.84667065285984,74.47096135361481
17.197127038603178,-11.828400022388053,0.2285668017366093,7.883512907010239,-0.0493309518699369,-0.6489064463121839,0.5150091770561334,1.060737323431205,81.870085781059,79.41622550591906
17.5047352879701,-11.38493600196873,0.2285668017366093,7.883512907010239,-1.4742879727999707,-0.6028991990868375,0.5150091770561334,1.0128877531657798,81.870085781059,82.12908007864526
17.5047352879701,-11.38493600196873,0.2285668017366093,7.883512907010239,-1.2249591166889573,-0.6028991990868375,0.5150091770561334,1.0128877531657798,79.75797058858254,79.75039841530057
17.5047352879701,-11.828400022388053,0.2285668017366093,6.643803407513712,-0.0982769289888452,-0.6489064463121839,0.5150091770561334,1.040368744968834,81.08715611750591,79.28086765996967
18.728803039632417,-11.38493600196873,0.2285668017366093,7.883512907010239,-1.2525142571781718,-0.6028991990868375,0.5150091770561334,1.0128877531657798,79.75797058858254,79.75987802541897
11.420382236384658,-11.828400022388053,0.2285495630248878,7.883512907010239,-0.0493309518699369,-0.6488077212641932,0.5150091770561334,1.040368744968834,73.01869441437279,79.13083253611106
17.5047352879701,-11.828400022388053,0.2285668017366093,7.883512907010239,0.7140231933641523,-0.6489064463121839,0.5150091770561334,1.042770775178926,81.08346016076763,81.52549867713674
17.5047352879701,-11.828400022388053,0.2286068789763136,7.844322773113987,-0.0493309518699369,-0.6488077212641932,0.5150091770561334,1.0388628804369793,73.01869441437279,73.51624592010887
17.229725149914607,-11.828400022388053,0.2285668017366093,7.883512907010239,0.1077850769160377,-0.6489064463121839,0.5150091770561334,1.040368744968834,67.83885678669853,79.64958008353322
17.5047352879701,-11.828400022388053,0.2285668017366093,7.883512907010239,-0.0493309518699369,-0.6489064463121839,0.6910283494710527,1.0451166736028783,81.70547210125801,79.28086765996967
15.95829663701432,-10.885246669465523,0.2285668017366093,7.883512907010239,-0.0493309518699369,-0.6489064463121839,0.5150091770561334,1.040368744968834,81.870085781059,79.26584536593775
16.764679483037924,-11.38493600196873,0.2285668017366093,9.662606202914098,-1.2249591166889573,-0.6481153562102923,0.5150091770561334,1.0128877531657798,80.23655076333787,79.52082961844995
17.5047352879701,-11.828400022388053,0.227515191565737,7.883512907010239,-0.0493309518699369,-0.6488077212641932,0.5150091770561334,1.040368744968834,83.7249610312667,73.51624592010887
17.5047352879701,-11.828395084513495,0.2032469659508688,7.883512907010239,-0.0493309518699369,-0.6489064463121839,0.5150091770561334,1.040368744968834,81.86783816213622,79.28086765996967
17.5047352879701,-11.828400022388053,0.2285668017366093,7.883512907010239,-0.0493309518699369,-0.5928579174388459,0.5150091770561334,1.0397086893091874,81.08346016076763,79.7232570951991
17.5047352879701,-11.82840014994548,0.2275883693823961,7.883512907010239,-0.0493309518699369,-0.6489064463121839,0.5150091770561334,1.040368744968834,59.74971805601013,79.28086765996967
17.5047352879701,-11.828395084513495,0.2275883693823961,7.883512907010239,-0.0493309518699369,-0.6489064463121839,0.5150091770561334,1.040368744968834,81.86783816213622,79.28086765996967
17.5047352879701,-11.828400022388053,0.2286070593579508,7.883512907010239,-0.0493309518699369,-0.6488077212641932,0.5150091770561334,1.040368744968834,73.01869441437279,73.51624592010887
17.014830008930268,-11.828400022388053,0.2285260070406737,7.883512907010239,-0.2142955408080098,-0.6395763310670437,0.5150091770561334,1.040368744968834,87.82618938173533,79.28086765996967
17.5047352879701,-11.777339273017551,0.2377187997865626,7.883512907010239,-0.0493309518699369,-0.6489064463121839,0.5150091770561334,1.040368744968834,81.8678193315919,79.68581279039726
17.5047352879701,-11.82840014994548,0.2388635060074286,7.883512907010239,-0.0493309518699369,-0.6489064463121839,0.5150091770561334,1.040368744968834,86.34568258888817,79.28086765996967
17.5047352879701,-11.82839508502236,0.2287982173257671,7.883512907010239,-0.0493309518699369,-0.6489062639678846,0.5150091770561334,1.040368744968834,81.27968670039746,80.65834865678829
17.52072154139784,-11.272339978017362,0.2285668017366093,7.883512907010239,-1.2249591166889573,-0.603575355337044,0.5150091770561334,1.0410254547338813,79.75797058858254,79.63343507078375
17.5047352879701,-11.828400022388053,0.2285668017366093,7.883512907010239,-0.0493309518699369,-0.5970529551567427,0.5150091770561334,1.038399442425032,76.65665701191242,79.41543303506361
17.5047352879701,-11.828394645710633,0.2275883693823961,7.883512907010239,-0.0493309518699369,-0.6259090736645947,0.4783472779138771,1.040368744968834,81.86783816213622,79.28086765996967
17.5047352879701,-11.828399971445782,0.2283340348894677,7.883512907010239,-0.0493309518699369,-0.6489064463121839,0.5150091770561334,1.040368744968834,81.86783816213622,79.28086765996967
17.5047352879701,-11.828395084513495,0.2275756455007954,7.883512907010239,-0.0493309518699369,-0.6489064463121839,0.5150091770561334,1.040368744968834,81.86783816213622,77.59146571677064
17.5047352879701,-11.813701766846956,0.2285668017366093,7.883512907010239,0.4656792070615445,-0.6028991990868375,0.5150091770561334,1.0307166557940195,79.62372250133771,79.75039841530057
17.5047352879701,-11.828395084513495,0.2277123762374786,7.883512907010239,-0.0493309518699369,-0.6489413994420679,0.5150091770561334,1.040368744968834,81.86783816213622,79.28086765996967
17.5047352879701,-11.789367790631388,0.2275309551679623,7.868690056394104,-0.0493309518699369,-0.8367819422349752,0.5150091770561334,1.040394664149635,81.19141827241666,79.28086765996967
17.5047352879701,-11.828400076490828,0.2286070593579508,7.883512907010239,-0.0493309518699369,-0.6488077212641932,0.7538803722979099,1.040368744968834,73.01869441437279,79.11135191292476
17.5047352879701,-11.808843969726617,0.2072010128750484,7.883512907010239,-0.0493309518699369,-0.6488077212641932,0.5150091770561334,1.040368744968834,73.13212123274084,80.21682793748315
17.5047352879701,-11.449000013021982,0.2276650560075973,7.883512907010239,0.0007480394044652,-0.6028991990868375,0.5150091770561334,1.0128877531657798,79.79816821074758,79.75039841530057
17.5047352879701,-11.828401615336997,0.2275883693823961,7.883512907010239,-0.0493309518699369,-0.6489064463121839,0.5150091770561334,1.040368744968834,80.83886929536644,79.28086765996967
16.899595591835094,-13.505314498068548,0.2276650560075973,7.883512907010239,-0.1814343003355354,-0.6048459325973616,0.5150091770561334,1.0128877531657798,85.97625324233553,79.75039841530057
17.5047352879701,-11.828395084513495,0.2275883693823961,7.883512907010239,-0.0493309518699369,-0.6489064463121839,0.5150091770561334,1.040368744968834,81.86783816213622,79.28086765996967
17.5047352879701,-11.828400022388053,0.2285668017366093,6.333207148860321,-0.2201236416004821,-0.6489064463121839,0.5150091770561334,1.040368744968834,81.870085781059,79.28086765996967
17.5047352879701,-11.449000013021982,0.1962208042415214,7.883512907010239,0.0007480394044652,-0.650380803162917,0.5150091770561334,1.0128877531657798,79.79816821074758,79.75039841530057
17.5047352879701,-11.828395084513495,0.2275883693823961,7.883512907010239,-0.0493309518699369,-0.6489064463121839,0.5150091770561334,1.040368744968834,81.86783816213622,79.28086765996967
17.5047352879701,-11.91816759173934,0.2276650560075973,7.883512907010239,-0.0005799797475223,-0.6008972666766861,0.5780856396937764,1.0407836835453306,88.95145933301987,79.3041929028519
18.58343770086676,-11.828400022388053,0.2285668017366093,7.883512907010239,-0.0493309518699369,-0.6489064463121839,0.5150091770561334,1.040368744968834,82.00166848709381,79.25610458005036
18.521378068747097,-11.828395084513495,0.2275883693823961,7.883512907010239,-0.0493309518699369,-0.6489064463121839,0.5150091770561334,1.040368744968834,81.86783816213622,79.28086765996967
17.716940324856317,-11.828400022388053,0.2286099611939158,6.144025668592754,-0.2142955408080098,-0.5237766439048055,0.5150091770561334,1.040368744968834,64.0602034072324,78.86828347441127
17.5047352879701,-11.828395084513495,0.2275883693823961,7.883512907010239,-0.0493309518699369,-0.6489064463121839,0.5150091770561334,1.040368744968834,81.86783816213622,80.72141056993601
17.5047352879701,-11.39274156742114,0.2275787236325736,7.883512907010239,-0.0493309518699369,-0.6497902811131497,0.5150091770561334,1.0397154278585,79.7311253409978,79.31099992829218
17.5047352879701,-11.828400022388053,0.2286070593579508,7.883512907010239,-0.0493309518699369,-0.6488077212641932,0.5150091770561334,1.040368744968834,73.01869441437279,73.51624592010887
17.5047352879701,-11.828399939192586,0.2275883693823961,7.883512907010239,-0.0493309518699369,-0.6489064463121839,0.5150091770561334,1.040368744968834,81.17019972477709,79.28086765996967
17.5047352879701,-11.828395005743582,0.2488899975819226,7.883512907010239,-0.0493309518699369,-0.6489064463121839,0.5150091770561334,1.040368744968834,59.153438463678526,79.22114034626111
17.5047352879701,-11.828400022388053,0.2286070593579508,7.883512907010239,-0.0493309518699369,-0.6489079512976856,0.5150091770561334,1.040368744968834,73.01869441437279,73.51624592010887
17.5047352879701,-11.38493600196873,0.2285668017366093,7.883512907010239,-1.0692278945489182,-0.8117822282748042,0.5150091770561334,1.040368744968834,81.870085781059,79.28086765996967
17.5047352879701,-11.8221633689229,0.2285502383272449,7.883512907010239,-0.0493309518699369,-0.5221816609360661,0.5150091770561334,1.0301547793594388,81.10470025589706,79.28086765996967
19.20488799780928,-11.828395110232677,0.2275756455007954,7.883512907010239,-0.0493309518699369,-0.6489064463121839,0.5150091770561334,1.040368744968834,82.05133969652238,77.59146571677064
17.5047352879701,-11.828399590481482,0.2275586767279985,7.883512907010239,-0.0493309518699369,-0.6489064463121839,0.5150091770561334,1.040368744968834,81.12338027335039,79.28086765996967
17.5047352879701,-11.828392172048371,0.2286687419352573,7.883512907010239,-0.0493309518699369,-0.6489064463121839,0.5150091770561334,1.040368744968834,81.04524079515701,79.28086765996967
17.5047352879701,-11.449000013021982,0.2277381857373726,7.635185256030581,0.0007480394044652,-0.6028991990868375,0.5150091770561334,1.0128877531657798,79.79816821074758,79.75039841530057
17.5047352879701,-11.828400022388053,0.2564626542553994,7.883512907010239,-0.0493309518699369,-0.6488077212641932,0.5150091770561334,1.040368744968834,73.01869441437279,73.51624592010887
17.5047352879701,-11.828400823804945,0.2459653585981137,7.883512907010239,-0.0493309518699369,-0.6489064463121839,0.5150091770561334,1.040368744968834,81.05112863854737,79.28086765996967
17.5047352879701,-11.777339273017551,0.2275744880683497,7.883512907010239,-0.0493309518699369,-0.6489064463121839,0.4927566701409924,1.0424706733647549,81.86783816213622,79.28086765996967
17.5047352879701,-11.828400250209535,0.2275883693823961,7.883512907010239,-0.0493309518699369,-0.6489064463121839,0.5150091770561334,1.040368744968834,81.86783816213622,66.11251531000497
17.5047352879701,-11.828400766977705,0.2286237354320129,9.082323934625467,-0.0493309518699369,-0.6489064463121839,0.5150091770561334,1.040368744968834,81.86783816213622,79.64965050946302
16.73481228865026,-11.828395084513495,0.2275756455007954,7.883512907010239,-0.0493309518699369,-0.6489064463121839,0.5150091770561334,1.040368744968834,81.94563433211519,77.62730574475873
17.5047352879701,-11.822228249634591,0.2275751023134948,7.883512907010239,-0.0493309518699369,-0.6489064463121839,0.5150091770561334,1.040368744968834,81.86783816213622,79.28086765996967
17.229725149914607,-11.828400022388053,0.2286248948546327,7.883512907010239,-0.0493309518699369,-0.6489064463121839,0.5150091770561334,1.040368744968834,81.870085781059,79.28605138221752
17.5047352879701,-11.829916750075624,0.2275751023134948,7.883512907010239,-0.0493309518699369,-0.6489064463121839,0.5150091770561334,1.0285328442907689,81.86783816213622,82.81285016185312
17.5047352879701,-11.777339273017551,0.2275751023134948,7.883512907010239,-0.0493309518699369,-0.6489064463121839,0.5150091770561334,1.0285328442907689,81.86783816213622,79.28086765996967
17.229725149914607,-11.828400022388053,0.2286248948546327,7.883512907010239,-0.0493309518699369,-0.6489064463121839,0.5150091770561334,1.040368744968834,81.870085781059,79.28605138221752
17.229725149914607,-12.070291724961637,0.2389125367760048,7.883512907010239,-0.0493309518699369,-0.6489064463121839,0.5150091770561334,1.040368744968834,81.870085781059,79.28605138221752
17.229725149914607,-13.075456101826289,0.2286248948546327,7.883512907010239,0.2609681525157974,-0.5290355089723853,0.5481027766156041,1.040368744968834,81.870085781059,79.27951482538596
17.5047352879701,-11.70876453549038,0.2275751023134948,7.883512907010239,-0.0493309518699369,-0.6489064463121839,0.5150091770561334,1.0285328442907689,81.86783816213622,79.28086765996967
17.229725149914607,-11.828400022388053,0.2286248948546327,7.883512907010239,-0.0493309518699369,-0.6489064463121839,0.5150091770561334,1.040368744968834,81.870085781059,79.28605138221752
17.5047352879701,-11.82483470256554,0.2276208221963465,7.883512907010239,-0.0493309518699369,-0.6487991846152124,0.5150091770561334,1.040368744968834,81.70587353560774,73.83070759716279
17.5047352879701,-11.828395084513495,0.2274768602414416,7.883512907010239,-0.0493309518699369,-0.6489064463121839,0.5150091770561334,1.040368744968834,81.13032856437093,77.59146571677064
17.60903903660938,-11.82840001979968,0.2284745861791768,7.883512907010239,-0.0493309518699369,-0.6489064463121839,0.5150091770561334,1.040368744968834,65.07559610456616,79.64958008353322
17.5047352879701,-11.790355951789156,0.2275883693823961,9.6554896590892,-0.0493309518699369,-0.6489064463121839,0.5272400109448452,1.040368744968834,59.74971805601013,79.28086765996967
17.5047352879701,-11.828400022388053,0.2286267519375818,7.883512907010239,-0.0493309518699369,-0.6489169077048584,0.5150091770561334,1.040368744968834,74.90097009520008,73.51624592010887
16.87706574479312,-11.828400022388053,0.2285704590238376,7.883512907010239,1.56866138005185,-0.6488077212641932,0.5150091770561334,1.040368744968834,73.01869441437279,79.22071946843644
17.5047352879701,-11.82840014994548,0.2275883693823961,7.883512907010239,-0.0493309518699369,-0.6488134611993455,0.5150091770561334,1.040368744968834,61.354155778939145,79.28086765996967
17.5047352879701,-11.828400022388053,0.227914110290188,7.201962006664303,-0.0493309518699369,-0.6489064463121839,0.5150091770561334,1.040368744968834,82.2776601951349,79.28086765996967
17.229725149914607,-7.659418936355248,0.2286248948546327,7.883512907010239,-0.0493309518699369,-0.6489064463121839,0.5150091770561334,1.040368744968834,81.870085781059,79.65585383335556
17.5047352879701,-11.82840014994548,0.2275883693823961,7.883512907010239,-0.5433515712884294,-0.5921460743799514,0.5150091770561334,1.040368744968834,59.74971805601013,79.28086765996967
17.5047352879701,-11.828400022388053,0.228565297831541,7.883512907010239,-0.0493309518699369,-0.6489064463121839,0.5150091770561334,1.040368744968834,76.2373507161945,79.28086765996967
17.5047352879701,-11.777339273017551,0.2275751023134948,7.883512907010239,-0.0493309518699369,-0.6489064463121839,0.5150091770561334,1.094683913226612,81.86783816213622,79.93972443702656
17.5047352879701,-11.828400022388053,0.2246239793862907,7.883512907010239,-0.0493309518699369,-0.6488092622755655,0.4261576459520799,1.040368744968834,73.2991480801347,79.28086765996967
17.229725149914607,-8.13210364674456,0.2286248948546327,7.883512907010239,-0.0493309518699369,-0.5978534807687383,0.5150091770561334,1.040368744968834,81.870085781059,79.28605138221752
17.229725149914607,-11.828400022388053,0.2286248948546327,5.695523691059369,-0.0493309518699369,-0.6489064463121839,0.5150091770561334,1.0244610811068244,81.870085781059,79.28605138221752
18.13684285630873,-9.759861253492309,0.2286248948546327,7.883512907010239,-0.0493309518699369,-0.6489064463121839,0.5150091770561334,1.040368744968834,81.870085781059,79.65585383335556
17.50603904542873,-11.38493600196873,0.2203031829781702,7.883512907010239,-0.2590939423223197,-0.6028991990868375,0.5150091770561334,1.0128877531657798,79.75797058858254,79.75039841530057
17.229725149914607,-7.659418936355248,0.228629786072441,7.883512907010239,-0.0493309518699369,-0.6489064463121839,0.5150091770561334,1.040368744968834,81.870085781059,79.65585383335556
17.5047352879701,-12.51276034592252,0.2287842790389001,7.883512907010239,-0.0493309518699369,-0.6489064463121839,0.5150091770561334,1.040368744968834,81.1033220952836,79.28086765996967
17.459961031189295,-11.82840014994548,0.2275883693823961,7.883512907010239,-0.0493309518699369,-0.6489064463121839,0.5150091770561334,1.040368744968834,59.18949700353073,79.19411658466538
17.5047352879701,-11.454916559941994,0.2237672230416111,6.243317272746182,-0.0493309518699369,-0.6489064463121839,0.5150091770561334,1.014387380290262,59.74971805601013,78.9443415509783
17.226190376672108,-8.181849376965825,0.2286327613323035,7.883512907010239,-1.2249591166889573,-0.6028991990868375,0.5150091770561334,1.0128877531657798,79.65728643418353,79.66888381428916
17.529058101902315,-11.828400022388053,0.2285719605007134,7.883512907010239,-0.0493309518699369,-0.6489064463121839,0.5150091770561334,1.040368744968834,81.1910168060542,79.28086765996967
17.229725149914607,-11.828400022388053,0.2286298187476712,7.883512907010239,-0.0493309518699369,-0.6489064463121839,0.5150091770561334,1.040368744968834,81.870085781059,79.2586834246375
17.446838541743674,-11.828400022388053,0.2286248948546327,7.883512907010239,0.7036502416361241,-0.5114322584027993,0.5150091770561334,1.040368744968834,71.64442445324482,79.28605138221752
17.5047352879701,-11.828400022388053,0.2285668017366093,7.883512907010239,-0.0493309518699369,-0.6489064463121839,0.5150091770561334,1.040368744968834,81.08346016076763,79.28086765996967
17.214507667205524,-7.739382223845366,0.2286613489866495,7.883512907010239,-0.0493309518699369,-0.6489064463121839,0.5150091770561334,1.040368744968834,81.870085781059,79.65585383335556
17.5047352879701,-11.38493600196873,0.2318002689546924,7.883512907010239,-1.2519517323831693,-0.6511592420984104,0.5150091770561334,1.0126462718858855,79.75797058858254,79.65210964117617
17.5047352879701,-11.320906183100462,0.2285031247190688,7.883512907010239,-0.0493309518699369,-0.6489064463121839,0.5150091770561334,1.040368744968834,84.0406776982787,79.28086765996967
17.5047352879701,-11.777339273017551,0.2285236182771506,7.883512907010239,-0.0493309518699369,-0.6489064463121839,0.5150091770561334,1.0240222240878958,81.87052077509469,79.28156397690853
17.229725149914607,-7.659418936355248,0.2286248948546327,7.883512907010239,-0.7533426925194107,-0.6489064463121839,0.5150091770561334,1.040368744968834,81.86990969056416,79.65585383335556
17.214507667205524,-7.739382223845366,0.2286632931109816,7.883512907010239,-0.0493309518699369,-0.6489064463121839,0.5150091770561334,1.040368744968834,81.870085781059,79.63843760312936
17.5047352879701,-11.828400022388053,0.2285319356045285,9.780282416380317,-0.0493309518699369,-0.6489064463121839,0.5150091770561334,1.040368744968834,76.2373507161945,79.25426685089073
17.229725149914607,-7.659418936355248,0.228629786072441,7.883512907010239,-0.0493309518699369,-0.6489064463121839,0.5150091770561334,1.040368744968834,89.88498325300614,79.65585383335556
17.244010833612407,-7.659418936355248,0.228629786072441,7.883512907010239,-0.0493309518699369,-0.6489064463121839,0.5150091770561334,1.040368744968834,89.88498325300614,79.65585383335556
17.5047352879701,-11.828400022388053,0.2286070593579508,7.883512907010239,-0.0493309518699369,-0.6488077212641932,0.5150091770561334,1.040368744968834,83.96227949883942,73.51624592010887
17.229725149914607,-7.659418936355248,0.2286244057097318,7.883512907010239,1.481464089676571,-0.6489064463121839,0.5150091770561334,1.040368744968834,81.870085781059,80.83495789116854
17.229725149914607,-7.659418936355248,0.228629786072441,7.883512907010239,-0.0493309518699369,-0.6489064463121839,0.5150091770561334,1.040368744968834,81.870085781059,77.81108625084813
17.229725149914607,-7.050532569015321,0.228629786072441,7.883512907010239,-0.0493309518699369,-0.6489064463121839,0.5150091770561334,1.040368744968834,81.870085781059,79.65585383335556
17.229725149914607,-11.738202166815428,0.2286651937006373,7.883512907010239,1.5756528189267345,-0.6489064463121839,0.5897093692750721,1.040368744968834,81.870085781059,79.3417857150541
17.229725149914607,-7.659418936355248,0.228629786072441,7.883512907010239,-0.0493309518699369,-0.6489064463121839,0.5150091770561334,1.040368744968834,84.74709153190125,79.65585383335556
17.5047352879701,-11.828395084513495,0.2275756455007954,7.883512907010239,-0.0493309518699369,-0.6489064463121839,0.5150091770561334,1.040368744968834,81.86783816213622,77.59146571677064
17.229725149914607,-7.659418936355248,0.2286304566061359,7.883512907010239,-0.0493309518699369,-0.6489064463121839,0.5150091770561334,1.040368744968834,81.870085781059,79.65585383335556
17.5047352879701,-11.59075890301328,0.2275883693823961,7.883512907010239,-0.0493309518699369,-0.6489064463121839,0.5150091770561334,1.0661327426694105,59.74971805601013,79.65970831369702
16.846019204287273,-11.82840014994548,0.2275883693823961,7.883512907010239,-0.0493309518699369,-0.6489064463121839,0.5150091770561334,1.019369801780908,59.74971805601013,79.28086765996967
17.229725149914607,-7.681968599871878,0.228629786072441,7.883512907010239,-0.0493309518699369,-0.6489064463121839,0.5150091770561334,1.040368744968834,81.870085781059,79.65585383335556
17.229725149914607,-7.659418936355248,0.2286304566061359,7.883512907010239,-0.0493309518699369,-0.6489064463121839,0.5150091770561334,1.040368744968834,81.8699013449363,79.65585383335556
17.229725149914607,-7.659418936355248,0.228404349036664,7.883512907010239,-0.802922266324769,-0.6413872008595618,0.5150091770561334,1.040368744968834,81.870085781059,79.65585383335556
17.229725149914607,-7.644142361668644,0.228629786072441,7.883512907010239,-0.0493309518699369,-0.6489064463121839,0.5150091770561334,1.026692746831854,81.870085781059,79.65585383335556
17.229725149914607,-7.659418936355248,0.2286297937468358,7.883512907010239,-0.0493309518699369,-0.6489064463121839,0.4447221656109688,1.040368744968834,81.870085781059,79.65585383335556
17.482825646455417,-7.659418936355248,0.2286129623861451,7.883512907010239,-0.0493309518699369,-0.6489064463121839,0.5150091770561334,1.040368744968834,81.870085781059,77.81108625084813
17.229725149914607,-7.659418936355248,0.228629786072441,7.883512907010239,-0.0493309518699369,-0.6489064463121839,0.5150091770561334,1.040368744968834,81.870085781059,79.65585383335556
17.229725149914607,-11.554294260181354,0.2521508609442988,7.883512907010239,-0.702096364738841,-0.6489064463121839,0.5150091770561334,1.040368744968834,81.86993615928029,79.25120737136601
17.229725149914607,-7.659418936355248,0.228629786072441,7.883512907010239,-0.0493309518699369,-0.6489064463121839,0.5150091770561334,1.0402850039482858,81.870085781059,79.62727570987511
17.07909930981191,-7.659418936355248,0.2286248948546327,7.883512907010239,-0.7649203650530456,-0.6489064463121839,0.5728065899185157,1.040368744968834,83.20558301753815,79.65585383335556
15.511976638487532,-7.659418936355248,0.228629786072441,7.883512907010239,-0.0493309518699369,-0.6489064463121839,0.5150091770561334,1.040368744968834,81.870085781059,79.65585383335556
15.478568135371937,-11.828400022388053,0.2286248948546327,7.883512907010239,1.855352483348673,-0.6489064463121839,0.5150091770561334,1.040368744968834,81.87008803904408,81.71196644126472
17.229725149914607,-7.659418936355248,0.228629786072441,7.883512907010239,-0.0493309518699369,-0.6489064463121839,0.5150091770561334,1.040368744968834,81.870085781059,79.65585383335556
16.228605911096963,-7.659418936355248,0.228629786072441,7.883512907010239,-0.0493309518699369,-0.6864979450913471,0.5150091770561334,1.0402850039482858,81.870085781059,79.62727570987511
17.22871954122057,-7.739020124587526,0.2286674296597941,7.883512907010239,-0.0493309518699369,-0.6489064463121839,0.5150091770561334,1.040368744968834,79.23186564050059,79.65585383335556
17.229725149914607,-7.574550881452296,0.2286248948546327,7.883512907010239,-0.0493309518699369,-0.6489064463121839,0.5150091770561334,1.040368744968834,81.870085781059,79.28605138221752
17.229725149914607,-5.7334129473553865,0.2286248948546327,7.883512907010239,-0.0493309518699369,-0.6489064463121839,0.5150091770561334,1.040368744968834,81.870085781059,79.65585383335556
17.229725149914607,-7.574550881452296,0.2286248948546327,7.883512907010239,-0.0493309518699369,-0.6489064463121839,0.4538541111682819,1.040368744968834,81.870085781059,79.28605138221752
17.229725149914607,-7.574550881452296,0.2286248948546327,7.883512907010239,-0.0493309518699369,-0.6489064463121839,0.5025760124585386,1.040368744968834,81.870085781059,79.28605138221752
17.229725149914607,-7.659418936355248,0.2286248948546327,7.883512907010239,-0.8109832335276241,-0.6489064463121839,0.5150091770561334,1.040368744968834,81.86989942421121,77.59371183368661
17.229725149914607,-11.828400022388053,0.228625970355171,7.883512907010239,-0.0493309518699369,-0.6489064463121839,0.5150091770561334,1.040368744968834,81.870085781059,79.676600835471
17.229725149914607,-7.659418936355248,0.2286304566061359,7.883512907010239,-0.0493309518699369,-0.642415999373597,0.5150091770561334,1.040368744968834,81.870085781059,79.65585383335556
17.49732289800879,-11.395083547733744,0.2264119335589909,7.883512907010239,-0.7869817563044972,-0.6489064463121839,0.5150091770561334,1.040368744968834,84.78934622104359,79.65585383335556
17.229725149914607,-7.659418936355248,0.2286304566061359,7.010236087813297,-0.0493309518699369,-0.642415999373597,0.5150091770561334,1.040368744968834,81.86992661220506,79.65585383335556
17.229725149914607,-7.659418936355248,0.2286250875076708,7.883512907010239,-0.0493309518699369,-0.6489064463121839,0.5150091770561334,1.040368744968834,81.870085781059,79.65585383335556
17.229725149914607,-5.7334129473553865,0.2286248948546327,7.883512907010239,-0.0493309518699369,-0.6489064463121839,0.5150091770561334,1.040368744968834,81.870085781059,79.65585383335556
17.5047352879701,-12.001345209153156,0.2286303365914144,7.883512907010239,-0.0493309518699369,-0.6488167934373814,0.5150091770561334,1.040368744968834,81.69271699665731,74.97710194169775
18.72221998142794,-7.659418936355248,0.2286236226003063,7.875837396158737,-0.0493309518699369,-0.6489064463121839,0.5150091770561334,1.040368744968834,81.870085781059,79.65585383335556
17.229725149914607,-7.659418936355248,0.2286248948546327,7.883512907010239,-0.9849155288560708,-0.5651568934045148,0.5150091770561334,1.040368744968834,81.8699190541285,79.30017450790538
17.219506459488784,-7.654522554141963,0.2286340335533873,7.883512907010239,-0.0493309518699369,-0.6489064463121839,0.5150091770561334,1.040368744968834,81.870085781059,77.81108625084813
17.229725149914607,-5.7334129473553865,0.2286252399720886,7.904671184720865,-0.0493309518699369,-0.6489064463121839,0.5150091770561334,1.040368744968834,81.870085781059,79.65585383335556
17.214676379984738,-7.739382223845366,0.2286613489866495,7.883512907010239,-0.0493309518699369,-0.6489064463121839,0.5150091770561334,1.0347486872463705,81.870085781059,79.65585383335556
17.5047352879701,-15.76408409278515,0.2285066980676877,7.883512907010239,-0.0493309518699369,-0.6489064463121839,0.5150091770561334,1.040368744968834,59.74971805601013,79.28086765996967
17.235117796845508,-11.331642350896074,0.2286240238270756,7.883512907010239,-0.0068312705374786,-0.4964969434362396,0.5150091770561334,1.040368744968834,74.34701180253012,79.65585383335556
16.54650396006923,-7.732570583856123,0.228629786072441,7.954732975828833,-0.0493309518699369,-0.6489064463121839,0.5150091770561334,1.040368744968834,81.870085781059,79.65585383335556
17.229725149914607,-7.747770275281365,0.2286247970816888,7.883512907010239,-0.0493309518699369,-0.6489064463121839,0.5150091770561334,1.040368744968834,81.870085781059,79.2858954639715
17.229725149914607,-11.828400022388053,0.2286248948546327,7.883512907010239,-0.729267980587867,-0.6489064463121839,0.5150091770561334,1.0470116587999263,81.870085781059,79.28605138221752
17.229725149914607,-11.47835227204424,0.2286304568468801,7.883512907010239,-0.2264355583531792,-0.6489064463121839,0.5150091770561334,1.040368744968834,81.870085781059,79.64698998317259
17.229725149914607,-7.659418936355248,0.2286248948546327,7.883512907010239,-0.7135634902909196,-0.7007371003739624,0.5150091770561334,1.040368744968834,81.86991618670027,79.65585383335556
17.229725149914607,-7.574550881452296,0.2286251266833122,7.883512907010239,-0.0493309518699369,-0.6489064463121839,0.4384494820341735,1.040368744968834,81.870085781059,79.25524794318488
17.229725149914607,-7.659418936355248,0.2286248948546327,7.883512907010239,0.2913931519082879,-0.6489064463121839,0.5150091770561334,1.040368744968834,81.870085781059,79.65585383335556
17.229725149914607,-7.659418936355248,0.2286250875076708,7.883512907010239,0.1514307478559899,-0.6556028270491268,0.5150091770561334,1.040368744968834,81.870085781059,79.65585383335556
18.001665790182756,-11.47835227204424,0.2286304568468801,7.883512907010239,-0.2264355583531792,-0.6489064463121839,0.5150091770561334,1.040368744968834,81.870085781059,61.68329262116446
17.229725149914607,-7.659418936355248,0.1899528584180798,7.883512907010239,-0.7708224203793108,-0.6489064463121839,0.5150091770561334,1.040368744968834,81.86990969056416,79.65585383335556
17.509392142124334,-11.732391197881242,0.2276906418720563,7.883512907010239,-0.0493309518699369,-0.6489064463121839,0.4292903517550015,1.040368744968834,82.19884733689472,79.68469489760184
17.228115510064768,-7.698429424902066,0.2419842399051789,8.421925740182626,-0.0493309518699369,-0.6489064463121839,0.5150091770561334,1.0363950060166682,77.58914760655088,87.04580841269069
17.229725149914607,-7.5441235478777955,0.2286248948546327,7.883512907010239,-1.3109238353188424,-0.6489064463121839,0.5150091770561334,1.040368744968834,81.87004010099275,79.65585383335556
17.229725149914607,-7.659418936355248,0.228629786072441,7.86936661286304,-0.0493309518699369,-0.6489064463121839,0.5150091770561334,1.0402850039482858,88.96203528352339,79.62727570987511
16.820840760344318,-7.574550881452296,0.2286248948546327,7.883512907010239,-0.0493309518699369,-0.6489064463121839,0.5150091770561334,1.040368744968834,81.870085781059,79.28605138221752
17.229725149914607,-7.659418936355248,0.2286248948546327,7.883512907010239,-0.7533426925194107,-0.5086965163978292,0.5150091770561334,1.040368744968834,81.86990969056416,79.65585383335556
17.229725149914607,-7.574550881452296,0.238258815746749,7.883512907010239,-0.0493309518699369,-0.6489064463121839,0.5150091770561334,1.040368744968834,81.870085781059,82.41457443666849
17.229725149914607,-7.659418936355248,0.2286250875076708,7.883512907010239,-0.0452070266098001,-0.6489064463121839,0.5150091770561334,1.040368744968834,81.870085781059,79.65585383335556
17.229725149914607,-5.84765830438406,0.2286248948546327,7.469009836629048,-0.7533426925194107,-0.5318061710735225,0.5150091770561334,1.040368744968834,81.87007723345354,79.65585383335556
17.229725149914607,-5.7334129473553865,0.2286248948546327,7.883512907010239,-0.0493309518699369,-0.6489064463121839,0.5150091770561334,1.040368744968834,81.870085781059,79.65585383335556
17.229725149914607,-11.487970107753364,0.2286249683927844,7.883512907010239,-0.2264355583531792,-0.6489064463121839,0.5150091770561334,1.040368744968834,81.870085781059,79.7435329867421
17.229725149914607,-7.658252394784595,0.2286248948546327,7.883512907010239,-0.0493309518699369,-0.6489064463121839,0.5150091770561334,1.040368744968834,81.870085781059,79.66691019986523
17.229725149914607,-7.658252394784595,0.2286248948546327,9.420437876849228,-0.0493309518699369,-0.6489064463121839,0.5150091770561334,1.040368744968834,81.870085781059,79.66691019986523
17.229725149914607,-11.778732484034949,0.2286258696702366,7.883512907010239,-0.0376716667616374,-0.6489064463121839,0.5150091770561334,1.040368744968834,81.870085781059,79.64521714953636
17.229725149914607,-7.659418936355248,0.2286248948546327,7.883512907010239,-0.7533426925194107,-0.6489064463121839,0.5150091770561334,1.040368744968834,81.86990969056416,79.65585383335556
17.229725149914607,-7.660968783468876,0.2286248948546327,8.994491913819125,-0.0493309518699369,-0.6489064463121839,0.47880032169565,1.040368744968834,81.870085781059,79.66691019986523
18.074781554426465,-7.659418936355248,0.228629786072441,7.883512907010239,-0.051797755322541,-0.6489064463121839,0.5150091770561334,1.040368744968834,81.870085781059,79.65585383335556
17.21350356985831,-7.731404715706061,0.2286613489866495,7.883512907010239,-0.0493309518699369,-0.6489064463121839,0.5150091770561334,1.040368744968834,81.870085781059,79.65585383335556
17.214507667205524,-7.739382223845366,0.2286613489866495,7.883512907010239,0.1461101523355523,-0.5733568348881246,0.5150091770561334,1.040368744968834,81.87008579338223,79.65585383335556
17.229725149914607,-7.659418936355248,0.2286248948546327,7.883512907010239,-0.7533426925194107,-0.6489064463121839,0.5150091770561334,1.040368744968834,81.86990969056416,79.65585383335556
17.229725149914607,-7.747770275281365,0.2286247970816888,7.883512907010239,-0.1437803647450284,-0.6489064463121839,0.5150091770561334,1.040368744968834,74.72139650405413,81.28599300086192
11.410669817387287,-6.54246568821943,0.2153421880064866,7.793384496452241,-0.7533426925194107,-0.6489064463121839,0.5150091770561334,1.040368744968834,81.87009535223137,79.65585383335556
17.229725149914607,-7.659418936355248,0.2286249154878931,7.883512907010239,-0.7987883187470075,-0.6489064463121839,0.5150091770561334,1.040368744968834,81.87013799017359,79.65585383335556
17.216621110357828,-7.816168510826083,0.2286594155984939,7.883512907010239,-0.0493309518699369,-0.6489064463121839,0.5150091770561334,1.040368744968834,81.870085781059,79.65585383335556
17.229725149914607,-7.747770275281365,0.2286247970816888,7.883512907010239,-0.0446107772803348,-0.6489064463121839,0.5150091770561334,1.040368744968834,82.87258658215089,79.2858954639715
17.229725149914607,-11.734188455399067,0.2371211029439402,7.883512907010239,-0.0493309518699369,-0.6489064463121839,0.5150091770561334,1.040368744968834,81.870085781059,79.30530688853518
17.229725149914607,-7.659418936355248,0.2286247658449043,7.883512907010239,-0.0624440942410409,-0.6489064463121839,0.5150091770561334,1.040368744968834,81.86989812021449,79.65585383335556
17.229725149914607,-7.659418936355248,0.2286250793402605,7.883512907010239,-0.0038384801465483,-0.6489064463121839,0.5150091770561334,1.040368744968834,81.86990969056416,79.65585383335556
17.229725149914607,-7.577439608138274,0.2286250793402605,7.883512907010239,-0.000766047588435,-0.6489064463121839,0.5150091770561334,1.040368744968834,81.86990969056416,79.64910666903961
17.214507667205524,-8.869153840834144,0.2286613489866495,7.883512907010239,-0.0493309518699369,-0.6489064463121839,0.5150091770561334,1.040368744968834,81.870085781059,79.26562963047172
17.908969022751194,-7.659418936355248,0.2286248948546327,7.883512907010239,-0.7533426925194107,-0.6489064463121839,0.5150091770561334,1.040368744968834,81.86990969056416,98.7822575475152
17.229725149914607,-11.47835227204424,0.2549455501169677,7.953056580232197,-0.0673234602150749,-0.6489064463121839,0.5150091770561334,1.040368744968834,81.870085781059,79.62039118356944
17.229725149914607,-7.574550881452296,0.2286247552937092,7.883512907010239,-0.0493309518699369,-0.6489064463121839,0.5150091770561334,1.040368744968834,81.870085781059,79.2860580464027
17.21459274212379,-7.659418936355248,0.2286624291972745,7.883512907010239,-0.7533426925194107,-0.6489064463121839,0.5150091770561334,1.047056730237739,81.86990442678697,79.65585383335556
17.229725149914607,-7.574550881452296,0.1727288439775924,7.883512907010239,-0.0493309518699369,-0.6489064463121839,0.5150091770561334,1.040368744968834,81.870085781059,79.28605140998441
17.229725149914607,-7.574550881452296,0.2286248671879313,7.883512907010239,-0.0493309518699369,-0.6489064463121839,0.5150091770561334,1.040368744968834,81.870085781059,79.29273142766395
17.229725149914607,-7.747770275281365,0.2286248019569222,7.63296225553206,-0.0268976183814757,-0.6489064463121839,0.5150091770561334,0.962930158816001,78.75143976858269,79.62795428431988
17.229725149914607,-7.328506485994367,0.2286304568468801,7.883512907010239,-0.0419302396934355,-0.6489064463121839,0.5150091770561334,1.040368744968834,81.870085781059,79.64698998317259
17.229725149914607,-7.663563403371814,0.2356488333283969,7.883512907010239,-0.7679069541375316,-0.6489064463121839,0.5150091770561334,1.040368744968834,81.86988126962225,79.2860580464027
18.384188663975145,-11.375649468601308,0.2371211029439402,7.022444564091291,-0.0493309518699369,-0.6489064463121839,0.5150091770561334,1.040368744968834,81.870085781059,79.60387223395976
17.229725149914607,-7.659418936355248,0.228629786072441,7.883512907010239,-0.0493309518699369,-0.6489064463121839,0.5150091770561334,1.040368744968834,81.870085781059,79.6646711131442
17.229725149914607,-11.47835227204424,0.2286304568468801,7.883512907010239,-0.2264355583531792,-0.6489064463121839,0.5150091770561334,1.040368744968834,81.870085781059,79.64698998317259
17.229725149914607,-11.734188455399067,0.2371013316483388,7.883512907010239,1.030757612233263,-0.6489064463121839,0.5150091770561334,1.0392717055130276,81.870085781059,78.12789797939227
17.229725149914607,-7.747770275281365,0.22862488303303,7.883512907010239,-0.1600239177372131,-0.6489064463121839,0.5150091770561334,1.040368744968834,81.870085781059,79.31369579239362
17.229725149914607,-7.659418936355248,0.228629786072441,7.883512907010239,-0.0493309518699369,-0.6489064463121839,0.5150091770561334,1.040368744968834,81.870085781059,79.65585383335556
17.229725149914607,-7.574550881452296,0.238258815746749,7.883512907010239,-1.5301971007172028,-0.7139878814913503,0.5150091770561334,1.040368744968834,81.870085781059,82.41457443666849
17.229725149914607,-7.710674476279971,0.228629786072441,7.883512907010239,-0.0493309518699369,-0.5430224940034176,0.5150091770561334,1.0412414119696063,81.870085781059,79.65585383335556
17.229725149914607,-7.659418936355248,0.2286248948546327,7.883512907010239,-0.8827317887138459,-0.658720862163978,0.5150091770561334,1.040368744968834,81.86990969056416,79.72069231967761
17.229725149914607,-11.197477164521468,0.22862487850343,7.883512907010239,-0.0493309518699369,-0.6489064463121839,0.5150091770561334,1.040368744968834,81.86991556570365,79.31056924779675
17.927203618299707,-7.659418936355248,0.2286248948546327,7.347994606995481,-0.7533426925194107,-0.6489064463121839,0.4661644851756379,1.0417808307167644,81.86990969056416,79.62220079530985
17.229725149914607,-7.094586704680337,0.2286295278592811,7.883512907010239,-0.5691406772689405,-0.6489064463121839,0.5150091770561334,1.040368744968834,81.870085781059,79.66691019986523
17.229725149914607,-11.55042123895769,0.2286296226803525,7.883512907010239,0.3070099191289355,-0.6489064463121839,0.5150091770561334,1.040368744968834,81.870085781059,79.64698998317259
17.0203843249162,-7.574550881452296,0.2266737471981856,7.883512907010239,-0.7660065598977859,-0.6489064463121839,0.5150091770561334,1.040368744968834,81.870085781059,79.2860580464027
17.229725149914607,-7.659418936355248,0.2286248948546327,8.027172560913463,-0.0493309518699369,-0.6489064463121839,0.5150091770561334,1.040368744968834,81.870085781059,79.65585383335556
17.229725149914607,-7.659418936355248,0.228629786072441,6.848731967968153,-0.0493309518699369,-0.6679624626915435,0.5150091770561334,1.0402727296308851,81.870085781059,77.39712974832388
17.229725149914607,-7.692868892173209,0.2286249393948951,7.883512907010239,-0.5691406772689405,-0.6489064463121839,0.5150091770561334,1.040368744968834,81.870085781059,79.66691019986523
17.229725149914607,-7.789595224025325,0.2286603846415503,7.883512907010239,-0.7533426925194107,-0.6489064463121839,0.5150091770561334,1.0460240722119034,81.87008593454226,79.65585383335556
17.229725149914607,-7.041440859356412,0.228629786072441,7.883512907010239,-0.0493309518699369,-0.6489064463121839,0.5150091770561334,1.040368744968834,81.870085781059,79.65585383335556
17.229725149914607,-7.094586704680337,0.2286295278592811,7.883512907010239,-0.5691406772689405,-0.6489064463121839,0.5150091770561334,1.040368744968834,81.87008476559154,79.66691019986523
17.229725149914607,-7.574550881452296,0.2300820266732062,7.883512907010239,-0.0493309518699369,-0.6489064463121839,0.5150091770561334,1.040368744968834,81.870085781059,79.96330966048399
17.229725149914607,-7.572873984708829,0.2377642778482389,7.883512907010239,-0.1216615358028043,-0.5127791275925988,0.5150091770561334,1.040368744968834,81.870085781059,82.41457443666849
17.229725149914607,-7.659418936355248,0.2286250850997886,7.883512907010239,-0.0452070266098001,-0.6489064463121839,0.5150091770561334,1.040368744968834,74.08430827463869,79.65585383335556
17.229725149914607,-7.659418936355248,0.2286248948546327,7.883512907010239,-0.0493309518699369,-0.6489064463121839,0.5150091770561334,1.040368744968834,81.870085781059,79.65585383335556
17.229725149914607,-7.749935597589886,0.2286249093741567,7.883512907010239,-0.0493309518699369,-0.6489064463121839,0.5150091770561334,1.040368744968834,81.870085781059,77.30559770310556
17.229725149914607,-6.992018769646629,0.2286295278592811,7.883512907010239,-0.0119479683941641,-0.6489064463121839,0.5150091770561334,1.040368744968834,81.870085781059,79.66691019986523
17.229725149914607,-7.9373887207847424,0.2502279491712488,7.883512907010239,-1.003106280869897,-0.6489064463121839,0.5150091770561334,1.040368744968834,81.870085781059,79.2860580464027
17.229725149914607,-7.668409176404339,0.2286248970137099,7.883512907010239,-0.8505797031936417,-0.6489064463121839,0.5150091770561334,1.040368744968834,81.86991343645403,79.60856130140381
17.229725149914607,-7.050532569015321,0.2376677680178288,7.883512907010239,-0.0493309518699369,-0.6489064463121839,0.5246321396137845,1.040368744968834,81.870085781059,82.25657019240008
17.229725149914607,-7.731432327865544,0.2286248948546327,7.99841063074178,-0.5535549209160724,-0.6489064463121839,0.5150091770561334,1.040368744968834,81.870085781059,79.66691019986523
17.229725149914607,-7.659418936355248,0.2286248948546327,7.883512907010239,-0.7533426925194107,-0.6489064463121839,0.5150091770561334,1.040368744968834,72.04313315701836,79.65585383335556
17.229725149914607,-7.747634447324348,0.2286606497342622,7.883512907010239,-0.0493309518699369,-0.6489064463121839,0.5150091770561334,1.0463252586492129,81.870085781059,79.65316477291171
17.22857064473174,-7.568863514687148,0.2286248948546327,7.883512907010239,-0.0493309518699369,-0.6489064463121839,0.5150091770561334,1.040368744968834,81.870085781059,79.28605138221752
17.229725149914607,-7.574550881452296,0.2286248948546327,7.883512907010239,-0.0493309518699369,-0.680556311988024,0.5150091770561334,1.040368744968834,81.870085781059,79.28605138221752
17.229725149914607,-7.764073506378965,0.223495181581858,7.883512907010239,-0.2416555779573848,-0.6489064463121839,0.5150091770561334,1.040368744968834,81.870085781059,79.66691019986523
17.229725149914607,-7.094586704680337,0.2124246719676812,7.883512907010239,-0.5691406772689405,-0.6489064463121839,0.5150091770561334,1.040368744968834,81.870085781059,82.40548265088758
17.229725149914607,-7.659418936355248,0.228629786072441,7.883512907010239,-0.0493309518699369,-0.7456579695493679,0.5150091770561334,1.040368744968834,81.870085781059,79.65585383335556
17.229725149914607,-7.659418936355248,0.2574339941152515,8.073315689434729,-0.8837976414576669,-0.6489064463121839,0.5150091770561334,1.040368744968834,81.86990969056416,79.65585383335556
17.229725149914607,-12.629452131635606,0.2335683414509358,7.883512907010239,-0.7533426925194107,-0.6489064463121839,0.5150091770561334,1.040368744968834,81.86990969056416,79.33250547221034
17.229725149914607,-7.634815327243373,0.2286310605588724,7.240212179611316,-1.408332447276008,-0.6489064463121839,0.5150091770561334,1.040368744968834,81.87010189343437,72.31891283167539
17.22825201772718,-7.659418936355248,0.228629786072441,7.883512907010239,-0.0493309518699369,-0.6489064463121839,0.5150091770561334,1.040368744968834,81.870085781059,79.65585383335556
17.229725149914607,-7.659418936355248,0.2286248948546327,7.883512907010239,-0.0493309518699369,-0.6489064463121839,0.5150091770561334,1.040368744968834,81.870085781059,87.3525652552304
17.229907822504934,-7.641545424066674,0.2286248948546327,7.883512907010239,-0.0493309518699369,-0.6489064463121839,0.5150091770561334,1.040368744968834,81.870085781059,79.65408614810822
17.229573363611564,-7.092758460828527,0.2286295363045022,7.883512907010239,0.5605933357941044,-0.6489064463121839,0.5150091770561334,1.040368744968834,81.870085781059,79.65585383335556
18.203961601332992,-7.658252394784595,0.2286247843290066,7.883512907010239,-0.0493309518699369,-0.6489064463121839,0.5150091770561334,1.0342149251507518,81.870085781059,79.66691019986523
17.229725149914607,-10.969599453411783,0.2286304568468801,7.883512907010239,-0.4589260343702932,-0.6489064463121839,0.5150091770561334,1.040368744968834,81.870085781059,79.64698998317259
17.229725149914607,-7.459990430322581,0.2394607787862691,7.883512907010239,-0.7450618476399793,-0.6489064463121839,0.5150091770561334,1.040368744968834,85.93371478660919,79.65585383335556
16.87723726218887,-7.747770275281365,0.228624887114677,8.060199091721316,-0.0493309518699369,-0.6489064463121839,0.5629645991719918,1.040368744968834,81.870085781059,79.2858954639715
17.229725149914607,-7.574550881452296,0.238258815746749,7.883512907010239,0.5208520367096057,-0.6489064463121839,0.5150091770561334,1.040368744968834,81.870085781059,82.41457443666849
17.214507667205524,-7.575826048461645,0.2286250743228454,7.883512907010239,-0.0493309518699369,-0.6489064463121839,0.5150091770561334,1.040368744968834,81.870085781059,79.65585383335556
17.228449128932944,-7.659418936355248,0.228629786072441,7.883512907010239,-0.0493309518699369,-0.6489064463121839,0.5150091770561334,1.040368744968834,81.870085781059,78.86306973720426
17.229787515791962,-7.583777476601515,0.2379907031851555,7.883512907010239,-0.0493309518699369,-0.6489064463121839,0.5150091770561334,1.040368744968834,81.870085781059,79.65585383335556
17.22834842501578,-7.094586704680337,0.2377977678161784,7.883512907010239,-0.1756982065610497,-0.6489064463121839,0.5150091770561334,1.040368744968834,81.870085781059,78.38698465376339
17.229725149914607,-7.658275136053955,0.2286248948546327,7.883512907010239,-0.0493309518699369,-0.6489064463121839,0.5150091770561334,1.040368744968834,81.870085781059,78.12688257615547
17.229725149914607,-11.734188455399067,0.2359511908594518,7.883512907010239,-0.0493309518699369,-0.6489064463121839,0.5150091770561334,1.040368744968834,81.870085781059,79.30530688853518
17.229725149914607,-7.526718215886952,0.2286247590345792,7.883512907010239,-0.006988452606464,-0.6489064463121839,0.5150091770561334,1.040368744968834,81.870085781059,79.66691019986523
18.642655706037097,-7.574550881452296,0.2114453186480991,7.883512907010239,-0.0493309518699369,-0.6489064463121839,0.5150091770561334,1.040368744968834,81.870085781059,79.2860580464027
17.229725149914607,-11.47835227204424,0.2286247573691996,7.883512907010239,-0.2264355583531792,-0.6489064463121839,0.5150091770561334,1.040368744968834,81.870085781059,79.64698998317259
17.229725149914607,-7.658252394784595,0.2286248948546327,7.883512907010239,-0.0493309518699369,-0.6489064463121839,0.5150091770561334,1.040368744968834,81.870085781059,79.66691019986523
17.22825201772718,-7.659418936355248,0.228624932874281,7.883512907010239,-0.0493309518699369,-0.6489064463121839,0.5150091770561334,1.040368744968834,81.870085781059,79.65585383335556
17.228449128932944,-7.659418936355248,0.228629786072441,7.883512907010239,-0.0493309518699369,-0.6489064463121839,0.5150091770561334,1.040368744968834,81.1495005060419,78.86306973720426
17.229725149914607,-7.659418936355248,0.2286247457214079,7.883512907010239,-0.0493309518699369,-0.6489064463121839,0.5150091770561334,1.040368744968834,81.870085781059,79.65585383335556
17.22825201772718,-9.833202532099191,0.2286294360693973,7.883512907010239,-0.0499749138011367,-0.6489064463121839,0.5150091770561334,1.040368744968834,81.870085781059,79.65585383335556
14.887579939008155,-7.659418936355248,0.2286248948546327,7.883512907010239,0.4175296317914316,-0.6489064463121839,0.5150091770561334,1.040368744968834,81.86990969056416,79.65585383335556
17.229725149914607,-11.47835227204424,0.2286304568468801,7.883512907010239,-0.7693585749166729,-0.6489064463121839,0.5150091770561334,1.040368744968834,81.870085781059,79.64698998317259
17.229725149914607,-7.659418936355248,0.2286248977683132,7.883512907010239,-0.840315291298646,-0.6489064463121839,0.5150091770561334,1.040368744968834,81.86990969056416,79.15816166086911
17.229725149914607,-7.574550881452296,0.2286247552937092,7.883512907010239,-0.0493309518699369,-0.6489064463121839,0.5150091770561334,1.040368744968834,81.870085781059,79.2860580464027
17.229725149914607,-7.574550881452296,0.2286248948546327,7.883512907010239,-0.0493309518699369,-0.6489064463121839,0.5150091770561334,1.040368744968834,81.8699201492798,79.64789328030669
16.25909881574752,-7.659418936355248,0.228629786072441,7.883512907010239,-0.0493309518699369,-0.7278264179357141,0.5150091770561334,1.040368744968834,81.870085781059,79.65585383335556
17.22825201772718,-7.659447917329214,0.228629786072441,7.883512907010239,-0.0493309518699369,-0.6489064463121839,0.5150091770561334,1.040368744968834,81.870085781059,79.65585383335556
17.229733780915602,-7.094586704680337,0.2286295367051087,8.542260381661432,-0.7171829386682091,-0.6489064463121839,0.5150091770561334,1.040368744968834,81.870085781059,79.66691019986523
17.229725149914607,-7.562244453409475,0.2286322922879013,7.883512907010239,1.5442171830440046,-0.6489064463121839,0.5150091770561334,1.040368744968834,82.89876298342836,79.2860580464027
17.229725149914607,-7.574550881452296,0.2286247552937092,7.883512907010239,-0.0493309518699369,-0.6489064463121839,0.5150091770561334,1.040368744968834,81.870085781059,79.2860580464027
17.32084668036005,-7.658252394784595,0.2286248948546327,7.883512907010239,-0.192826447840293,-0.6489064463121839,0.5150091770561334,1.040368744968834,81.870085781059,79.66691019986523
17.229654812252193,-5.04983684853504,0.228629786072441,7.883512907010239,-0.0493309518699369,-0.6489064463121839,0.5150091770561334,1.040368744968834,81.870085781059,72.35522101303962
17.229725149914607,-7.659418936355248,0.2286244666698123,7.883512907010239,-0.0493309518699369,-0.6489064463121839,0.5150091770561334,1.040368744968834,81.870085781059,79.2991054009952
18.752957652426325,-7.650546679492203,0.2286293084443603,7.883512907010239,-0.0493309518699369,-0.6489064463121839,0.5150091770561334,1.040368744968834,81.870085781059,79.65585383335556
17.229725149914607,-7.658252394784595,0.2229999264533551,7.883512907010239,-0.0493309518699369,-0.6489064463121839,0.5150091770561334,1.040368744968834,81.870085781059,79.65560331748487
17.229725149914607,-7.574925292768661,0.2286248948546327,7.883512907010239,-0.0493309518699369,-0.6489064463121839,0.5150091770561334,1.040368744968834,81.870085781059,79.28605138221752
18.49817997992679,-7.585121501968299,0.2286248948546327,7.883512907010239,-0.0493309518699369,-0.6489064463121839,0.5150091770561334,1.040368744968834,81.86994333381008,79.28605138221752
17.228773098715763,-7.659418936355248,0.228629786072441,7.883512907010239,-0.0493309518699369,-0.7416381568117854,0.5150091770561334,1.040368744968834,81.870085781059,79.65585383335556
17.215657459721044,-9.547244386663342,0.22867037019465,7.883512907010239,-0.0499749138011367,-0.6489064463121839,0.5150091770561334,1.040368744968834,81.870085781059,79.65585383335556
17.229725149914607,-7.658252394784595,0.2286248948546327,7.883512907010239,-0.0493309518699369,-0.6489064463121839,0.5150091770561334,1.040368744968834,81.870085781059,79.66691019986523
17.22961427293278,-7.003582558773761,0.2286295278592811,7.883512907010239,-0.5725491959489588,-0.6489064463121839,0.5150091770561334,1.040368744968834,81.870085781059,79.66691019986523
17.228449128932944,-7.659418936355248,0.228629786072441,7.883512907010239,-0.0493309518699369,-0.6489064463121839,0.5150091770561334,1.040368744968834,81.870085781059,83.34081626233815
17.229725149914607,-7.658592362102306,0.2286248948546327,7.883512907010239,-0.0493309518699369,-0.6489064463121839,0.5150091770561334,1.040368744968834,81.870085781059,78.59118408640462
17.228449128932944,-7.659418936355248,0.2309660799552088,7.883512907010239,-0.0493309518699369,-0.6489064463121839,0.5150091770561334,1.040368744968834,81.870085781059,78.86306973720426
17.22825201772718,-9.631828010747768,0.2286294360693973,7.883512907010239,-0.0499656750167041,-0.6489064463121839,0.5150091770561334,1.040368744968834,81.870085781059,79.65585383335556
17.229725149914607,-7.747770275281365,0.2286247981184633,7.883512907010239,-0.6585027215644406,-0.5539739928391743,0.5150091770561334,1.040368744968834,81.87007990179632,79.25588907880531
17.229725149914607,-7.659418936355248,0.228629786072441,7.883512907010239,1.1050289327676772,-0.6998075279774085,0.5150091770561334,1.040368744968834,81.870085781059,79.72597953828536
17.2297340443639,-7.659418936355248,0.2286248948546327,7.883512907010239,-0.7533426925194107,-0.6489064463121839,0.2618799986650317,1.040368744968834,81.87015562742897,79.65585383335556
17.229725149914607,-7.659418936355248,0.2286248948546327,7.883512907010239,-0.060413633674127,-0.7570765335943743,0.5150091770561334,1.040368744968834,86.54665104129478,79.65338153494295
16.7909613744863,-7.659418936355248,0.2286243234384581,7.883512907010239,-0.7533426925194107,-0.6489064463121839,0.5150091770561334,1.040368744968834,81.86991421648011,80.76951164659292
17.229725149914607,-7.659418936355248,0.2100606100969364,7.883512907010239,-0.0550803361357026,-0.6489064463121839,0.5150091770561334,1.040368744968834,81.86990969056416,79.65585383335556
17.228474553038318,-7.658444142048996,0.2286248948546327,7.883512907010239,-0.0124072989243426,-0.6489064463121839,0.5150091770561334,1.040368744968834,81.86990654446444,79.28605138221752
17.229725149914607,-7.572380808024937,0.2416231693234153,7.883512907010239,-0.0493309518699369,-0.6489064463121839,0.5150091770561334,1.040368744968834,81.870085781059,79.65585383335556
17.22825201772718,-7.703538396628675,0.2286294360693973,7.883512907010239,-0.0499749138011367,-0.6489064463121839,0.5150091770561334,1.0444403918762086,81.870085781059,79.66646924333406
17.22968238523743,-7.723114798285904,0.2286294360693973,5.210718646269051,-0.0492643005015427,-0.6489064463121839,0.5150091770561334,1.040368744968834,81.870085781059,79.65585383335556
17.228449128932944,-7.659418936355248,0.228629786072441,7.623101173587944,-0.0493309518699369,-0.6489064463121839,0.5150091770561334,1.040368744968834,86.82258022601584,78.86306973720426
17.591273521026586,-7.659418936355248,0.228629786072441,7.883512907010239,-0.0493309518699369,-0.6489064463121839,0.5150091770561334,1.040368744968834,81.870085781059,79.65585383335556
17.22825201772718,-7.659418936355248,0.228629786072441,7.883512907010239,-0.0493309518699369,-0.6489064463121839,0.5150091770561334,1.040368744968834,81.870085781059,79.65585383335556
17.22825201772718,-7.659418936355248,0.228629786072441,7.883512907010239,-0.0493309518699369,-0.6489064463121839,0.5150091770561334,1.040368744968834,81.870085781059,79.65585383335556
17.229725149914607,-7.574550881452296,0.2286247552937092,7.883512907010239,-0.0493309518699369,-0.6489064463121839,0.3885525835129377,1.040368744968834,81.870085781059,79.2860580464027
17.092366588112768,-7.659418936355248,0.2286248948546327,7.883512907010239,-0.7533426925194107,-0.6489064463121839,0.5150091770561334,1.040368744968834,80.89627292924547,79.66581056414697
17.229725149914607,-7.574550881452296,0.2286247828678094,7.883512907010239,-0.2572425171225383,-0.6489064463121839,0.5150091770561334,1.040368744968834,81.870085781059,79.2521209913626
17.22825201772718,-7.659418936355248,0.228629786072441,7.883512907010239,-0.0493309518699369,-0.6489064463121839,0.5150091770561334,1.040368744968834,81.870085781059,79.65585383335556
17.22825201772718,-9.833202532099191,0.2286304435407934,7.883512907010239,-0.0499749138011367,-0.6489064463121839,0.5150091770561334,1.040368744968834,81.870085781059,79.65585383335556
17.229725149914607,-7.574550881452296,0.2286247552937092,7.883512907010239,0.1169794156273056,-0.6489064463121839,0.4783380478338508,1.040368744968834,81.870085781059,79.2860580464027
17.229725149914607,-7.659418936355248,0.2286248948546327,7.883512907010239,-0.7533426925194107,-0.6489064463121839,0.5150091770561334,1.040368744968834,81.86990969056416,81.88183408006758
17.229725149914607,-7.659418936355248,0.2286248948546327,7.883512907010239,-0.7533426925194107,-0.6489064463121839,0.5150091770561334,1.040368744968834,81.86990969056416,79.65585383335556
17.228214728867698,-7.659418936355248,0.228625034334392,7.883512907010239,-0.0223897343420613,-0.6489064463121839,0.5150091770561334,1.040368744968834,72.9908266090969,79.63424010789308
17.228449128932944,-7.659418936355248,0.228629786072441,7.883512907010239,-0.0493309518699369,-0.6489064463121839,0.5150091770561334,1.0350004638726662,81.870085781059,78.86306973720426
17.229514439831156,-9.358905324618531,0.2286301197646076,7.883512907010239,-0.0493309518699369,-0.6489064463121839,0.5150091770561334,1.040368744968834,81.870085781059,79.2860580464027
17.229725149914607,-8.069390823821937,0.2286249404530613,7.883512907010239,-0.5362866570642506,-0.6489064463121839,0.5150091770561334,1.040368744968834,81.870085781059,79.2860580464027
17.229725149914607,-7.659418936355248,0.2286248948546327,7.883512907010239,-0.7533426925194107,-0.6489064463121839,0.5150091770561334,1.040368744968834,81.86990969056416,79.65585383335556
17.22980295875403,-7.684516445184297,0.2286298271145922,7.9870514566388415,-0.0493309518699369,-0.6489064463121839,0.5150091770561334,1.040368744968834,78.25467551325238,79.28833728413818
17.227998563825146,-7.659418936355248,0.2286248948546327,7.883512907010239,0.0436035788521049,-0.6489064463121839,0.5150091770561334,1.040368744968834,81.87012539741241,75.19388894259014
17.229725149914607,-9.225866329962438,0.2286296763072194,7.883512907010239,-0.0501724142611426,-0.6489064463121839,0.5150091770561334,1.040368744968834,82.96867779356793,79.66691019986523
17.229725149914607,-7.574550881452296,0.2286247552937092,9.86913184282503,-0.0542514526917319,-0.6489064463121839,0.5150091770561334,1.040368744968834,81.870085781059,79.2860580464027
17.229725149914607,-7.658252394784595,0.2286248948546327,7.883512907010239,-0.0493309518699369,-0.6635379522785099,0.5150091770561334,1.040368744968834,81.870085781059,79.66691019986523
17.229725149914607,-7.574550881452296,0.2286247552937092,7.883512907010239,-0.0493309518699369,-0.6489064463121839,0.5150091770561334,1.040368744968834,81.870085781059,79.2860580464027
17.22825201772718,-10.278985816968088,0.228629786072441,7.883512907010239,-0.0493309518699369,-0.6489064463121839,0.5150091770561334,1.040368744968834,81.870085781059,79.65585383335556
17.22798649891015,-7.658159943204952,0.228629786072441,7.883512907010239,-0.0493309518699369,-0.6489064463121839,0.5150091770561334,1.040368744968834,81.870085781059,79.65585383335556
17.229725149914607,-7.574550881452296,0.238258815746749,7.883512907010239,-0.0493309518699369,-0.6489064463121839,0.5150091770561334,1.040368744968834,81.870085781059,82.41457443666849
17.214902704567805,-7.735681814880477,0.228629786072441,7.883512907010239,-0.0493309518699369,-0.6489064463121839,0.5150091770561334,1.040368744968834,81.870085781059,79.65585383335556
17.228449128932944,-7.659418936355248,0.228629786072441,7.883512907010239,-1.3571071906585723,-0.6489064463121839,0.5150091770561334,1.040368744968834,81.870085781059,78.86306973720426
17.229725149914607,-7.658230497716669,0.2286290835912964,7.883512907010239,-0.0493309518699369,-0.6489064463121839,0.2841191152710962,0.9994732574690736,81.870085781059,77.84153965457237
17.22825201772718,-11.421167313745604,0.2286304219152575,7.883512907010239,-0.2393653382565173,-0.6489064463121839,0.5150091770561334,1.040368744968834,81.870085781059,79.65585383335556
17.229725149914607,-7.661257548988425,0.2286247552937092,7.883512907010239,-0.0844474610516989,-0.6489064463121839,0.5150091770561334,1.040368744968834,81.8699183085445,79.30273416627162
17.229514439831156,-9.358905324618531,0.2286295253695574,7.883512907010239,-0.0158989233238564,-0.6489064463121839,0.5150091770561334,1.040368744968834,81.870085781059,79.2860580464027
17.229725149914607,-7.659271450141894,0.2286248948546327,7.883512907010239,-0.04963845841419,-0.6489064463121839,0.5150091770561334,1.040368744968834,81.8698838144011,79.66717420327343
17.229725149914607,-7.659418936355248,0.2286248948546327,7.883512907010239,-0.7533426925194107,-0.6489064463121839,0.5150091770561334,1.040368744968834,81.86987257697766,79.65585383335556
17.229725149914607,-7.094586704680337,0.2286295278592811,7.883512907010239,-0.1209543550683491,-0.6489064463121839,0.5150091770561334,1.040368744968834,81.870085781059,79.66691019986523
16.017813900412918,-7.659418936355248,0.228629786072441,7.936196332395127,-0.7738904269131233,-0.6489064463121839,0.5150091770561334,1.040368744968834,81.8699113522336,79.65585383335556
17.22825201772718,-7.659418936355248,0.228629786072441,7.883512907010239,-0.0493309518699369,-0.6489064463121839,0.5150091770561334,1.040368744968834,81.870085781059,79.65585383335556
17.229725149914607,-7.0835140946470165,0.2286295278592811,7.883512907010239,-0.0690320193877997,-0.6489064463121839,0.5150091770561334,1.040368744968834,81.870085781059,82.76764800312313
17.229725149914607,-7.658252394784595,0.2286248948546327,7.883512907010239,-0.0493309518699369,-0.6489064463121839,0.5150091770561334,1.040368744968834,81.870085781059,79.66691019986523
17.23030805887918,-7.738273026463426,0.2286538651522945,7.883512907010239,-0.0493309518699369,-0.6772190077418099,0.5150091770561334,1.032372545825869,81.870085781059,79.26639047203817
17.229725149914607,-7.658252394784595,0.2286248948546327,7.883512907010239,-0.0493309518699369,-0.6489064463121839,0.5150091770561334,1.040368744968834,81.870085781059,79.66691019986523
17.229725149914607,-7.193203837325012,0.2286241260250185,7.883512907010239,-0.0496695191188951,-0.6002175027505681,0.5150091770561334,1.040368744968834,81.870085781059,79.66691019986523
17.229725149914607,-7.659418936355248,0.2286248948546327,7.883512907010239,-0.7533426925194107,-0.6489064463121839,0.5921002079684259,1.040368744968834,81.86990969056416,79.65585383335556
17.229725149914607,-7.094586704680337,0.2286295422694299,7.883512907010239,-0.5688446284084758,-0.6489064463121839,0.5150091770561334,1.0443538465259354,81.870085781059,79.66757005595039
17.214507667205524,-7.739382223845366,0.2286613489866495,7.883512907010239,-0.0493309518699369,-0.6489064463121839,0.503984194425527,1.040368744968834,81.870085781059,75.52824713362838
17.229725149914607,-7.665914798984447,0.2286248931043932,7.5717636447649,-0.3264542760080502,-0.6489064463121839,0.5150091770561334,1.040368744968834,81.870085781059,79.66691019986523
17.229725149914607,-7.659418936355248,0.2286248948546327,7.883512907010239,-0.7533426925194107,-0.6489064463121839,0.5150091770561334,1.040368744968834,81.86990969056416,79.65585383335556
17.22825201772718,-7.617297867048618,0.2274863295602446,7.883512907010239,-0.0499489179654837,-0.6489064463121839,0.5150091770561334,1.040368744968834,81.870085781059,90.93556169016529
17.229725149914607,-7.1302289880747445,0.2286295278592811,7.883512907010239,-0.1209543550683491,-0.6489064463121839,0.5150091770561334,1.040368744968834,81.870085781059,79.66691019986523
17.228371424067063,-7.651244575402371,0.228629786072441,7.883512907010239,-0.5194293388790712,-0.6489064463121839,0.5150091770561334,1.040368744968834,81.870085781059,79.6560024694036
17.229725149914607,-8.100939967936913,0.2286295278592811,7.883512907010239,-0.1209543550683491,-0.6489064463121839,0.5150091770561334,1.040368744968834,81.870085781059,79.66691019986523
17.229736158815108,-7.659418936355248,0.228629786072441,7.883512907010239,-0.0493309518699369,-0.6489064463121839,0.5150091770561334,1.040368744968834,81.870085781059,79.30779119187046
17.228449128932944,-7.659418936355248,0.228629786072441,7.883512907010239,-0.0493309518699369,-0.6489064463121839,0.5150091770561334,1.040368744968834,81.870085781059,78.86306973720426
17.229725149914607,-7.659418936355248,0.2286248948546327,7.883512907010239,-0.7533426925194107,-0.6489064463121839,0.5150091770561334,1.040368744968834,81.86990969056416,79.65585383335556
17.229859412472372,-7.65838315494612,0.228624953590345,7.883512907010239,-0.3855648421017381,-0.6489064463121839,0.5150091770561334,1.040368744968834,81.870085781059,79.78881541125264
16.67479339228018,-7.574550881452296,0.2286288176042076,7.883512907010239,-0.0493309518699369,-0.6489064463121839,0.5150091770561334,1.040368744968834,81.870085781059,79.2860580464027
17.229725149914607,-7.574550881452296,0.2286247552937092,7.883512907010239,-0.0493309518699369,-0.6489064463121839,0.5150091770561334,1.040368744968834,79.18290509602821,79.2860580464027
17.560495774000614,-7.659418936355248,0.2286248948546327,7.883512907010239,-0.7533426925194107,-0.8076654093093276,0.5150091770561334,1.040368744968834,81.86994021100662,79.65515658772071
17.229725149914607,-7.658252394784595,0.2286248948546327,7.883512907010239,-0.0493309518699369,-0.6489064463121839,0.5150091770561334,1.040368744968834,81.870085781059,79.66691019986523
17.229725149914607,-7.658252394784595,0.2286248948546327,7.883512907010239,-0.0493309518699369,-0.6489064463121839,0.5150091770561334,1.040368744968834,81.870085781059,79.66691019986523
17.22825201772718,-7.659418936355248,0.2286254543532769,6.915353988905174,-0.0493309518699369,-0.6489064463121839,0.5150091770561334,1.040368744968834,81.870085781059,79.65757358341709
17.229725149914607,-7.658252394784595,0.2286248948546327,9.607412085325194,-0.0493309518699369,-0.6489064463121839,0.5150091770561334,1.040368744968834,81.870085781059,79.66691019986523
17.229725149914607,-7.574550881452296,0.2286247552937092,7.883512907010239,-0.0493309518699369,-0.6489064463121839,0.5150091770561334,1.040368744968834,81.870085781059,79.2860580464027
17.229725149914607,-7.659418936355248,0.2286248948546327,7.883512907010239,-0.7533426925194107,-0.6489064463121839,0.5150091770561334,1.040368744968834,81.86990969056416,79.65585383335556
17.229725149914607,-7.658435449757395,0.2286248948546327,7.883512907010239,-0.0090668048748483,-0.4188907236684362,0.5150091770561334,1.040368744968834,81.87013180682212,79.65585383335556
17.229725149914607,-7.658252394784595,0.2286238477206197,7.883512907010239,-0.0493309518699369,-0.6489064463121839,0.5150091770561334,1.040368744968834,81.870085781059,79.66691019986523
17.229725149914607,-7.574550881452296,0.2286247552937092,7.883512907010239,-0.0493309518699369,-0.5724923622875924,0.5150091770561334,1.040368744968834,81.870085781059,79.28605861656686
17.229725149914607,-7.574550881452296,0.2286247552937092,7.883512907010239,-0.0493309518699369,-0.6489064463121839,0.5150091770561334,1.040368744968834,81.870085781059,79.2860580464027
17.23052573386417,-7.659418936355248,0.2286260423586035,7.883512907010239,-0.0493309518699369,-0.6489064463121839,0.5150091770561334,1.040368744968834,81.870085781059,78.86306973720426
17.228266319380978,-7.651244575402371,0.228629786072441,7.883512907010239,-0.5194293388790712,-0.6489064463121839,0.5150091770561334,1.040368744968834,81.870085781059,79.6560024694036
17.229725149914607,-7.658252394784595,0.2286248948546327,7.883512907010239,-0.0493309518699369,-0.6489064463121839,0.5150091770561334,1.040368744968834,80.97994916186329,79.66691019986523
17.229725149914607,-5.030289675984987,0.2286248948546327,7.883512907010239,-0.0493309518699369,-0.6489064463121839,0.5150091770561334,1.040368744968834,81.87006589915313,86.71352111951681
17.229725149914607,-7.658252394784595,0.2286291188917451,7.883512907010239,-0.0493309518699369,-0.6489064463121839,0.5150091770561334,1.040368744968834,81.870085781059,79.66691019986523
17.22825201772718,-7.659168192096859,0.2309678323909343,7.883512907010239,-0.0493309518699369,-0.6489064463121839,0.5150091770561334,1.040368744968834,81.870085781059,79.65707877175478
17.22860138340232,-7.659418936355248,0.2289380792758297,7.883512907010239,-0.0493309518699369,-0.6489064463121839,0.5150091770561334,1.040368744968834,81.870085781059,78.86306973720426
17.229725149914607,-7.660390782124935,0.2286247787364038,7.883512907010239,-0.7533426925194107,-0.6489064463121839,0.5150091770561334,1.040368744968834,81.86990969056416,79.65585383335556
17.229725149914607,-7.659418936355248,0.2286248948546327,8.895807611160606,0.4623481251019417,-0.6489064463121839,0.3828811308479509,1.0602149660085425,81.86990969056416,79.65585383335556
17.228361329416096,-7.68330093083417,0.2286297684319171,7.883512907010239,-0.1095154522913706,-0.6489064463121839,0.5150091770561334,1.040368744968834,81.870085781059,79.66717555510715
17.229725149914607,-7.461232534212861,0.2286288153625668,7.883512907010239,-0.5924989325265848,-0.6489064463121839,0.535399665662875,1.040368744968834,81.870085781059,79.64680374941828
17.229725149914607,-7.574550881452296,0.238258815746749,7.883512907010239,-0.0493309518699369,-0.58830418095446,0.5150091770561334,1.027253945219381,81.870085781059,82.41457443666849
17.229725149914607,-7.574550881452296,0.2286247552937092,7.883512907010239,-0.5457178179572804,-0.7468923172691326,0.5150091770561334,1.040368744968834,81.870085781059,79.2860580464027
17.229725149914607,-7.658252394784595,0.228624854417738,7.883512907010239,-0.0493309518699369,-0.6489064463121839,0.5478785085390432,1.040368744968834,81.870085781059,79.70861028731555
17.229725149914607,-7.574550881452296,0.2286247552937092,7.883512907010239,-0.0493309518699369,-0.6489064463121839,0.5150091770561334,0.9951013131219032,81.870085781059,79.2860580464027
17.227499073162363,-7.739382223845366,0.2286568788876448,7.883512907010239,-0.8330588963466994,-0.6489064463121839,0.5150091770561334,1.040368744968834,81.870085781059,79.65585383335556
17.229725149914607,-7.574550881452296,0.238258815746749,7.883512907010239,-0.0493309518699369,-0.6489064463121839,0.5150091770561334,1.040368744968834,81.870085781059,82.2759287235017
17.23001786165993,-7.658252394784595,0.2286287850451039,7.883512907010239,-0.0493309518699369,-0.6489064463121839,0.5150091770561334,1.040368744968834,81.870085781059,79.66691019986523
17.229725149914607,-7.094586704680337,0.2286295278592811,7.883512907010239,-0.1209543550683491,-0.6489064463121839,0.5150091770561334,1.040368744968834,81.870085781059,79.66691019986523
17.228449128932944,-7.659418936355248,0.228629786072441,7.883512907010239,-0.0493309518699369,-0.6489064463121839,0.5150091770561334,1.040368744968834,81.870085781059,78.86306973720426
17.22827494434906,-7.659418936355248,0.2286299833621813,7.883512907010239,-0.7533426925194107,-0.6489064463121839,0.5150091770561334,1.040368744968834,81.86989798794556,79.65585383335556
17.229725149914607,-8.661314856336606,0.2286249013769208,7.119024333835608,-0.0493309518699369,-0.6489064463121839,0.5150091770561334,1.040368744968834,81.870085781059,79.2858954639715
17.229725149914607,-7.658252394784595,0.2286248948546327,7.883512907010239,-0.0493309518699369,-0.6489064463121839,0.5150091770561334,1.040368744968834,72.97772017949566,79.66691019986523
16.423762280681593,-7.653016996802219,0.2286248948546327,7.883512907010239,-0.7579101478648091,-0.6489064463121839,0.5150091770561334,1.040368744968834,81.86988858070956,79.66463164631514
17.229725149914607,-7.094586704680337,0.2286251868265537,7.883512907010239,-0.5691406772689405,-0.6489064463121839,0.5150091770561334,1.040368744968834,81.870085781059,79.66691019986523
19.47216274894494,-7.658252394784595,0.2286248948546327,6.605848078302415,-0.0493309518699369,-0.780692461854231,0.5150091770561334,1.040368744968834,81.870085781059,79.66691019986523
17.229725149914607,-7.658252394784595,0.2286248948546327,7.883512907010239,-0.0493309518699369,-0.6489064463121839,0.5150091770561334,1.040368744968834,81.870085781059,79.66691019986523
17.229725149914607,-7.659938119950404,0.2286247444462266,7.883512907010239,-0.0493309518699369,-0.6489064463121839,0.5150091770561334,1.040368744968834,81.870085781059,79.66691019986523
17.229725149914607,-7.574550881452296,0.2292836961123848,8.488503840277154,-0.0493309518699369,-0.6489064463121839,0.5150091770561334,1.040368744968834,83.31932688182496,79.66853894375554
17.229802444541193,-7.648275022683844,0.2286248552208983,7.883512907010239,-0.0493309518699369,-0.6489064463121839,0.5150091770561334,1.040368744968834,81.870085781059,79.60228947646488
17.229725149914607,-7.658183578894381,0.2286304625434484,7.883512907010239,-0.0493309518699369,-0.6489064463121839,0.5150091770561334,1.040368744968834,81.870085781059,79.66691019986523
17.229725149914607,-7.574550881452296,0.2286247552937092,7.767972616272996,-0.0493309518699369,-0.6489064463121839,0.5239002835636459,1.040368744968834,81.870085781059,79.2860580464027
13.414930103951493,-7.658252394784595,0.1990416180046907,7.883512907010239,-0.7940463566668328,-0.6489064463121839,0.5150091770561334,1.040368744968834,81.37061243647523,79.66691019986523
17.830867509768566,-7.659418936355248,0.228629786072441,7.883512907010239,-0.5353144625321526,-0.6489064463121839,0.5150091770561334,1.040368744968834,81.870085781059,78.86306973720426
17.228262418621107,-7.651616933966626,0.228629786072441,7.883512907010239,-0.5646075998394746,-0.5240467761314784,0.5150091770561334,1.040368744968834,81.870085781059,79.6559819655819
17.229725149914607,-7.658189279902686,0.2286248948546327,7.883512907010239,-0.0493309518699369,-0.6489064463121839,0.5150091770561334,1.040368744968834,81.870085781059,79.66691019986523
17.229725149914607,-7.651224817300671,0.2286247552937092,7.883512907010239,-0.0493309518699369,-0.6489064463121839,0.5150091770561334,1.040368744968834,81.870085781059,79.2860580464027
17.229725149914607,-7.567418603105215,0.2286247552937092,7.883512907010239,-0.0493309518699369,-0.6489064463121839,0.5150091770561334,1.040368744968834,81.870085781059,79.2860580464027
17.229725149914607,-7.658252394784595,0.2119962187131599,7.883512907010239,-0.0760958119618013,-0.6489064463121839,0.5150091770561334,1.040368744968834,79.61493888724104,79.65677057015185
17.22825201772718,-7.659418936355248,0.228629786072441,7.883512907010239,-0.0493309518699369,-0.6489064463121839,0.5150091770561334,1.040368744968834,81.870085781059,79.65585383335556
17.228449128932944,-7.658341129495206,0.228629786072441,7.883512907010239,-0.0493309518699369,-0.6489064463121839,0.5150091770561334,1.0818638968219978,81.870085781059,78.86306973720426
17.229725149914607,-7.659354851174054,0.2286248948546327,7.883512907010239,-0.0459550858204877,-0.6489064463121839,0.5150091770561334,1.0257256749024473,81.869893362992,77.95068988470902
17.229725149914607,-7.659418936355248,0.2286248948546327,7.883512907010239,-0.7533426925194107,-0.6489064463121839,0.5150091770561334,1.040368744968834,81.86990969056416,76.15022455280399
17.22986264913372,-7.574550881452296,0.2286247552937092,7.883512907010239,0.0170928439670792,-0.6489064463121839,0.5150091770561334,1.040368744968834,81.870085781059,79.29904020321241
17.229725149914607,-8.900536477034143,0.2286248948546327,7.883512907010239,0.5157720870295268,-0.6489064463121839,0.5150091770561334,1.040368744968834,81.870085781059,79.66691019986523
17.229725149914607,-13.329998836093097,0.2286248948546327,7.151973562746814,-0.7533426925194107,-0.6999208410564923,0.5150091770561334,1.040368744968834,81.86990969056416,79.65585383335556
17.228319832788742,-7.061893315529154,0.2286297860025287,7.883512907010239,-0.6067898629647352,-0.6489064463121839,0.5150091770561334,1.040368744968834,81.870085781059,79.65726784276532
17.229725149914607,-7.658252394784595,0.2286249096608141,7.883512907010239,-0.0493309518699369,-0.6489064463121839,0.5150091770561334,1.012498508428206,81.870085781059,80.18517494654708
17.229725149914607,-7.583857259106852,0.2286247623475905,7.883512907010239,-0.0493309518699369,-0.6489064463121839,0.5150091770561334,1.040368744968834,72.97772017949566,75.56171810110105
17.229901583280338,-7.659418936355248,0.2286298245760017,7.883512907010239,-0.0533191902753831,-0.6489064463121839,0.5150091770561334,1.040368744968834,81.870085781059,79.65585383335556
17.22979744798119,-7.659418936355248,0.228629786072441,7.883512907010239,-0.0493309518699369,-0.6489064463121839,0.5150091770561334,1.040368744968834,81.870085781059,79.66729686113919
17.229725149914607,-7.658252394784595,0.2286248948546327,7.883512907010239,-0.0493309518699369,-0.6489064463121839,0.5150091770561334,1.040368744968834,72.97922828883307,79.66691019986523
17.345116736616376,-7.094586704680337,0.2286295278592811,7.883512907010239,-0.5691406772689405,-0.6489064463121839,0.5150091770561334,1.040368744968834,81.870085781059,79.66691019986523
17.229725149914607,-7.659418936355248,0.1948812340490241,7.883512907010239,-0.0546613731811174,-0.6489064463121839,0.5150091770561334,1.040368744968834,81.87007056576485,79.65585383335556
17.229725149914607,-7.574550881452296,0.2286247552937092,7.883512907010239,-0.0493309518699369,-0.6489064463121839,0.5150091770561334,1.040368744968834,81.870085781059,79.2860580464027
17.229725149914607,-7.659418936355248,0.2286248948546327,7.883512907010239,-0.7533426925194107,-0.6489064463121839,0.5150091770561334,1.040368744968834,81.86990969056416,79.65585383335556
17.229725149914607,-7.658252394784595,0.2286248948546327,7.883512907010239,-0.0493309518699369,-0.6489064463121839,0.4664197169219521,1.056262664959346,81.870085781059,79.66691019986523
17.229725149914607,-7.124028405288307,0.2286294734851729,7.883512907010239,-0.0493309518699369,-0.6489064463121839,0.5150091770561334,1.040368744968834,81.870085781059,79.66691019986523
17.229725149914607,-7.094586704680337,0.2286248901510555,7.935942614657222,-0.5691406772689405,-0.6489064463121839,0.5150091770561334,1.040368744968834,81.87011869954924,79.65674847482902
17.229621255313944,-7.658463063717596,0.228629786072441,7.883512907010239,-0.0493309518699369,-0.6489064463121839,0.5150091770561334,1.040368744968834,81.870085781059,79.65585383335556
17.22825201772718,-7.659418936355248,0.228629786072441,7.883512907010239,-0.0493309518699369,-0.6489064463121839,0.5150091770561334,1.040368744968834,81.870085781059,79.65585383335556
17.228395053140268,-7.131097808939032,0.2286294665241713,7.883512907010239,-0.0499405259446987,-0.6652120246939961,0.5150091770561334,1.040368744968834,81.870085781059,79.6557311810183
17.229725149914607,-7.659418936355248,0.2286248948546327,7.883512907010239,-0.7533426925194107,-0.6489064463121839,0.5150091770561334,1.040368744968834,81.86990969056416,74.75021679655134
17.229725149914607,-4.813962075382523,0.2286248948546327,7.883512907010239,-0.0493309518699369,-0.6489064463121839,0.5150091770561334,1.040368744968834,81.870085781059,79.66734407897155
17.229869943744134,-7.094586704680337,0.2286295278592811,7.883512907010239,-0.1209543550683491,-0.6489064463121839,0.5150091770561334,1.040368744968834,81.870085781059,79.6656038472276
17.229725149914607,-5.727783089159519,0.2286248948546327,7.883512907010239,-0.7533426925194107,-0.6489064463121839,0.5150091770561334,1.040368744968834,81.86991233898587,79.65585383335556
17.22825201772718,-7.658429971396517,0.228629786072441,7.883512907010239,-0.0493309518699369,-0.6489064463121839,0.5150091770561334,1.040368744968834,81.870085781059,79.65585383335556
17.229725149914607,-7.658252394784595,0.228624765297651,7.883512907010239,0.9636839948843434,-0.6489064463121839,0.5150091770561334,1.040368744968834,81.870085781059,78.88017594544957
17.228449128932944,-7.658222629979864,0.228629786072441,7.883512907010239,-0.0493309518699369,-0.6489064463121839,0.5150091770561334,1.040368744968834,81.870085781059,79.68594593490205
17.229725149914607,-7.657691672787976,0.2286295278592811,6.7436034286948825,-0.1209543550683491,-0.6489064463121839,0.4753726633025275,1.040368744968834,81.870085781059,79.66691019986523
17.229725149914607,-7.658183578894381,0.2286297687251793,7.883512907010239,0.195872082957905,-0.6489064463121839,0.3370675981948052,1.040368744968834,81.870085781059,79.66627688155994
17.229725149914607,-7.658252394784595,0.2286248948546327,7.883512907010239,-0.0493309518699369,-0.6489064463121839,0.4741191322439135,1.040368744968834,81.870085781059,79.66691019986523
17.229725149914607,-7.659329111236593,0.2286248948546327,7.883512907010239,-0.0974154201072234,-0.6489064463121839,0.5150091770561334,1.0400915083922768,81.86990969056416,79.65585383335556
17.229734542863177,-7.659418936355248,0.228629786072441,6.080375902921528,-0.6632968280748504,-0.6489064463121839,0.5150091770561334,1.040368744968834,81.87007880541924,78.86306973720426
17.229725149914607,-7.658252394784595,0.2286248948546327,7.883512907010239,-0.0493309518699369,-0.7133803574305606,0.5150091770561334,1.040368744968834,72.97772017949566,79.43391583394008
17.229725149914607,-7.071528832762894,0.2231031623773416,7.883512907010239,-0.7533426925194107,-0.6489064463121839,0.5150091770561334,1.040368744968834,81.86990969056416,79.65585383335556
17.229725149914607,-7.658252394784595,0.2286248948546327,7.830504732009807,-0.6000530125742003,-0.6489064463121839,0.5150091770561334,1.040368744968834,81.870085781059,79.66691019986523
17.22968360773889,-7.659418936355248,0.2286248948546327,7.883512907010239,-0.7533426925194107,-0.6489064463121839,0.5150091770561334,1.040368744968834,81.1160427314517,79.65585383335556
17.229725149914607,-7.094586704680337,0.2286295278592811,7.883512907010239,-0.5691406772689405,-0.6489064463121839,0.5150091770561334,1.040368744968834,81.870085781059,79.66691019986523
17.229725149914607,-7.64926208208729,0.2286248948546327,7.883512907010239,-0.0493309518699369,-0.6489064463121839,0.5150091770561334,1.040368744968834,81.870085781059,79.66691019986523
17.229725149914607,-7.582540098331805,0.2286247552937092,7.883512907010239,-0.0493309518699369,-0.6489064463121839,0.5150091770561334,1.040368744968834,81.870085781059,79.2860580464027
17.229725149914607,-5.203519418459415,0.238258815746749,7.883512907010239,-0.0493309518699369,-0.6489064463121839,0.5150091770561334,1.040368744968834,81.870085781059,78.96699866984157
17.229725149914607,-7.658252394784595,0.2286248948546327,7.883512907010239,0.0464104748007905,-0.6489064463121839,0.5150091770561334,1.040368744968834,72.97772017949566,79.66691019986523
17.22825201772718,-7.659418936355248,0.228629786072441,9.500908568000812,-0.4871198136549477,-0.7075852037351653,0.4646923468653916,1.040368744968834,81.870085781059,79.65585383335556
17.229725149914607,-6.454508173895171,0.242249705749701,7.883512907010239,-0.0493309518699369,-0.6489064463121839,0.5150091770561334,1.040368744968834,81.870085781059,79.66691019986523
17.228369462368974,-7.659357549170627,0.228629786072441,7.883512907010239,-0.0493309518699369,-0.6489064463121839,0.5150091770561334,1.040368744968834,81.870085781059,79.65585383335556
17.22807766835129,-7.6708661811926895,0.2286247552937092,7.883512907010239,-0.0493309518699369,-0.6489064463121839,0.5150091770561334,1.040368744968834,81.870085781059,79.2860580464027
17.229725149914607,-7.094586704680337,0.2286295278592811,7.883512907010239,-0.0675528405273002,-0.6489064463121839,0.5072881913130698,1.040368744968834,81.870085781059,79.66691019986523
17.228449128932944,-5.05072797202811,0.228629786072441,7.883512907010239,-0.0493309518699369,-0.6489064463121839,0.5150091770561334,1.0195081244149002,81.870085781059,78.86306973720426
17.229725149914607,-7.658252394784595,0.2286248948546327,7.348373897239636,-0.0493309518699369,-0.6489064463121839,0.5150091770561334,1.040368744968834,81.870085781059,78.90786211697475
17.104384077958066,-7.096215092696037,0.2286295174304818,7.883512907010239,-0.0438911850815575,-0.6489064463121839,0.5150091770561334,1.040368744968834,81.870085781059,79.65585383335556
17.227913715463053,-7.659418936355248,0.228629786072441,6.610524334121504,-0.0493309518699369,-0.6489064463121839,0.5150091770561334,1.040368744968834,81.870085781059,79.65585383335556
17.229725149914607,-7.659436958003274,0.2286248948546327,7.883512907010239,-0.0493309518699369,-0.6489064463121839,0.5150091770561334,1.040368744968834,72.30540298048612,79.66691019986523
17.22825201772718,-7.659418936355248,0.228629786072441,7.883512907010239,-0.0493309518699369,-0.6489064463121839,0.5150091770561334,1.040368744968834,81.870085781059,79.65585383335556
17.228449128932944,-13.882790125020437,0.228629786072441,7.883512907010239,0.0127875593256057,-0.5825080278447068,0.5150091770561334,1.040368744968834,68.89442543222671,79.74750799838478
17.229725149914607,-7.659553339664667,0.238258815746749,7.883512907010239,-0.0493309518699369,-0.6489064463121839,0.5638735909648787,1.050859185466828,88.94657074918496,82.41457443666849
17.229725149914607,-7.094586704680337,0.2286295278592811,7.485450208200756,-0.5691406772689405,-0.6489064463121839,0.516617428637703,1.040368744968834,85.30691628754298,79.66691019986523
17.22825201772718,-7.659418936355248,0.228629786072441,7.883512907010239,-0.0493309518699369,-0.6489064463121839,0.5150091770561334,1.040368744968834,81.870085781059,79.8145007660944
17.229725149914607,-7.075565099923038,0.2286250891634669,7.883512907010239,-0.7533426925194107,-0.6489064463121839,0.5150091770561334,1.040368744968834,81.86991409532556,79.65585383335556
17.228449128932944,-7.659418936355248,0.2286304622541207,7.883512907010239,-0.0493309518699369,-0.6489064463121839,0.5150091770561334,1.040368744968834,81.870085781059,78.86306973720426
17.22840419991995,-7.659323520131451,0.2286297564654119,7.883512907010239,-0.0493309518699369,-0.6489064463121839,0.5150091770561334,1.040368744968834,81.870085781059,79.6583782789437
12.500044821775411,-7.659418936355248,0.228629786072441,7.883512907010239,-0.0493309518699369,-0.6489064463121839,0.5150091770561334,1.040368744968834,81.870085781059,79.61277523551547
17.228440314197627,-7.574550881452296,0.2286296399595778,7.883512907010239,1.3888265034159666,-0.6489064463121839,0.5150091770561334,1.040368744968834,81.870085781059,79.22995064475327
17.22825201772718,-7.659418936355248,0.228629786072441,7.883512907010239,-0.0493309518699369,-0.6489064463121839,0.5150091770561334,1.040368744968834,81.870085781059,65.97511707760358
14.12884256677863,-7.800631120381725,0.2286248948546327,7.883512907010239,-0.0493309518699369,-0.6489064463121839,0.5150091770561334,1.040368744968834,81.870085781059,79.66691019986523
17.22825201772718,-7.659549413280583,0.228629786072441,8.447364122473346,-0.0493309518699369,-0.6489064463121839,0.5150091770561334,1.040368744968834,72.05837507271812,79.65585383335556
17.228247226115215,-7.63351807818238,0.2286297929034432,7.883512907010239,-0.0493309518699369,-0.6489064463121839,0.5150091770561334,1.040368744968834,81.870085781059,76.95699201168343
19.375329938473307,-7.574550881452296,0.2286247552937092,9.501954513402758,-0.0493309518699369,-0.6489064463121839,0.5150091770561334,1.040368744968834,81.870085781059,79.64612787159245
19.12564023605921,-7.662499429645136,0.2286248868972535,7.883512907010239,-0.0493309518699369,-0.6489064463121839,0.4664771823505398,1.040368744968834,81.870085781059,79.30022611008067
17.229725149914607,-7.653270648874344,0.228624884926296,7.883512907010239,-0.0493309518699369,-0.6489064463121839,0.5150091770561334,1.0264728264980192,81.870085781059,79.66691019986523
17.22824860438027,-7.659418936355248,0.2286307251743078,7.348263278300337,-0.0493309518699369,-0.6489064463121839,0.5150091770561334,1.040368744968834,81.870085781059,76.8304989739919
17.228375420594844,-7.658429971396517,0.228629786072441,8.296833478371475,-0.0659910955265612,-0.6489064463121839,0.5150091770561334,1.040368744968834,81.02292562625215,83.46604773379974
17.229725149914607,-7.574550881452296,0.238258815746749,7.883512907010239,-0.3169620979099505,-0.6489064463121839,0.5150091770561334,1.040368744968834,85.7734065053283,83.04470287531133
17.229725149914607,-7.579252871381215,0.2286304299501481,7.883512907010239,-0.0493309518699369,-0.6489064463121839,0.5150091770561334,1.040368744968834,81.870085781059,65.7540104237189
17.228449128932944,-7.659418936355248,0.2286252924378081,7.883512907010239,-0.0493309518699369,-0.6489064463121839,0.5150091770561334,1.040368744968834,81.870085781059,78.86306973720426
17.22838368475866,-5.6847574120979765,0.228624237288885,7.883512907010239,-0.0493309518699369,-0.6489064463121839,0.5150091770561334,1.040368744968834,81.870085781059,75.58230462777834
17.228371424067063,-7.651244575402371,0.228629786072441,7.883512907010239,-0.4752418706955748,-0.6489064463121839,0.5150091770561334,1.040368744968834,81.870085781059,79.6560024694036
17.229725149914607,-7.659418936355248,0.2286248948546327,8.36134679834748,-0.7533426925194107,-0.4763997393787567,0.5150091770561334,1.040368744968834,81.86990969056416,72.142512735801
17.22821269119023,-7.658254773270308,0.2286249271082652,7.883512907010239,-0.0493309518699369,-0.6489064463121839,0.5150091770561334,1.040368744968834,81.870085781059,79.66719454415502
17.22825201772718,-7.659418936355248,0.228629786072441,7.883512907010239,-1.6247678996913386,-0.6489064463121839,0.5150091770561334,1.040368744968834,81.870085781059,79.65585383335556
17.22838368475866,-5.6847574120979765,0.2286251141383014,7.883512907010239,1.9578103777521532,-0.6489064463121839,0.5897537333181702,1.040368744968834,81.870085781059,75.58230462777834
13.147225030352516,-7.094586704680337,0.2286295278592811,7.883512907010239,-0.5691406772689405,-0.6489064463121839,0.5150091770561334,1.040368744968834,81.870085781059,79.66691019986523
17.229725149914607,-7.658252394784595,0.2286297708415691,7.883512907010239,-0.0648141356288718,-0.6489064463121839,0.5150091770561334,1.0221783465454917,81.870085781059,79.66691019986523
17.229725149914607,-7.36600251003593,0.2286248948546327,7.883512907010239,0.0670533319045496,-0.6489064463121839,0.5150091770561334,1.0546382171370543,84.57397951359172,79.65603417982744
17.228475601069228,-7.658050291494106,0.228629786072441,7.883512907010239,-0.0493309518699369,-0.6489064463121839,0.5150091770561334,1.040368744968834,81.870085781059,79.64590855147901
17.229725149914607,-7.659418936355248,0.2286248948546327,7.883512907010239,-0.7533426925194107,-0.6489064463121839,0.5150091770561334,1.040368744968834,81.86990969056416,79.65585383335556
17.229725149914607,-7.658252394784595,0.2286222960239968,7.883512907010239,-0.0493309518699369,-0.6489064463121839,0.5150091770561334,1.040368744968834,81.870085781059,81.36802062167362
17.228430390736634,-7.651244575402371,0.228629786072441,7.883512907010239,-0.5194293388790712,-0.6489064463121839,0.5150091770561334,1.0868807853440985,83.83917132545346,79.6560024694036
17.229725149914607,-7.659418936355248,0.2286248948546327,8.168715251325239,-0.0573833079958987,-0.6489064463121839,0.5150091770561334,1.040368744968834,81.86990969056416,79.65585383335556
17.228663822294436,-7.659418936355248,0.2308189650433302,7.710438316914722,-0.3147261828300856,-0.6489064463121839,0.5150091770561334,1.040368744968834,81.870085781059,79.65585383335556
17.22825201772718,-7.658186073644654,0.228629786072441,7.883512907010239,-0.0493309518699369,-0.8114042813298352,0.5150091770561334,1.040368744968834,81.870085781059,79.65585383335556
17.22825201772718,-7.659418936355248,0.228629786072441,7.883512907010239,-0.7829419912376228,-0.6489064463121839,0.5150091770561334,1.040368744968834,81.870085781059,79.65585383335556
17.229725149914607,-7.580463397114897,0.2286248948546327,7.883512907010239,-0.7533426925194107,-0.6489064463121839,0.5150091770561334,1.040368744968834,81.87007680628889,79.65585383335556
17.22825201772718,-7.658429971396517,0.228629786072441,7.883512907010239,-0.0493309518699369,-0.6489064463121839,0.5150091770561334,1.040368744968834,86.46865322751452,79.45127528618926
17.228449128932944,-7.659418936355248,0.228629786072441,7.883512907010239,-0.0493309518699369,-0.6489064463121839,0.5150091770561334,1.040368744968834,81.870085781059,78.86306973720426
17.229725149914607,-7.658252394784595,0.2286248948546327,7.883512907010239,0.2563762699203451,-0.6489064463121839,0.5150091770561334,1.0380928271374816,81.870085781059,79.65541297347376
17.229725149914607,-7.658252394784595,0.2286248948546327,7.883512907010239,-0.0493309518699369,-0.6489064463121839,0.3097203694680186,1.040368744968834,81.870085781059,79.66691019986523
17.229725149914607,-7.574550881452296,0.2286247552937092,7.883512907010239,-0.0493309518699369,-0.6489064463121839,0.5150091770561334,1.040368744968834,81.870085781059,79.2860580464027
17.228074409645174,-7.658252394784595,0.2286250279501069,7.883512907010239,-0.0493309518699369,-0.6489064463121839,0.5150091770561334,1.040368744968834,81.870085781059,79.66691019986523
17.229725149914607,-7.659513323467642,0.2286248948546327,7.883512907010239,-0.7533426925194107,-0.6489064463121839,0.5150091770561334,1.040368744968834,81.86990969056416,79.65615350353632
17.229735453395215,-7.659418936355248,0.2286236755069178,7.883512907010239,-0.8082902887499621,-0.6489064463121839,0.5150091770561334,1.040368744968834,81.870085781059,79.65585383335556
17.229725149914607,-7.658252394784595,0.2282468661751959,7.883512907010239,-0.0493309518699369,-0.6489064463121839,0.5150091770561334,1.040368744968834,81.870085781059,79.66691019986523
17.22825201772718,-7.659418936355248,0.228629786072441,7.883512907010239,0.3085005468397188,-0.6489064463121839,0.5150091770561334,1.040368744968834,81.870085781059,65.97511707760358
17.228354789995194,-7.659307784162815,0.2136799981328115,7.883512907010239,-0.5194293388790712,-0.6489064463121839,0.5150091770561334,1.040368744968834,81.870085781059,78.31695891667162
17.228224575127477,-7.659418936355248,0.228629786072441,7.883512907010239,-0.0493309518699369,-0.6489064463121839,0.5150091770561334,1.040368744968834,74.91756279157318,78.86306973720426
17.22825201772718,-7.659418936355248,0.228629786072441,7.883512907010239,-0.0493309518699369,-0.6489064463121839,0.5150091770561334,1.040368744968834,81.870085781059,79.65585383335556
17.22838368475866,-5.6847574120979765,0.228624237288885,7.883512907010239,-0.0493309518699369,-0.6489064463121839,0.5150091770561334,1.0428524697509107,81.870085781059,81.40383824035517
17.22833651203296,-7.658252394784595,0.2286248948546327,7.883512907010239,0.3493833325343871,-0.6489064463121839,0.5150091770561334,1.025672681972509,81.870085781059,79.66691019986523
17.229725149914607,-7.658252394784595,0.2286248948546327,7.883512907010239,-0.0493309518699369,-0.6489064463121839,0.5150091770561334,1.040368744968834,81.870085781059,79.66691019986523
17.228244830218813,-7.659418936355248,0.2286296331990839,7.883512907010239,-0.0493309518699369,-0.6489064463121839,0.5150091770561334,1.0420955700476506,81.870085781059,79.65585383335556
17.229725149914607,-7.658252394784595,0.2286248948546327,7.883512907010239,-0.0493309518699369,-0.6489064463121839,0.5150091770561334,1.040368744968834,81.870085781059,79.66691019986523
17.22825201772718,-7.577896548255712,0.228629786072441,7.883512907010239,-0.0493309518699369,-0.6489064463121839,0.5150091770561334,1.040368744968834,83.16411626140837,65.97511707760358
17.227787721585308,-7.658204749698561,0.2286249557105066,7.883512907010239,1.7400211341758638,-0.6489064463121839,0.5316827632985577,1.040368744968834,81.870085781059,63.67124679417715
17.22825201772718,-7.659418936355248,0.228629786072441,7.883512907010239,0.6843874568542638,-0.6489064463121839,0.5150091770561334,1.040368744968834,81.870085781059,65.97511707760358
17.229725149914607,-7.659418936355248,0.2286244148086973,7.883512907010239,-0.7533426925194107,-0.6489064463121839,0.5150091770561334,1.040368744968834,81.86990969056416,79.65585383335556
17.228074409645174,-7.658252394784595,0.2286249071540361,7.883512907010239,-0.0493309518699369,-0.6489064463121839,0.5150091770561334,0.9927596315558102,81.870085781059,85.77928970162645
17.22825201772718,-7.659418936355248,0.228629786072441,7.883512907010239,0.3081146179825911,-0.6489064463121839,0.5150091770561334,1.040368744968834,81.870085781059,65.97511707760358
17.229725149914607,-6.978041645850324,0.2286295278592811,7.883512907010239,-0.0936672556970634,-0.6489064463121839,0.5150091770561334,1.040368744968834,81.870085781059,79.66691019986523
17.229725149914607,-7.660661547816463,0.2286249096333976,7.883512907010239,-0.0493309518699369,-0.5742713589576465,0.5150091770561334,1.040368744968834,80.42636211001616,79.2860580464027
17.228368577303627,-7.79962524648136,0.228629786072441,7.575267694511155,-0.5194293388790712,-0.6489064463121839,0.5150091770561334,1.040368744968834,81.870085781059,79.03526502685943
17.22944769698443,-7.659418936355248,0.228625529124193,7.937968588870156,-1.5727167271080678,-0.6489064463121839,0.5150091770561334,1.040368744968834,81.870085781059,65.97511707760358
17.22838368475866,-8.701048767475072,0.228624237288885,7.851639636145776,-0.0493309518699369,-0.6489064463121839,0.4221151454074396,1.040368744968834,81.870085781059,75.58230462777834
17.228366580730693,-7.659393426086398,0.2286246883871002,7.883512907010239,-0.0493309518699369,-0.6489064463121839,0.5150091770561334,1.040368744968834,81.870085781059,79.44861300836361
17.228074409645174,-7.658252394784595,0.2286250279501069,7.883512907010239,-0.0493309518699369,-0.6489064463121839,0.5150091770561334,1.040368744968834,81.870085781059,79.66691019986523
17.228543716024106,-7.658252394784595,0.2286291445079462,7.883512907010239,-0.0493309518699369,-0.6489064463121839,0.5150091770561334,1.040368744968834,81.870085781059,79.66691019986523
17.229725149914607,-7.658252394784595,0.2286244834153361,7.883512907010239,0.2977610385464722,-0.5167406733074338,0.5150091770561334,1.040368744968834,81.870085781059,81.14869579242226
17.22825201772718,-7.659418936355248,0.228629786072441,7.883512907010239,-0.0493309518699369,-0.6489064463121839,0.5150091770561334,1.040368744968834,81.870085781059,79.65585383335556
12.414038765076732,-7.659418936355248,0.228629786072441,7.883512907010239,-0.0493309518699369,-0.6489064463121839,0.5150091770561334,1.040368744968834,81.870085781059,77.86365199652464
17.22825201772718,-7.659418936355248,0.228629786072441,7.883512907010239,-0.0493309518699369,-0.6489064463121839,0.5150091770561334,1.040368744968834,81.870085781059,79.65585383335556
17.229725149914607,-7.658322469612655,0.2286248948546327,7.883512907010239,-0.0493309518699369,-0.6489064463121839,0.5150091770561334,1.040368744968834,81.870085781059,79.66691019986523
17.228176334942553,-7.673981593598443,0.228629786072441,7.883512907010239,-0.5194293388790712,-0.6489064463121839,0.5150091770561334,1.040368744968834,82.91594596241694,79.31282139700576
17.22825201772718,-7.659418936355248,0.2286302951144024,7.883512907010239,-0.0493309518699369,-0.6489064463121839,0.5214915142569934,1.040368744968834,81.870085781059,79.57873225931849
17.229725149914607,-7.635631899017996,0.281149286466904,7.883512907010239,-0.5691406772689405,-0.6489064463121839,0.5150091770561334,1.040368744968834,81.870085781059,79.66691019986523
17.22825201772718,-7.659418936355248,0.228629786072441,7.883512907010239,-0.0493309518699369,-0.6489064463121839,0.5150091770561334,1.1212213021499695,81.870085781059,79.65585383335556
17.229725149914607,-7.655494620377555,0.2286247552937092,7.883512907010239,-0.0493309518699369,-0.6489064463121839,0.5150091770561334,1.040368744968834,81.870085781059,79.2860580464027
17.22825201772718,-7.659418936355248,0.228629786072441,7.883512907010239,0.3085005468397188,-0.6489064463121839,0.5150091770561334,1.040368744968834,70.26847916313139,65.97511707760358
17.228248504945746,-7.6597286714686525,0.228629134850245,8.61376468131034,-0.0493309518699369,-0.6489064463121839,0.5150091770561334,1.040368744968834,81.870085781059,79.65585383335556
17.22825201772718,-7.659418936355248,0.2286299700760132,7.883512907010239,0.3801153770890941,-0.6489064463121839,0.5150091770561334,1.040368744968834,81.870085781059,65.97511707760358
17.229725149914607,-7.094586704680337,0.2286295098542402,7.883512907010239,-0.5772217932960615,-0.6489064463121839,0.5150091770561334,1.040368744968834,81.87011612640643,79.66575066738977
17.228272093099193,-7.095271374016614,0.2286295098542402,7.883512907010239,-0.0225195427296238,-0.600214907897809,0.5150091770561334,1.040368744968834,81.87011612640643,79.66575066738977
17.22825201772718,-7.659418936355248,0.228629786072441,7.883512907010239,-0.0600973405391318,-0.6489064463121839,0.5150091770561334,1.040368744968834,81.30676082549016,65.97511707760358
17.22838368475866,-7.292733953866337,0.2286312383389341,7.883512907010239,-0.0493309518699369,-0.6489064463121839,0.5150091770561334,1.040368744968834,81.870085781059,75.58230462777834
17.228547504119767,-7.651244575402371,0.1915083401076211,7.883512907010239,-0.5194293388790712,-0.6489064463121839,0.3098723662700817,1.040368744968834,81.870085781059,79.65613091008159
17.228244830218813,-7.659418936355248,0.2286296331990839,7.883512907010239,-0.0493309518699369,-0.6489064463121839,0.5150091770561334,1.0420955700476506,81.870085781059,79.65585383335556
17.228543716024106,-7.658252394784595,0.2286242895362307,7.883512907010239,-0.7518201625953385,-0.6489064463121839,0.5150091770561334,1.040368744968834,81.870085781059,79.66691019986523
17.229725149914607,-7.125291395962478,0.2286295278592811,7.883512907010239,-0.5691406772689405,-0.6489064463121839,0.5150091770561334,1.040368744968834,81.870085781059,79.66715309814779
17.22854423532081,-7.658252394784595,0.2286291231067164,7.883512907010239,-0.0493309518699369,-0.6489064463121839,0.5150091770561334,1.040368744968834,81.870085781059,79.66691019986523
17.22829725183702,-6.795170504867702,0.2286249672125714,7.883512907010239,0.3792206791168695,-0.6489064463121839,0.5150091770561334,1.0404339444367556,81.870085781059,79.66691019986523
17.22825201772718,-7.659418936355248,0.228629786072441,7.883512907010239,-0.1345669187211626,-0.6489064463121839,0.6076901816168818,1.040368744968834,81.870085781059,68.24131963824314
17.22968817917471,-7.094586704680337,0.2286298133346098,7.883512907010239,-0.0467257053885266,-0.6489064463121839,0.5150091770561334,1.040368744968834,81.87011612640643,80.35898503199776
17.229725149914607,-7.658090205087495,0.2286242880275155,7.883512907010239,-0.0493309518699369,-0.6338908379493258,0.5150091770561334,1.040368744968834,81.870085781059,79.66691019986523
17.229725149914607,-8.02543616529473,0.2286248948546327,7.883512907010239,-0.0493309518699369,-0.6489064463121839,0.5130692678489301,1.025372853328817,81.870085781059,79.66691019986523
17.819630167317314,-7.64410422984591,0.2286295677644122,7.883512907010239,-0.1102446648286346,-0.6489064463121839,0.5150091770561334,1.040368744968834,89.67224376599191,79.66683923591998
17.229725149914607,-7.084375861192315,0.2286295098542402,7.883512907010239,-0.5772217932960615,-0.6489064463121839,0.5150091770561334,1.040368744968834,81.87011612640643,79.63496936149136
17.228245108067064,-7.574550881452296,0.2286247552937092,7.883512907010239,-0.0493309518699369,-0.6489064463121839,0.5150091770561334,1.0450081190859808,81.870085781059,66.39680359653897
17.229725149914607,-7.574550881452296,0.2286247552937092,7.883512907010239,-0.0493309518699369,-0.6489064463121839,0.5150091770561334,1.0465745600813636,81.87008700027957,79.2860580464027
17.229725149914607,-7.574550881452296,0.2286247552937092,7.883512907010239,-0.0493309518699369,-0.6489064463121839,0.5150091770561334,1.040368744968834,81.870085781059,79.2860580464027
17.229725149914607,-7.658252394784595,0.2286292108456166,7.883512907010239,-0.0493309518699369,-0.6489064463121839,0.5150091770561334,1.040368744968834,81.870085781059,79.66691019986523
17.228276489590336,-7.579596315073672,0.202642533170466,7.883512907010239,-0.0493309518699369,-0.6489064463121839,0.5150091770561334,1.040368744968834,81.870085781059,76.460013791617
16.986154302621415,-7.659418936355248,0.2286256741220285,7.883512907010239,-0.7533426925194107,-0.6489064463121839,0.4562010143028121,1.040368744968834,81.86990969056416,79.65585383335556
17.228073980623236,-7.659365732837317,0.2286246705175231,7.883512907010239,-0.0493309518699369,-0.6575607548168318,0.5150091770561334,1.040368744968834,81.870085781059,78.29564787287624
17.22825201772718,-7.659418936355248,0.228629786072441,7.883512907010239,-0.0493309518699369,-0.6489064463121839,0.5150091770561334,1.040368744968834,81.870085781059,78.67702027793564
17.22825201772718,-7.658452072187032,0.2286301076978385,7.883512907010239,-0.0493309518699369,-0.6489064463121839,0.5150091770561334,1.040368744968834,81.870085781059,65.97511707760358
17.22842817490121,-7.572968502708338,0.228629786072441,7.883512907010239,0.3085005468397188,-0.6489064463121839,0.5150091770561334,1.040368744968834,81.870085781059,65.87184916110573
17.22825201772718,-7.659418936355248,0.228629786072441,7.883512907010239,-0.0493309518699369,-0.6489064463121839,0.5150091770561334,1.0441413463422715,81.870085781059,79.65585383335556
17.228271503780398,-7.659350364742018,0.2187777853106838,7.883512907010239,-0.0493309518699369,-0.6489064463121839,0.5150091770561334,1.040368744968834,81.870085781059,79.65642793137792
17.228315223599857,-7.659264786368327,0.2185893939574869,7.883512907010239,-0.0493309518699369,-0.6489064463121839,0.5150091770561334,1.040368744968834,81.870085781059,79.6564237541167
17.229773628894122,-11.42820656521371,0.2187777853106838,7.883512907010239,0.0581278357336501,-0.6489064463121839,0.5150091770561334,1.040368744968834,81.870085781059,79.65642793137792
17.229725149914607,-7.574550881452296,0.2286247552937092,7.883512907010239,-0.0493309518699369,-0.6489064463121839,0.5150091770561334,1.040368744968834,81.870085781059,77.7819135770767
17.229686116656076,-7.659418936355248,0.228629786072441,7.883512907010239,-0.0493309518699369,-0.6489064463121839,0.5150091770561334,1.040368744968834,81.870085781059,79.65585383335556
17.229725149914607,-7.575414610070428,0.2286247552937092,7.883512907010239,-0.0493309518699369,-0.6489064463121839,0.5150091770561334,1.043102213132581,84.01206671819082,79.27227865863988
17.229725149914607,-7.158666804308677,0.2286247597762228,7.981503732717453,0.0127943943889725,-0.6489064463121839,0.6623438626459834,1.040368744968834,81.870085781059,79.66691019986523
17.228271503780398,-7.659346421095829,0.2181518963176576,7.883512907010239,0.3256040863025227,-0.6489064463121839,0.5150091770561334,1.040368744968834,81.870085781059,79.65642793137792
17.228273535441616,-7.659403711389919,0.2273818696798025,5.235738356485021,0.1884351950236116,-0.6489064463121839,0.5150091770561334,1.040368744968834,81.870085781059,79.65646892530455
17.22825201772718,-7.659418936355248,0.2286295300184241,7.883512907010239,-0.0493309518699369,-0.6489064463121839,0.5150091770561334,1.040368744968834,81.87012028087173,67.14326299726075
17.229931744380373,-7.657660043844604,0.2286244688100021,7.883512907010239,-0.0493309518699369,-0.6489064463121839,0.5150091770561334,1.040368744968834,81.870085781059,79.66691019986523
17.22999218836702,-7.659342393234789,0.2187777853106838,7.883512907010239,-0.7342287391192723,-0.6489064463121839,0.5150091770561334,1.040368744968834,81.870085781059,79.65642576448401
17.228272724089784,-7.659417023912523,0.2187777853106838,7.73510772556531,-0.0493309518699369,-0.6489064463121839,0.5150091770561334,1.040368744968834,81.870085781059,79.65585041188218
19.20556270983565,-7.658252394784595,0.2286285599807852,7.883512907010239,-0.0493309518699369,-0.6489064463121839,0.5150091770561334,1.040368744968834,81.870085781059,79.66691019986523
17.228251941971656,-7.659418936355248,0.2286243393020426,7.883512907010239,-0.0493309518699369,-0.6489064463121839,0.4899237524090418,1.040368744968834,81.870085781059,79.65585383335556
17.228271503780398,-7.659350364742018,0.2187777853106838,7.883512907010239,-0.0493309518699369,-0.6489064463121839,0.4811790349559941,1.040368744968834,81.870085781059,79.65642793137792
17.22825201772718,-7.659418936355248,0.228629786072441,7.883512907010239,-0.0493309518699369,-0.6489064463121839,0.3393483489290954,1.040368744968834,81.870085781059,79.65585383335556
17.22825201772718,-8.084230756262695,0.228629786072441,7.883512907010239,-0.0493309518699369,-0.6489064463121839,0.5150091770561334,1.040368744968834,81.870085781059,65.97511707760358
17.228243692049347,-7.658252394784595,0.2286250279501069,8.644432555013935,-0.0493309518699369,-0.6489064463121839,0.5150091770561334,1.040368744968834,81.870085781059,79.66691019986523
13.676220613272022,-10.48316224575263,0.228629786072441,7.883512907010239,-0.0493309518699369,-0.6489064463121839,0.5150091770561334,1.040372295096765,82.32301621755127,65.97511707760358
17.22851200560897,-7.658252394784595,0.2286248948546327,7.009901368233955,0.3725085382019237,-0.6489064463121839,0.5150091770561334,1.025672681972509,81.870085781059,79.66691019986523
17.22823060440065,-7.658056948086799,0.228625037566296,7.883512907010239,-0.7533426925194107,-0.6784764371229604,0.5150091770561334,1.040368744968834,81.86988389050947,79.65585383335556
17.229767289760566,-7.659280235434984,0.2286248948546327,7.883512907010239,-0.7533426925194107,-0.6489064463121839,0.5150091770561334,1.040368744968834,81.86991330919375,79.65585383335556
17.229725149914607,-7.574550881452296,0.2286248921953766,7.883512907010239,-0.0493309518699369,-0.6489064463121839,0.5150091770561334,1.040368744968834,81.870085781059,79.65334444839723
17.22825201772718,-7.659418936355248,0.228629786072441,7.198919417547817,-0.0493309518699369,-0.6489064463121839,0.5150091770561334,1.040368744968834,81.870085781059,69.12546537031615
17.229725149914607,-7.046345367909542,0.2286248948546327,7.883512907010239,-0.0493309518699369,-0.6489064463121839,0.5150091770561334,1.040368744968834,81.870085781059,79.66691019986523
17.22825201772718,-11.795718346088782,0.2475020802966179,7.883512907010239,0.3920182313982394,-0.6135826843687529,0.5150091770561334,1.0397438438609294,81.870085781059,79.65098449116829
17.22854148622868,-7.659418936355248,0.228629786072441,7.883512907010239,-0.0493309518699369,-0.6489064463121839,0.5150091770561334,1.040368744968834,81.870085781059,65.3288037779589
18.587173683764668,-2.343149264517088,0.2286248655274526,7.883512907010239,-0.0493309518699369,-0.6489064463121839,0.5150091770561334,1.040368744968834,81.870085781059,79.68251597321138
17.229725149914607,-7.574550881452296,0.2286251703750304,7.883512907010239,-0.6539371575229094,-0.9063300268558484,0.5150091770561334,1.040368744968834,81.870085781059,79.11253110369005
17.22825201772718,-7.659418936355248,0.228629786072441,7.883512907010239,1.1562421272994232,-0.6489064463121839,0.5150091770561334,1.040368744968834,81.870085781059,79.66653338683271
17.22986607139002,-7.658252394784595,0.2286248948546327,7.883512907010239,0.2718670853112179,-0.6489064463121839,0.3072303231342936,1.040368744968834,81.870085781059,79.66691019986523
17.22957410302942,-6.973567842919072,0.2286297687829065,7.883512907010239,-0.5772217932960615,-0.6489064463121839,0.5150091770561334,1.040368744968834,81.87008887587439,79.66575066738977
17.22973327420315,-7.658252394784595,0.2188954356646074,7.883512907010239,-0.0493309518699369,-0.6489064463121839,0.5150091770561334,1.040368744968834,81.870085781059,79.65771192872852
17.22825201772718,-7.659418936355248,0.2357405772009654,7.883512907010239,-0.0493309518699369,-0.6489064463121839,0.5150091770561334,1.0145365783886786,81.870085781059,79.65585383335556
17.22825201772718,-7.659418936355248,0.2471990369962901,7.883512907010239,-0.0493309518699369,-0.6489064463121839,0.4782084816850747,1.0521308633166893,84.1411133263982,65.97511707760358
17.229725149914607,-7.574550881452296,0.1787984057042561,7.883512907010239,-0.0493309518699369,-0.6489064463121839,0.5150091770561334,1.040368744968834,78.47535829654069,79.2860580464027
18.56343023999274,-7.094586704680337,0.2286303656472201,7.883512907010239,-0.561432365518236,-0.6489064463121839,0.5150091770561334,1.040368744968834,81.87011612640643,79.66656814157476
17.22856934222736,-6.58432772202438,0.228629786072441,7.883512907010239,0.3091460324104034,-0.6489064463121839,0.5150091770561334,1.040368744968834,80.99743499961619,65.97511707760358
15.776919698344976,-9.322624475436555,0.228629786072441,7.883512907010239,-0.0493309518699369,-0.6489064463121839,0.5150091770561334,1.040368744968834,81.870085781059,79.65585383335556
17.22825201772718,-7.659418936355248,0.228629786072441,7.883512907010239,-0.0493309518699369,-0.6489064463121839,0.5150091770561334,1.040368744968834,81.8700842979496,79.66488352210186
17.22825201772718,-7.659418936355248,0.228629786072441,7.883512907010239,-0.0493309518699369,-0.6489064463121839,0.5752801574163227,1.040368744968834,81.87008568867682,79.66488352210186
17.229725149914607,-7.574550881452296,0.2286247552937092,7.883512907010239,-0.0493309518699369,-0.6489064463121839,0.5150091770561334,1.040368744968834,81.870085781059,79.2860580464027
18.607999495960957,-9.248629993823911,0.228629786072441,7.883512907010239,-0.0493309518699369,-0.6489064463121839,0.5150091770561334,1.040368744968834,81.870085781059,81.69385803714079
17.229725149914607,-7.094586704680337,0.2286295278592811,7.883512907010239,-0.5691406772689405,-0.6489064463121839,0.5150091770561334,1.040368744968834,81.870085781059,79.66691019986523
17.229725149914607,-7.658346246760066,0.2286248948546327,7.883512907010239,-0.0493309518699369,-0.6489064463121839,0.5150091770561334,1.040368744968834,66.05633248417817,66.59508510562829
17.229725149914607,-7.57323423262158,0.2286296505577654,7.883512907010239,-0.0493309518699369,-0.6489064463121839,0.5150091770561334,1.040368744968834,81.870085781059,79.2860580464027
17.229725149914607,-7.658252394784595,0.2273924747136851,7.883512907010239,-0.0493309518699369,-0.6489064463121839,0.5150091770561334,1.040368744968834,81.870085781059,79.66594456324164
17.229725149914607,-7.659418936355248,0.2286248948546327,7.13990493470542,-0.8161840297541154,-0.6489064463121839,0.5150091770561334,1.040368744968834,81.869912465688,79.65585383335556
17.22835035698197,-7.126737141966043,0.228629786072441,7.883512907010239,-0.0493309518699369,-0.6833991555835701,0.5150091770561334,1.0507647555801929,81.87008417156125,79.66488352210186
17.22833651203296,-7.659516793831152,0.2286248948546327,7.883512907010239,0.3493833325343871,-0.6489064463121839,0.5150091770561334,1.0427796388923014,81.870085781059,79.66691019986523
17.229725149914607,-7.094586704680337,0.228624798569675,7.883512907010239,-0.5772217932960615,-0.6489064463121839,0.5150091770561334,1.040368744968834,81.87011612640643,79.65565563747519
17.22825201772718,-7.659418936355248,0.228629786072441,7.883512907010239,-0.0493309518699369,-0.6489064463121839,0.5150091770561334,1.040368744968834,81.870085781059,79.65585383335556
17.22825201772718,-7.659418936355248,0.228629786072441,7.883512907010239,0.1919020708333896,-0.6489064463121839,0.5150091770561334,1.040368744968834,81.8700947173954,65.97511707760358
17.229747537180856,-7.658310842871725,0.2286248948546327,7.883512907010239,1.0906093413210716,-0.6489064463121839,0.5150091770561334,1.040368744968834,81.870085781059,79.65531408453823
19.282167261514186,-7.574150130665668,0.2286249855775589,7.883512907010239,-0.0493309518699369,-0.6489064463121839,0.5150091770561334,1.040368744968834,81.870085781059,66.24710896087689
17.494577473539337,-1.6638656090571755,0.228629786072441,7.883512907010239,1.475361022515953,-0.6489064463121839,0.5150091770561334,1.040368744968834,81.870085781059,65.97511707760358
17.229725149914607,-7.924234368406802,0.2286248987053711,7.883512907010239,-0.0493309518699369,-0.6489064463121839,0.3745451482531365,1.040368744968834,81.870085781059,92.87263282627876
17.229725149914607,-7.574550881452296,0.2286247552937092,7.883512907010239,-0.0493309518699369,-0.6489064463121839,0.5150091770561334,1.040368744968834,81.870085781059,79.33473919055346
17.22825201772718,-7.661890090841755,0.2286253039423428,7.883512907010239,-0.0493309518699369,-0.6489064463121839,0.5150091770561334,1.040368744968834,81.870085781059,79.25354867573347
17.229725149914607,-7.574550881452296,0.2286247552937092,7.883512907010239,-0.0493309518699369,-0.6489064463121839,0.5150091770561334,1.040368744968834,81.870085781059,79.2860580464027
17.22825201772718,-7.659418936355248,0.228629786072441,7.883512907010239,-1.0951641555407754,-0.6796107695462488,0.5150091770561334,1.0786380675394005,81.870085781059,79.65585383335556
17.22975666070014,-7.560618657389206,0.228235820801689,7.883512907010239,-0.0493309518699369,-0.6489064463121839,0.5150091770561334,1.0437067216356826,81.870085781059,79.1686438597497
17.22825201772718,-7.659418936355248,0.228629786072441,7.883512907010239,0.3110446120661549,-0.6489064463121839,0.6347654551685091,1.040368744968834,81.870085781059,66.66361368097448
17.22825201772718,-7.659418936355248,0.228629786072441,7.883512907010239,-0.0493309518699369,-0.6517935337139651,0.5150091770561334,1.040368744968834,73.31423452819107,82.69502977793398
17.22825201772718,-7.659418936355248,0.228629786072441,7.883512907010239,0.0076178746259749,-0.6489064463121839,0.5150091770561334,1.040368744968834,81.870085781059,64.37938089284097
16.603413790228828,-7.659418936355248,0.228629786072441,7.883512907010239,-0.0493309518699369,-0.6489064463121839,0.5150091770561334,1.040368744968834,81.870085781059,65.97511707760358
17.228259290299583,-7.658299711090271,0.228629786072441,7.883512907010239,-0.0241868650400807,-0.6489064463121839,0.5150091770561334,1.0239128034330918,81.870085781059,79.65585383335556
17.229725149914607,-7.665459773088637,0.2286247552937092,8.197264455933176,-0.0493309518699369,-0.6489064463121839,0.5150091770561334,1.040368744968834,81.870085781059,79.30654225769942
17.22967852188529,-7.65817404437859,0.228629926717032,7.883512907010239,0.2803685387972869,-0.6489064463121839,0.5150091770561334,1.040368744968834,81.870085781059,79.65585383335556
17.229725149914607,-7.658252394784595,0.2286248948546327,7.883512907010239,-0.0493309518699369,-0.572465004734781,0.5150091770561334,1.040368744968834,81.870085781059,82.5447072263329
17.228270297182632,-8.270748155080332,0.2272028303480304,7.883512907010239,-0.0493309518699369,-0.6489064463121839,0.5150091770561334,1.040368744968834,81.870085781059,80.65498148587122
17.228074409645174,-7.658252394784595,0.2286250279501069,7.883512907010239,-0.0493309518699369,-0.6489064463121839,0.5150091770561334,1.040368744968834,81.870085781059,79.66691019986523
17.22825201772718,-7.659418936355248,0.228629786072441,7.883512907010239,-0.0493309518699369,-0.6489064463121839,0.5150091770561334,1.040368744968834,81.870085781059,65.97511707760358
17.229725149914607,-7.658252394784595,0.2286248948546327,7.883512907010239,-0.0493309518699369,-0.6489064463121839,0.5150091770561334,1.040368744968834,81.870085781059,79.66691019986523
17.22825201772718,-7.659418936355248,0.228629786072441,7.883512907010239,-0.0493309518699369,-0.6489064463121839,0.5150091770561334,1.0458228907991685,81.8700842979496,79.66488352210186
17.229725149914607,-7.574550881452296,0.2286247552937092,7.883512907010239,-0.0493309518699369,-0.6489064463121839,0.5150091770561334,1.040368744968834,81.870085781059,79.61390701736082
17.22836454016233,-7.658252394784595,0.2286248948546327,7.883512907010239,-0.0493309518699369,-0.6489064463121839,0.5052805819079877,1.0236997729083612,81.870085781059,79.66691019986523
9.768449044858247,-7.658252394784595,0.227973061743647,7.883512907010239,-0.0493309518699369,-0.6489064463121839,0.6657038518719642,1.040368744968834,81.870085781059,79.66691019986523
17.228275404312534,-7.65930881805687,0.2286248948546327,7.883512907010239,-0.0493309518699369,-0.6489064463121839,0.5150091770561334,1.040368744968834,81.870085781059,79.66691019986523
17.228419410223047,-7.571965535916107,0.2286248714724623,7.883512907010239,-0.0493309518699369,-0.6489064463121839,0.5150091770561334,1.040368744968834,81.870085781059,79.68883759702332
17.228543716024106,-7.658252394784595,0.2286291464734542,7.883512907010239,-0.0493309518699369,-0.6489064463121839,0.429558612110843,1.041883435280919,81.870085781059,79.65587151682034
17.22968770627658,-7.6685578453842815,0.2286251918455734,7.883512907010239,-0.0493309518699369,-0.6489064463121839,0.5150091770561334,0.9703442223884876,81.870085781059,79.65636557985857
17.22825201772718,-7.659418936355248,0.228629786072441,7.883512907010239,0.3085005468397188,-0.6489064463121839,0.5150091770561334,1.040368744968834,81.870085781059,57.74214773227947
17.229725149914607,-8.611897669173407,0.228629806575395,7.883512907010239,-0.0502003266253154,-0.6489064463121839,0.5150091770561334,1.040368744968834,81.86989157534518,79.65585383335556
17.229725149914607,-7.574550881452296,0.2286248873290487,7.883512907010239,-0.0493309518699369,-0.7957573510710905,0.5150091770561334,1.040368744968834,81.870085781059,81.38519079961003
17.228543716024106,-7.533269788978345,0.2286291445079462,7.883512907010239,-0.0493309518699369,-0.6489064463121839,0.5150091770561334,1.040368744968834,81.870085781059,79.66691019986523
17.229725149914607,-7.094586704680337,0.2286295278592811,9.032093067414069,-0.5691406772689405,-0.6489064463121839,0.5150091770561334,1.040368744968834,81.870085781059,79.66691019986523
17.22825201772718,-7.659418936355248,0.228629786072441,7.883512907010239,0.3085005468397188,-0.6489064463121839,0.5150091770561334,1.040368744968834,81.870085781059,65.97511707760358
16.506450131339818,-7.506534446053477,0.2286300712078971,7.883512907010239,-0.0493309518699369,-0.6489064463121839,0.5150091770561334,1.040368744968834,81.8700842979496,79.66488352210186
17.228466181921092,-7.6582656932720194,0.2286291445079462,7.883512907010239,-0.0493309518699369,-0.6489064463121839,0.5150091770561334,1.040368744968834,81.870085781059,79.66691019986523
17.229725149914607,-7.574550881452296,0.2370812286742223,7.883512907010239,-0.0493309518699369,-0.6489064463121839,0.5150091770561334,1.040368744968834,81.870085781059,79.2860580464027
17.22825201772718,-7.659418936355248,0.2318451136791263,7.883512907010239,0.1996725717288949,-0.6489064463121839,0.5150091770561334,1.040368744968834,81.870085781059,79.28001417876487
17.229725149914607,-7.574550881452296,0.2286247552937092,7.883512907010239,-0.0493309518699369,-0.6489064463121839,0.5150091770561334,1.040368744968834,81.870085781059,79.2860580464027
17.22825201772718,-7.65827291057513,0.2286301139866397,7.883512907010239,-0.0493309518699369,-0.6489064463121839,0.5150091770561334,1.040368744968834,81.870085781059,65.97511707760358
17.229725149914607,-7.641900784268127,0.2344473625904157,7.883512907010239,-0.08351333035632,-0.6489064463121839,0.5150091770561334,1.040368744968834,81.87011877385751,79.66691019986523
17.229725149914607,-7.658252394784595,0.2710242283654783,7.883512907010239,-0.0397334502476134,-0.6489064463121839,0.5150091770561334,1.040368744968834,81.870085781059,79.66691019986523
18.366584610773764,-7.659418936355248,0.228629786072441,7.883512907010239,-0.0493309518699369,-0.7298522539137302,0.5150091770561334,1.040368744968834,81.870085781059,78.52097202851328
17.228244830218813,-7.659418936355248,0.2286296327474795,7.883512907010239,-0.0493309518699369,-0.6489064463121839,0.5150091770561334,1.0420955700476506,81.870085781059,79.65585383335556
16.26220301265731,-7.658252394784595,0.237583615375565,7.883512907010239,-0.0493309518699369,-0.6489064463121839,0.5150091770561334,1.040368744968834,81.870085781059,79.66691019986523
17.228563359132494,-7.659379157225853,0.228629786072441,7.883512907010239,-0.0493309518699369,-0.6489064463121839,0.5150091770561334,1.040368744968834,81.870085781059,81.22518004403096
17.229725149914607,-7.094586704680337,0.2286295098542402,7.883512907010239,-1.2614990976464142,-0.6489064463121839,0.5150091770561334,1.040368744968834,81.87011612640643,90.06976520142337
17.228206418399765,-7.5590910442098735,0.2286254883463009,7.883512907010239,0.3118325313778847,-0.6489064463121839,0.631753446929304,1.040368744968834,81.870085781059,79.2860580464027
17.229725149914607,-7.094586704680337,0.2286236607039611,7.883512907010239,-0.060695684933119,-0.6489064463121839,0.5150091770561334,1.040368744968834,81.87011612640643,79.66575066738977
17.22825201772718,-7.659418936355248,0.228629786072441,7.883512907010239,-0.0586303843030773,-0.7541551583035944,0.5150091770561334,1.040368744968834,81.870085781059,79.65585241787343
17.229725149914607,-7.094586704680337,0.2286295098542402,7.883512907010239,-0.5772217932960615,-0.6489064463121839,0.5150091770561334,1.040368744968834,81.87011612640643,79.66692122085477
17.22825201772718,-7.659418936355248,0.228629786072441,7.883512907010239,-0.0493309518699369,-0.6489064463121839,0.5150091770561334,1.040368744968834,81.870085781059,65.97511707760358
17.229725149914607,-7.575705238080864,0.2286247552937092,7.883512907010239,-0.0493309518699369,-0.6489064463121839,0.5269437216577413,1.040368744968834,84.05057313303877,79.25932616442168
16.962831093857652,-7.098451724873577,0.2286295098542402,7.883512907010239,-0.6117884313517425,-0.6489064463121839,0.5150091770561334,1.040368744968834,81.87011612640643,79.66575066738977
17.22825201772718,-7.659418936355248,0.228629786072441,7.883512907010239,0.3085005468397188,-0.6489064463121839,0.5150091770561334,1.040368744968834,71.93427544248735,65.97511707760358
17.229725149914607,-7.659418936355248,0.2286248948546327,7.883512907010239,-0.7533426925194107,-0.6489064463121839,0.5150091770561334,1.0311646420422091,81.87008585941192,79.65585383335556
17.228216194532827,-7.659294803152033,0.2239962569860649,7.883512907010239,-0.0493309518699369,-0.6489064463121839,0.4673500749233714,1.0667739088991008,81.870085781059,79.66691019986523
17.22825201772718,-7.659418936355248,0.228629786072441,7.883512907010239,-0.0493309518699369,-0.6489064463121839,0.5150091770561334,1.040368744968834,81.870085781059,79.65585383335556
17.229571352490566,-7.659418936355248,0.2286254811313905,7.883512907010239,-0.0493309518699369,-0.6489064463121839,0.5150091770561334,1.040368744968834,81.870085781059,65.97511707760358
17.22770425807103,-7.658203381895458,0.2286248948546327,7.883512907010239,-0.0493309518699369,-0.6489064463121839,0.5150091770561334,1.040368744968834,81.870085781059,74.600831780686
17.228450712700948,-7.658252394784595,0.2286291467166243,7.883512907010239,-0.6023581336271597,-0.6489064463121839,0.5150091770561334,1.040368744968834,81.870085781059,79.66691019986523
17.2296961440246,-7.659478337395804,0.2286248948546327,7.883512907010239,-0.0493309518699369,-0.6489064463121839,0.5150091770561334,1.040368744968834,81.870085781059,66.15386159390026
17.228131657875053,-7.094586704680337,0.2286295278592811,7.883512907010239,-0.5823876496005802,-0.6489064463121839,0.5150091770561334,1.040368744968834,81.870085781059,79.66691019986523
17.229725149914607,-7.658252394784595,0.2286248948546327,7.883512907010239,-0.0493309518699369,-0.885811542042924,0.5150091770561334,1.040368744968834,79.6716525753863,79.66677362231133
17.22825201772718,-7.659418936355248,0.228629786072441,7.883512907010239,0.3085005468397188,-0.6489064463121839,0.5150091770561334,1.040368744968834,81.870085781059,65.97511707760358
17.22825201772718,-7.659418936355248,0.228629786072441,8.228099580816341,-0.0493309518699369,-0.6489064463121839,0.5150091770561334,1.040368744968834,80.81120779979722,79.65585383335556
17.229725149914607,-7.659827234400698,0.2286248948546327,7.883512907010239,-0.1087021375786836,-0.6489064463121839,0.4068583454990697,1.040368744968834,81.86989983079641,81.23434355426889
17.22825201772718,-7.659418936355248,0.228629786072441,7.883512907010239,0.3085005468397188,-0.6489064463121839,0.5208814348743378,1.040368744968834,81.870085781059,65.97511707760358
17.229761873145875,-7.094586704680337,0.2286294688160223,7.883512907010239,-0.5772217932960615,-0.6489064463121839,0.5150091770561334,1.040368744968834,81.87011612640643,79.66575066738977
17.22834313791043,-7.6595264883875185,0.228629786072441,7.883512907010239,-0.0035974953001787,-0.6489064463121839,0.5150091770561334,1.0478097959566075,81.870085781059,65.97511707760358
17.229725149914607,-7.790666906925276,0.228629531118988,7.883512907010239,-0.53408740646376,-0.6489064463121839,0.5150091770561334,1.040368744968834,84.821516132937,79.66691019986523
17.22825201772718,-7.659418936355248,0.228629786072441,7.883512907010239,-0.0493309518699369,-0.6489064463121839,0.5150091770561334,1.040368744968834,81.870085781059,79.65585383335556
17.22828983957443,-7.574076932529161,0.2286247552937092,7.883512907010239,-0.0493309518699369,-0.6489064463121839,0.5150091770561334,1.040368744968834,81.870085781059,79.63408388169066
17.228271503780398,-7.659350364742018,0.2187777853106838,7.883512907010239,-0.0493309518699369,-0.6489064463121839,0.7046434630288163,1.040368744968834,81.870085781059,79.65642793137792
17.22825201772718,-7.659693919401123,0.2286250526113527,7.883512907010239,-0.0493309518699369,-0.6489064463121839,0.5150091770561334,1.040368744968834,81.870085781059,79.40052158656835
17.228271503780398,-7.618661281605988,0.2187777853106838,7.883512907010239,0.3914738431919851,-0.6489064463121839,0.5150091770561334,1.040368744968834,81.870085781059,79.65642793137792
18.41393454333568,1.169209601030392,0.2286247741252421,7.883512907010239,-0.0493309518699369,-0.6489064463121839,0.5150091770561334,1.040368744968834,81.87013798257809,79.2860580464027
17.229725149914607,-7.73456335699457,0.2286295278592811,7.883512907010239,-0.5691406772689405,-0.6489064463121839,0.5150091770561334,1.040368744968834,81.86990445659274,77.44690833315587
17.22825201772718,-9.588671560881178,0.228629786072441,7.883512907010239,0.3085005468397188,-0.703721316832264,0.5150091770561334,1.040368744968834,81.23272586989196,65.97511707760358
17.229725149914607,-7.097683086083869,0.2286248948546327,7.883512907010239,-0.0051887009790068,-0.6489064463121839,0.5150091770561334,1.040368744968834,81.87011503884423,79.66691019986523
17.22845180633118,-7.574550881452296,0.2286247552937092,7.883512907010239,-0.0493309518699369,-0.6489064463121839,0.5150091770561334,1.040368744968834,81.870085781059,79.2860580464027
16.782204956342582,-7.659418936355248,0.228629786072441,7.883512907010239,-0.0481341886700956,-0.6910811101305583,0.5150091770561334,1.040368744968834,81.870085781059,80.3331738492119
17.22825201772718,-7.659418936355248,0.228629786072441,7.883512907010239,-0.0493309518699369,-0.6489064463121839,0.5150091770561334,1.040368744968834,81.870085781059,79.52503112922984
17.22833651203296,-7.079463692150272,0.2286248948546327,7.547619293961414,0.3599474633555228,-0.6028776260576885,0.5150091770561334,1.025672681972509,81.870085781059,79.66691019986523
17.22827025371268,-7.659419163581301,0.2181930040176023,7.883512907010239,-0.0493309518699369,-0.6489064463121839,0.5150091770561334,1.040368744968834,81.870085781059,79.65642793137792
17.229725149914607,-7.714394840156496,0.2286295278592811,7.883512907010239,-0.5691406772689405,-0.6489064463121839,0.558417911554123,0.9858375732544172,81.870085781059,79.66691019986523
17.229725149914607,-7.658144523217841,0.2286248948546327,9.02960206410726,-0.0493309518699369,-0.8286297164724161,0.6072657600172726,1.040368744968834,81.870085781059,79.6662296131025
18.09164957155277,-7.659418936355248,0.228629786072441,7.883512907010239,-0.0493309518699369,-0.6489064463121839,0.5150091770561334,1.040368744968834,76.40196116480746,79.65585383335556
17.229725149914607,-7.574550881452296,0.2286247552937092,8.344126709585066,-0.0493309518699369,-0.6489064463121839,0.5150091770561334,1.040368744968834,81.870085781059,79.2860580464027
17.22825201772718,-7.6582370733489,0.228629786072441,7.883512907010239,-0.0493309518699369,-0.6489064463121839,0.5150091770561334,1.040368744968834,81.870085781059,65.97511707760358
17.22966232208681,-7.658252394784595,0.2286252325959267,7.883512907010239,-0.907336338632291,-0.6489064463121839,0.5150091770561334,1.040368744968834,81.870085781059,79.66691019986523
17.228312971057818,-7.659418936355248,0.2314427004548537,7.883512907010239,-0.6011466139972121,-0.6489064463121839,0.5150091770561334,1.040368744968834,81.870085781059,79.65585383335556
17.229725149914607,-5.654817797327398,0.2237202162331671,6.975814881985144,-0.0690010059610752,-0.6489064463121839,0.5150091770561334,1.040368744968834,81.87011612640643,84.70413657655932
17.229725149914607,-7.094586704680337,0.2286295098542402,7.883512907010239,-0.5772217932960615,-0.6287518230501428,0.3636139773499458,1.0420821104575009,81.87011494206803,87.76446327047812
18.031011769735784,-7.659418936355248,0.2269902369925151,7.883512907010239,-0.0493309518699369,-0.6489064463121839,0.5150091770561334,1.040368744968834,69.50330037085712,79.6564536730616
17.22825201772718,-7.659418936355248,0.228629786072441,7.883512907010239,-0.0493309518699369,-0.6489064463121839,0.5150091770561334,1.040368744968834,81.870085781059,79.65585383335556
17.228543716024106,-7.659466351203141,0.2286291559794641,7.883512907010239,-0.0493309518699369,-0.6489064463121839,0.5150091770561334,1.040368744968834,81.870085781059,65.9276215987285
17.22825201772718,-7.659418936355248,0.228629786072441,9.245452927117809,-0.0493309518699369,-0.6489064463121839,0.324912228043706,1.040368744968834,81.87008584536517,79.66368456927657
17.229725149914607,-7.094586704680337,0.2286295278592811,7.883512907010239,-0.5691406772689405,-0.6489064463121839,0.5150091770561334,1.040368744968834,81.87011209158425,79.66677967659811
17.228271503780398,-7.659350364742018,0.2187777853106838,7.883512907010239,-0.0493309518699369,-0.6489064463121839,0.5150091770561334,1.040368744968834,81.870085781059,79.65642793137792
17.228543716024106,-7.658252394784595,0.2286291445079462,7.883512907010239,0.3191169990054696,-0.6489064463121839,0.5150091770561334,1.036533003595252,81.870085781059,79.66691019986523
17.228543716024106,-7.658252394784595,0.2286291445079462,7.883512907010239,-0.0493309518699369,-0.6489064463121839,0.4987335931332017,1.040368744968834,81.870085781059,79.66691019986523
17.229725149914607,-7.659800346029932,0.2286248948546327,7.883512907010239,-0.0493309518699369,-0.6489064463121839,0.5150091770561334,1.040368744968834,81.870085781059,79.66626466401411
17.22825201772718,-7.659418936355248,0.2164170101696412,7.883512907010239,0.9408500040712492,-0.6489064463121839,0.5150091770561334,1.040368744968834,81.870085781059,79.65585383335556
8.363882373010938,-7.611750388404751,0.2286295098542402,7.883512907010239,-0.5982710391179697,-0.6489064463121839,0.5150091770561334,1.040368744968834,81.87011612640643,79.66575066738977
17.228270362711925,-7.658252394784595,0.2286248948546327,8.479392123169763,-0.0493309518699369,-0.6489064463121839,0.5150091770561334,1.040368744968834,81.870085781059,79.99262677974514
16.589798082922435,-7.574550881452296,0.2286247552937092,7.883512907010239,-0.0493309518699369,-0.6489064463121839,0.5150091770561334,1.040368744968834,81.870085781059,79.2860580464027
17.22825201772718,-7.659418936355248,0.228629786072441,6.988894117739147,0.3085005468397188,-0.6489064463121839,0.5150091770561334,1.040368744968834,81.870085781059,65.97511707760358
17.229725149914607,-7.639404873297671,0.2286292842738174,7.883512907010239,-0.5645706993980344,-0.6489064463121839,0.5150091770561334,1.040368744968834,81.87008597456557,79.65482607138347
17.22825201772718,-7.659418936355248,0.228629786072441,7.883512907010239,-0.0493309518699369,-0.6489064463121839,0.6123630265318072,1.040368744968834,81.870085781059,65.97511707760358
17.22974662448845,-7.658252394784595,0.2286240377646252,7.883512907010239,-0.0493309518699369,-0.6489064463121839,0.5150091770561334,1.040368744968834,81.870085781059,79.66691019986523
19.48118347631012,-7.574550881452296,0.2286247552937092,7.883512907010239,-0.0493309518699369,-0.6489064463121839,0.5150091770561334,1.047434678688442,81.870085781059,79.31165469391384
17.229725149914607,-7.574550881452296,0.2286295533045992,7.883512907010239,0.2874995947885335,-0.6489064463121839,0.5150091770561334,1.040368744968834,81.870085781059,79.63564622168896
17.229725149914607,-7.574550881452296,0.2286247552937092,7.883512907010239,-0.0493309518699369,-0.6489064463121839,0.5150091770561334,1.040368744968834,81.870085781059,79.2860580464027
17.229725149914607,-7.094586704680337,0.2286295098542402,7.883512907010239,-0.5772217932960615,-0.6489064463121839,0.5150091770561334,1.040368744968834,81.87011612640643,79.66575066738977
17.228404131424305,-7.115580066217287,0.2286297575189731,7.883512907010239,-0.5691406772689405,-0.6489064463121839,0.5150091770561334,1.040368744968834,81.870085781059,79.66691019986523
17.229944752781478,-7.572113346404324,0.2094258628328326,7.883512907010239,-0.0493309518699369,-0.6489064463121839,0.5150091770561334,1.015277020837092,81.870085781059,79.32712910565529
17.22984628267892,-7.659418936355248,0.228629786072441,7.883512907010239,0.3085005468397188,-0.6489064463121839,0.5150091770561334,1.040368744968834,81.870085781059,82.5004423217782
17.22825201772718,-7.659418936355248,0.228629786072441,7.883512907010239,-3.0947078882557344,-0.5814185267168199,0.5150091770561334,1.040368744968834,81.870085781059,77.74169567997828
17.22824311533843,-7.658252394784595,0.2286248948546327,7.827323212156664,-0.0493309518699369,-0.6489064463121839,0.5150091770561334,1.040368744968834,81.870085781059,79.66691019986523
17.229725149914607,-7.658252394784595,0.2286248948546327,7.883512907010239,-0.0493309518699369,-0.7759831411025302,0.5150091770561334,1.040368744968834,81.870085781059,79.66691019986523
17.228543716024106,-7.659553453474704,0.2286291445079462,7.883512907010239,0.1822413434439678,-0.6489064463121839,0.5150091770561334,1.040368744968834,81.870085781059,79.66691019986523
17.229725149914607,-7.574550881452296,0.2286247552937092,7.883512907010239,-0.0493309518699369,-0.6489064463121839,0.5150091770561334,1.040368744968834,76.92032632895379,96.48856733571198
17.228573944032142,-7.659418936355248,0.228629786072441,7.883512907010239,-0.0493309518699369,-0.6489064463121839,0.5150091770561334,1.040368744968834,81.870085781059,79.65660213574024
17.227734863158588,-7.659350364742018,0.2169452346225515,7.883512907010239,-0.0493309518699369,-0.6489064463121839,0.5150091770561334,1.040368744968834,81.870085781059,79.65642793137792
17.228239962380513,-7.610497120824217,0.2192643836845019,7.883512907010239,-0.6176765608841652,-0.6489064463121839,0.5150091770561334,1.040368744968834,81.870085781059,79.65642793137792
17.22807449538803,-7.574550881452296,0.2272914516985441,7.883512907010239,-0.0493309518699369,-0.6489064463121839,0.5150091770561334,1.040368744968834,81.870085781059,79.2860580464027
17.22833651203296,-7.658252394784595,0.228629633940291,7.883512907010239,-0.1585379882451842,-0.6489064463121839,0.5150091770561334,1.025672681972509,79.65875129405947,79.65603879609547
17.228271503780398,-7.659350364742018,0.2187777853106838,7.883512907010239,-0.0493309518699369,-0.6489064463121839,0.5150091770561334,1.040368744968834,81.870085781059,79.65642793137792
17.229744986846278,-7.658252394784595,0.2286299003559901,7.883512907010239,-0.0493309518699369,-0.6489064463121839,0.5150091770561334,1.040368744968834,81.870085781059,79.66575373036827
17.228505649310357,-7.65947258315016,0.228629786072441,7.883512907010239,-0.0794028626541241,-0.6489064463121839,0.5150091770561334,1.040368744968834,81.870085781059,66.56043490292687
17.229725149914607,-7.574550881452296,0.2286247552937092,7.883512907010239,-0.0420148158416218,-0.6489064463121839,0.5150091770561334,1.054783949364301,81.870085781059,79.22695194860493
17.228271503780398,-7.659353198990818,0.2187777853106838,7.883512907010239,-0.0493309518699369,-0.6489064463121839,0.5150091770561334,1.040368744968834,74.71589945425171,66.8129119026479
17.22825201772718,-7.659418936355248,0.228629786072441,7.883512907010239,-0.0493309518699369,-0.6116423104011801,0.5150091770561334,1.040368744968834,81.870085781059,79.65585383335556
17.229725149914607,-7.038237976294733,0.2286295098542402,7.883512907010239,-0.0327337435913808,-0.6489064463121839,0.5150091770561334,1.040368744968834,81.87011612640643,72.87729686280855
16.47566482988227,-7.659470403035144,0.2286239578595678,7.883512907010239,-0.0493309518699369,-0.4801432381334041,0.5150091770561334,1.040368744968834,81.870085781059,79.66532332369411
17.22825201772718,-7.659418936355248,0.228629786072441,7.883512907010239,-0.0493309518699369,-0.6489064463121839,0.5150091770561334,1.040368744968834,81.870085781059,78.14924704698979
17.229725149914607,-7.658252394784595,0.228624763722448,7.883512907010239,-0.0493309518699369,-0.6489064463121839,0.5150091770561334,1.040368744968834,81.870085781059,79.66691019986523
17.22825201772718,-7.6488647469846995,0.228629786072441,7.883512907010239,-0.0493309518699369,-0.6489064463121839,0.5150091770561334,1.040368744968834,81.870085781059,65.17242291546162
17.22825201772718,-7.658858348216961,0.2286295906870583,6.992173014516116,-0.0493309518699369,-0.6489064463121839,0.5150091770561334,1.040368744968834,81.870085781059,79.28601499359694
17.228543716024106,-7.658252394784595,0.2286255440439922,7.883512907010239,-0.0493309518699369,-0.6489064463121839,0.5150091770561334,1.040368744968834,81.870085781059,79.66691019986523
17.22825201772718,-7.659418936355248,0.228629786072441,7.883512907010239,0.3079541106723056,-0.6489064463121839,0.5150091770561334,1.040368744968834,81.870085781059,64.56968170318014
17.229644784680026,-7.574550881452296,0.228560820065973,7.883512907010239,-0.0493309518699369,-0.6489064463121839,0.5150091770561334,1.040368744968834,81.870085781059,79.2860580464027
17.22976202950924,-7.574550881452296,0.2286298162896803,7.883512907010239,-0.0493309518699369,-0.6489064463121839,0.5150091770561334,1.040368744968834,81.870085781059,79.2605077287516
17.22958373660977,-9.226638798676024,0.228629786072441,7.883512907010239,-0.0493309518699369,-0.6489064463121839,0.5150091770561334,1.040368744968834,81.870085781059,69.13801032358862
17.22825201772718,-7.061227839895812,0.228629786072441,7.883512907010239,-0.1282465224676361,-0.6489064463121839,0.5150091770561334,1.040368744968834,84.81841147557819,66.75855407190286
17.22825201772718,-7.659418936355248,0.2286246756593565,7.950784283486051,-0.0493309518699369,-0.6489064463121839,0.5150091770561334,1.1334450865281591,81.870085781059,65.92831730778464
17.22825201772718,-7.659418936355248,0.2395328162541992,8.502125410695744,0.3085005468397188,-0.6489064463121839,0.5150091770561334,1.0509977337351462,81.870085781059,65.97511707760358
17.22825201772718,-2.4245195323107183,0.2082054992047859,7.883512907010239,-0.0493309518699369,-0.6489064463121839,0.5150091770561334,1.040368744968834,81.870085781059,78.65061300661293
17.229622934500526,-7.659350364742018,0.2187777853106838,7.883512907010239,-0.0493309518699369,-0.6489064463121839,0.5150091770561334,1.040368744968834,81.87008534380465,79.66789321491318
17.229725149914607,-7.658252394784595,0.2286248948546327,7.883512907010239,-0.0493309518699369,-0.6489064463121839,0.5150091770561334,1.0446432816362277,81.870085781059,79.66691019986523
17.229725149914607,-7.094586704680337,0.2286295098542402,7.883512907010239,-1.0261326393321433,-0.6489064463121839,0.5150091770561334,1.040368744968834,81.87011612640643,80.79405086362763
17.228543716024106,-9.690698829583544,0.2286291445079462,7.883512907010239,-0.0493309518699369,-0.6489064463121839,0.5150091770561334,1.040368744968834,82.80721279092967,79.66691019986523
17.229619229200665,-7.658272972096485,0.2286306831697169,7.883512907010239,0.3085005468397188,-0.8904142763838174,0.5150091770561334,1.040368744968834,81.870085781059,65.90319078522067
18.293899163018374,-7.659418936355248,0.228629786072441,7.678796323837712,-0.0493309518699369,-0.6489064463121839,0.5150091770561334,1.040368744968834,81.870085781059,80.56479858281186
17.22825201772718,-7.659523942586496,0.228629786072441,7.883512907010239,-2.6064735522986817,-0.6489064463121839,0.5150091770561334,1.040368744968834,81.870085781059,79.65487500205921
17.228074409645174,-7.658252394784595,0.280460170262867,8.013639070389274,-0.0493309518699369,-0.6489064463121839,0.5150091770561334,1.040368744968834,81.870085781059,79.66691019986523
17.22825201772718,-7.659418936355248,0.228629786072441,7.883512907010239,-0.0493309518699369,-0.6489064463121839,0.5150091770561334,1.040368744968834,81.870085781059,79.65585383335556
16.067144175106336,-7.574550881452296,0.2286247552937092,7.883512907010239,-0.0493309518699369,-0.6489064463121839,0.5150091770561334,1.040368744968834,81.870085781059,79.2860580464027
17.22825201772718,-7.659418936355248,0.2391993457874914,7.883512907010239,-0.0493309518699369,-0.6489064463121839,0.5150091770561334,1.040368744968834,81.870085781059,79.65585383335556
17.229725149914607,-7.574550881452296,0.2286247552937092,7.883512907010239,-0.0493309518699369,-0.6489064463121839,0.5150091770561334,1.040368744968834,73.4696192319791,79.2860580464027
17.22825201772718,-7.659418936355248,0.228629786072441,7.883512907010239,-0.0718052382533489,-0.4817084480398579,0.5150091770561334,1.040368744968834,81.870085781059,78.38141485400693
17.228341575042407,-7.575231062484679,0.228629786072441,7.883512907010239,-0.0493309518699369,-0.6489064463121839,0.5150091770561334,1.040368744968834,81.870085781059,65.97511707760358
17.228274368035798,-7.659418936355248,0.228629786072441,7.883512907010239,-0.0493309518699369,-0.6489064463121839,0.5150091770561334,1.040368744968834,81.870085781059,79.65585383335556
17.22825201772718,-7.659418936355248,0.228629786072441,7.883512907010239,-0.0493309518699369,-0.6489064463121839,0.5150091770561334,1.040368744968834,66.87097314949284,79.66488352210186
17.22826374441494,-7.658252394784595,0.2286250279501069,7.883512907010239,-0.0493309518699369,-0.6489064463121839,0.5150091770561334,1.040368744968834,81.870085781059,79.6678571978213
17.229706446610024,-7.65773029420529,0.2286253769757112,7.883512907010239,-0.0493309518699369,-0.6489064463121839,0.5150091770561334,1.040368744968834,81.870085781059,79.29025285063587
17.229725149914607,-7.659367828554135,0.2286248948546327,7.883512907010239,-0.7533426925194107,-0.6489064463121839,0.5456732930983255,1.040368744968834,81.87009247396406,79.65591807516245
17.22974662448845,-7.658252394784595,0.2268998616118862,7.883512907010239,-1.3426743578145557,-0.6489064463121839,0.5150091770561334,1.040368744968834,81.870085781059,66.0053583730125
17.22823883461848,-7.659136374217647,0.228629786072441,7.883512907010239,-0.0493309518699369,-0.6489064463121839,0.5150091770561334,1.040368744968834,81.870085781059,79.6655699814116
17.228244830218813,-7.659418936355248,0.2286296331990839,7.883512907010239,-0.0493309518699369,-0.6489064463121839,0.5150091770561334,1.0420955700476506,81.870085781059,79.65585383335556
