state_image,state_bev,npc_vertical,npc_horizontal,npc_behavior,pedestrian_vertical,pedestrian_horizontal,pedestrian_direction_x,pedestrian_direction_y,pedestrian_speed,weather_sun_angle,weather_fog_density,min_dis
rgb_1694949951,bev_1694949951,0.0110714383621733,0.5739216226890912,0.9268386203487978,0.6743089980565703,0.9640762579007418,0.6166297070748722,0.5640256248270776,0.3537840140289894,0.3348043049626746,0.4714033791652111,3.499940881695593
rgb_1720171815,bev_1720171815,19.207038562146373,-7.71544540166947,0.1533477639552684,-0.676448385816597,6.472771966809887,-0.4465285367255255,0.9988843952338196,1.1532226781343,65.32512141702432,17.517977105272724,4.000288420617782
rgb_1720268970,bev_1720268970,13.600925632117338,-3.753559132337273,0.1210805755850354,-5.653385471677152,2.744913413489172,-0.7072694274580312,0.9680344710039016,1.0410397784259928,3.1511115040823228,18.49954195682225,3.7219580336620255
s2_rgb,s2_bev,20.0,-4.786556398345606,0.3,5.545577155157112,4.18782589761252,-0.9796483361184604,0.8556339635491641,0.995935046977332,-75.75280382525987,7.852148388879392,3.986035180017968
rgb_1720155705,bev_1720155705,15.395338992388062,-0.6240288899267412,0.1222596089236011,-5.653385471677152,2.813340088341868,-0.5811868735850573,0.95259881287326,1.041614472677779,-0.68605889748099,19.87011745693633,0.0
rgb_1720158897,bev_1720158897,16.071105373074204,-2.7137322114777724,0.1215459016857693,-5.653385471677152,2.2488855074018907,-0.7072694274580312,0.9680344710039016,1.040859667548497,-0.3519803269857533,23.979062427306825,0.0
s3_rgb,s3_bev,11.444389894295654,-3.983405340639564,0.1033915361218811,-6.069791269410713,-5.000364158711278,-0.2615807762955504,0.1954356561410768,1.330749209996804,89.24621322940973,18.88531315534958,3.2058225436533743
s2_rgb,s2_bev,16.516923783269366,-14.160124007207331,0.0886436222692316,6.686153146032503,4.18782589761252,-0.9796483361184604,0.8556339635491641,0.995935046977332,-24.578528998290444,3.2565601535852746,2.5691219607037645
rgb_1694839670,bev_1694839670,0.5055882490661715,0.3023568323275178,0.4838983043685914,0.5552734416323836,0.0784562905195391,0.7872366985674818,0.4056981064464847,0.7810864066291575,0.13522759444097,0.976348534350967,3.397653153906653
s3_rgb,s3_bev,4.662032825444476,6.563135032400439,0.0,-3.2549449737132763,1.9074307955993104,0.1775107633552337,-0.7262624258328381,1.4275694160548416,90.0,35.61154547433586,3.359981924282723
rgb_1694975799,bev_1694975799,0.9988426461054128,0.7000586220194576,0.8196779291091555,0.647511003090366,0.6281081260472898,0.6209166117714324,0.9077590650348508,0.157682186230514,0.148632104978557,0.5741038108503693,5.995339234797581
rgb_1720164868,bev_1720164868,10.567107447940703,-2.7242078793725355,0.1214853680670798,-5.653385471677152,2.736241752754145,-0.620919469530571,0.9715952321704466,1.0217464790931472,-1.1628921395584229,18.080727576712587,0.0
rgb_1694834274,bev_1694834274,0.2829980215938441,0.6161497421769818,0.811823355629943,0.7050812724646001,0.9902655785919964,0.161836619278637,0.0854020294588294,0.5051489949834778,0.0384521145130841,0.0145373535543025,3.5000831120961644
rgb_1720268820,bev_1720268820,-14.789777321540027,-4.986125174248532,0.0645924945070707,4.0311788401263,0.3930150452674112,0.3766779644750295,0.7416361126258046,1.16448565316743,38.09557356154198,19.4542040484594,4.932422181620298
rgb_1720166927,bev_1720166927,10.95718500110393,-3.753559132337273,0.1216220660204764,-5.653385471677152,2.806224557797295,-0.7071275663858524,0.9680344710039016,1.0332283211648312,-1.1662685342592596,26.89666165069156,0.0
rgb_1694954600,bev_1694954600,0.4775551753674946,0.1153643779497823,0.4222245904661135,0.5710095775884806,0.7173476016763307,0.856696224910828,0.7945879417600384,0.6207818425316196,0.4500183926365309,0.665937626720754,3.500818023010261
rgb_1694977247,bev_1694977247,0.8731375037671262,0.2065005081157678,0.2963396169270363,0.1089090870738733,0.095124913456868,0.4279095011725603,0.9876668745069004,0.3522611727227669,0.5626799913622947,0.1104323686921266,5.831628533025201
rgb_1720150363,bev_1720150363,10.524328082683889,-3.772224169875464,0.1211094165706475,-5.653385471677152,2.802402322583937,-0.7072694274580312,0.9680344710039016,1.041614472677779,-1.1544844312954297,26.9192464459128,0.0
rgb_1720238406,bev_1720238406,-11.213425241193988,-0.4517766327920753,0.1238012914251377,2.590514173066863,3.307258264328185,0.4814799234042284,-0.4558806692974516,1.0150769995101374,87.89077345005677,43.75437700508703,0.0
rgb_1720145905,bev_1720145905,8.002953538500194,-3.753559132337273,0.1137815898492992,-5.653385471677152,2.809233913548667,-0.7070507547612018,0.9680344710039016,1.0330136851062277,-1.0031243980708524,26.89666165069156,2.665458156097509
rgb_1694887065,bev_1694887065,0.4540810439164167,0.1444272625429681,0.5957502011446237,0.0190354315841374,0.0215156310982034,0.5413707736535932,0.7587309883096254,0.8233599589298581,0.6297851256596365,0.1533618846546102,3.500045968483212
rgb_1720215768,bev_1720215768,-6.259755469039272,7.382621015384796,0.1592684986033201,1.1826930981217387,-0.9222072878446212,0.434781869829911,-0.3759567148271798,1.4097530976182289,-23.937645510307007,54.29413265631733,3.640016444505963
rgb_1694834843,bev_1694834843,0.4228080713836514,0.9983554909199286,0.1602224063875524,0.0523064282318643,0.4726377719193638,0.6465583540778981,0.4234009822733866,0.4926753430043649,0.0623770582724986,0.0648798889344369,3.49998472569554
rgb_1694948715,bev_1694948715,0.1528767862233783,0.9403196818461848,0.3630533988417208,0.5171842246088769,0.9755482189485136,0.1293294108914446,0.8257649087799268,0.7570669787077132,0.9346483472143012,0.3831752186808308,5.739770738294769
rgb_1720178182,bev_1720178182,19.04724453926454,-5.249007389731279,0.1533477639552684,0.2212995055718014,6.472771966809887,-0.4465285367255255,0.9986964867057364,1.1515390214173409,64.43943081071856,24.326811465192343,4.00174238640798
s2_rgb,s2_bev,8.41997730612583,-13.078267313869183,0.1734637083224667,7.716476422755193,8.129396100099193,0.7504477144007147,0.9718111458848336,1.2411379624763983,60.76388581004768,67.89769309025687,0.0
rgb_1720171625,bev_1720171625,16.10981565955128,-9.774864532512716,0.1881097490038661,-0.5657290694680057,6.144651595718351,-0.3870717953602743,0.9919430603578676,1.0594613973180895,66.07204940959446,27.095738623748765,4.000317937580875
s3_rgb,s3_bev,16.589159056435758,-3.0529064674195503,0.1149142121646406,-7.264906309741602,-6.608841540404439,-0.2830170368666325,0.2004605847231522,1.2891110619118296,86.18539523115862,26.32081009016053,3.1188933322844137
s3_rgb,s3_bev,11.87561489134652,-3.983405340639564,0.1253223164308466,-2.9945476513142832,-4.4175154507075245,-0.1083584290283691,-0.3021638626315493,1.3070125250514115,89.62106162714487,20.79088354066544,3.089598397774504
rgb_1694827942,bev_1694827942,0.0270230737265479,0.3146493989930453,0.1172413353678082,0.6111369525464792,0.6357213066319298,0.3828364643884263,0.2840045792625465,0.6933694027212441,0.2279179642160238,0.2860104235953395,3.4994148128138467
rgb_1720251581,bev_1720251581,-11.2176436432595,-0.4517766327920753,0.1191147644853962,1.4725181011155437,3.1581017429511338,0.4814799234042284,-0.5454620192414873,1.0152028890881917,87.89077345005677,43.752470730252405,0.0
rgb_1694944391,bev_1694944391,0.1897265103387577,0.1144976368719766,0.0663266197465093,0.2002294507415262,0.8444896416171619,0.8726130307036345,0.7099312268985484,0.428760702700481,0.4438912189302509,0.1763967453422474,6.092475552837247
rgb_1694977450,bev_1694977450,0.1908585530084249,0.2780496886070793,0.5079537514954716,0.2196796338914562,0.3595071026737589,0.3265350392438534,0.1575889501172612,0.0153086882852118,0.2976917036008387,0.8541791035344513,0.0
rgb_1720186288,bev_1720186288,19.005788011662,-7.57327608553461,0.188200195168763,-0.5652213732069598,4.5779886638802925,-0.384185918330691,0.9920626224973136,1.068988677352264,59.57068233422558,25.78444689733952,3.9911267259094063
rgb_1720219506,bev_1720219506,-6.995095460999943,5.3772569021832375,0.1485193529070886,1.180996717409336,-1.6040077741373209,0.4347917458767769,-0.3806342742154684,1.3085475193753746,-24.824431661002507,43.073478104365925,2.547338214914296
rgb_1694879305,bev_1694879305,0.0923952100385349,0.7950372937193556,0.7889950243522666,0.7607347531758482,0.8174552719231504,0.7604132943279424,0.1838337019539612,0.2590208794391245,0.1400481329935274,0.8730529157494568,3.493146852798611
rgb_1720163897,bev_1720163897,10.58882089806471,-2.7242078793725355,0.1214853680670798,-5.653385471677152,2.736241752754145,-0.7030073198020296,0.9680344710039016,1.0217464790931472,-1.1628921395584229,19.73075957678156,0.0
rgb_1720250379,bev_1720250379,-11.213425241193988,-0.4517766327920753,0.1238012914251377,3.357843676449585,2.97813823077874,0.4814799234042284,-0.4401263668660845,0.975826844345598,88.96240084173641,43.75437700508703,0.0
rgb_1720231260,bev_1720231260,-10.365342608589984,5.474088045748555,0.1542525629482065,-1.4911065625864932,-1.3439084309426337,0.4347927844178745,-0.3819712678686375,1.336572291809382,-22.4898371883324,54.29518276456376,2.545926246733078
rgb_1720241971,bev_1720241971,-11.213425241193988,-0.7771378335696575,0.1238012914251377,1.4692887616385626,3.1699498795432284,0.4814799234042284,-0.4401263668660845,1.0150769995101374,89.00077286545044,44.40361731348463,0.0
rgb_1694981926,bev_1694981926,0.2245711897823181,0.7697682229697609,0.600569155122158,0.1113525143477812,0.4822216011891396,0.0256570578345934,0.7810489794968812,0.7953843324183228,0.7549878467670215,0.7055079119312603,3.9121774166663448
rgb_1694915244,bev_1694915244,0.2024584363827842,0.3825475888412131,0.4995643183073585,0.7840928804612892,0.707020960407087,0.7665605922111893,0.3688819706026978,0.491802334454259,0.2418651278589848,0.755743060685149,7.702636718886024
rgb_1720130132,bev_1720130132,-11.33066919445743,0.925560590010008,0.1311706231956898,1.472403273610272,3.1224833923293733,0.4817899464808211,-0.5569879628911283,1.0160248078432434,74.0067069730951,43.67257892722832,0.0
rgb_1720168751,bev_1720168751,16.173595113860287,-10.771043850240758,0.1928813897113866,-0.7433130511483874,7.522521479733342,-0.2932680248343501,0.7308008251971474,0.9584358093758876,38.94687027241329,35.23358360728263,3.9961548822599378
s2_rgb,s2_bev,18.63013698630137,-4.786556398345606,0.2523052464228935,6.686153146032503,7.485387334956485,-0.9796483361184604,0.5189336268488274,1.4198560459834737,-4.4958800266844605,10.393754847225267,0.0
rgb_1694844916,bev_1694844916,0.1075641917748752,0.3779784339905561,0.1605220837615723,0.6379950923438721,0.3779556653927001,0.1667906520583597,0.3710433805586562,0.3375655487400677,0.1219756509719438,0.2070930011007206,3.50006969071493
rgb_1694944100,bev_1694944100,0.7715203146897267,0.2875931681956198,0.5401678200115472,0.8693182269509288,0.8567998076823552,0.0352212885784467,0.1198296652578704,0.4106300007572085,0.7823166284815709,0.2225000039733845,5.5584185146085945
s2_rgb,s2_bev,18.92656233748623,-14.160124007207331,0.2763162510561785,-10.0,-4.654641051300072,-0.9796483361184604,-0.0987686693192224,0.995935046977332,-46.77828735739186,3.2565601535852746,3.944342300132056
rgb_1720257997,bev_1720257997,3.4838540050991504,-3.753559132337273,0.1144430079834327,-5.653385471677152,3.4544288282291653,-0.7073562879335265,0.9724251438463218,1.0333593170827378,-1.128638040251985,26.87911543392765,3.233766891667012
rgb_1694950514,bev_1694950514,0.93390548168585,0.8533291838149114,0.6433846741984449,0.1191180705041171,0.939175639276686,0.5712613416906339,0.6467948649233514,0.957961150805934,0.1791632117262418,0.7891457734547713,7.367148812438682
rgb_1720261838,bev_1720261838,10.567107447940703,-3.76996772557645,0.1214853680670798,-5.653385471677152,2.804999724759828,-0.6765159296921026,0.9680344710039016,1.0217464790931472,-1.1648244165648831,23.85382975711211,0.0
rgb_1694979741,bev_1694979741,0.7724422211779934,0.9516149631072944,0.1443743887087355,0.0804439184419439,0.9126264236712844,0.6308990733613137,0.9649497284053568,0.9334365994387032,0.6981804219375365,0.2965577068106052,7.769508719900681
rgb_1694917445,bev_1694917445,0.9173856889665548,0.2862922530761782,0.719285223405339,0.1774293728323103,0.4888646612990904,0.5346170126333003,0.7318861053296647,0.0610116154902855,0.9387069439651652,0.1882262016471263,5.728480632858573
rgb_1720125424,bev_1720125424,-10.96352653794107,-0.3274218411169656,0.1596176792253844,1.4833055705498346,3.15871693075807,0.3063620857475948,-0.396102932074594,1.0150205328481483,87.89077345005677,45.81035182744976,3.5852027929934045
rgb_1720229010,bev_1720229010,-6.995095460999943,5.3772569021832375,0.1594403355670541,1.180996717409336,-1.521000435892356,0.4347743336207439,-0.4230180822347407,1.3085475193753746,-25.118951960728424,43.073478104365925,2.469198510806019
rgb_1720243812,bev_1720243812,-11.330615939975514,-0.4517766327920753,0.1319201948405827,1.4726096252545506,3.122327310775839,0.4865934052772058,-0.5896807659688591,1.0148785429144207,75.79262813986625,43.67257892722832,0.0
rgb_1694874153,bev_1694874153,0.5860366274108731,0.9147122694626156,0.7699102539431487,0.5262042395926355,0.1197105619274861,0.616516467330574,0.1936147972561682,0.3249266962061605,0.0936983418329899,0.2314546055801869,7.58599941357431
rgb_1720176969,bev_1720176969,19.0416548847822,-7.25845846484717,0.1533477639552684,-0.5666638343582733,6.472771966809887,-0.3866839179343616,0.9971216936175538,1.1362090088238952,64.44194918291154,24.326811465192343,4.000345675734192
rgb_1720183066,bev_1720183066,-3.135368393085632,-16.09606185726522,0.2427014129369509,-7.50919142549953,4.521820480272458,0.6783868015522094,-0.4090804879069034,1.2144941903738369,-70.48156010082138,41.56553002650145,3.989606838091846
rgb_1720249698,bev_1720249698,-11.331175495668468,0.3565898250543569,0.1596176792253844,1.4724921916567195,3.15871693075807,0.7091561050396842,-0.7369871676763489,1.0160248078432434,87.90739387966903,45.81035182744976,0.0
rgb_1720181670,bev_1720181670,18.93149556359544,-11.200686750564325,0.1742772387467935,-0.5651546105862231,6.144651595718351,-0.3837645772889323,0.9919486586912216,1.0629828087492827,59.562970632667685,25.94224140431325,3.989379918880596
s1_rgb,s1_bev,-0.3191932378626454,12.49475749552802,0.2848070271797077,6.488215665430322,-3.0012220994475003,0.6490095348492575,0.2567528483527144,1.0358150335656449,30.91574591546053,25.62658971433532,0.0
rgb_1694839210,bev_1694839210,0.9199757568033096,0.801808320141584,0.7715122922193245,0.8631783082338795,0.7450506382265858,0.6595297242397841,0.1929115568260151,0.8921136154330702,0.2383221171280515,0.9731219454468372,3.501286951009813
rgb_1720232583,bev_1720232583,-6.820166221630748,5.3772569021832375,0.153748909982038,-1.4911065625864932,-1.149018294018644,0.4347927844178745,-0.3819712678686375,1.336572291809382,-24.79417999303644,54.29518276456376,2.5420723000580883
rgb_1720157456,bev_1720157456,10.567107447940703,-3.765224808198752,0.1214853680670798,-5.653385471677152,3.215065949152603,-0.7070409842403834,0.8888227844491463,1.040788594531733,-0.8925218180698664,26.65548319547173,3.5649180934101548
s3_rgb,s3_bev,9.884676506654335,-3.8211322851548033,0.1222152327884165,-1.7939136177477035,-4.80879961423221,-0.6671475029440183,-0.2817492569643824,1.3008884634429578,89.24621322940973,9.409675764553736,4.908341478944606
rgb_1694903983,bev_1694903983,0.0199441181650281,0.8607744579879214,0.3672433042210581,0.7130171343981666,0.9163735003805988,0.7339806134341741,0.2300335647842248,0.0435514508393232,0.1909279402250305,0.7280354154184784,0.0
rgb_1720229318,bev_1720229318,-7.248677008666737,5.3772569021832375,0.1537796826267916,-1.5172397503859472,-1.3439084309426337,0.4347927844178745,-0.3819712678686375,1.336572291809382,-24.79417999303644,54.29518276456376,2.5547268507194425
rgb_1694897147,bev_1694897147,0.5181076087532995,0.954768262437129,0.9769696568024944,0.2944293192464389,0.452422126897227,0.4603613146923744,0.7688251766798203,0.2626253306474079,0.4974021907307295,0.709354087508448,3.499943329612361
rgb_1694957489,bev_1694957489,0.2400530505069739,0.9631773012112956,0.3607396774743791,0.6061140113144217,0.4339957165465475,0.8595507940569503,0.0655641633232445,0.8398032454736348,0.7555857083118904,0.9093161898742472,4.443934783102654
s1_rgb,s1_bev,-3.6606355787802016,12.591596704187149,0.0167597765363128,1.3756104726391776,-7.0007761133599935,-0.4835763427929522,0.2877927591729683,1.170268535087009,26.47481578548588,94.89412177013908,0.0
rgb_1720133268,bev_1720133268,-9.962792456403054,-0.4595224931984774,0.1274364990502806,1.911855412302085,3.3270342492838534,0.4814799234042284,-0.3682510251894846,1.0150769995101374,63.66866369281493,46.56808350254997,0.0
rgb_1694944139,bev_1694944139,0.8726597123240585,0.0534380638565135,0.3582491172238051,0.5889307638663902,0.4642735002615753,0.6521501651201225,0.3888126685527936,0.6513504233653677,0.9342622763233074,0.6058264531526731,3.4999572432266746
rgb_1694952527,bev_1694952527,0.4755851107689668,0.8114235723611025,0.3334216274792253,0.8397828654889098,0.2313237298455668,0.1634856366404621,0.0581611527906172,0.1153543017657013,0.6703078713839277,0.4690679475739113,7.733333522877919
rgb_1720139903,bev_1720139903,-9.093551854950777,-0.4517766327920753,0.1290475138484123,1.479640771911102,3.1699498795432284,0.4814799234042284,-0.4266649611849156,1.0150769995101374,87.89077345005677,43.75437700508703,0.0
s2_rgb,s2_bev,18.63013698630137,-4.786556398345606,0.2523052464228935,5.545577155157112,4.18782589761252,-1.0,0.5189336268488274,1.43,-4.4958800266844605,7.852148388879392,3.970005814705704
rgb_1694868206,bev_1694868206,0.8742048592457186,0.3794658491464936,0.9098222845763754,0.0135245856755027,0.2963114690704829,0.5479220003704586,0.19347065455828,0.3210060271014332,0.1192790126671327,0.6418971713387059,7.420709038628229
rgb_1694946381,bev_1694946381,0.0788758304278107,0.6937812153673756,0.374733192102975,0.1913858500914235,0.3389259907919375,0.9697125443642964,0.7741164889322738,0.929658130901973,0.497816982327935,0.648211801844051,7.381414023280979
rgb_1720236561,bev_1720236561,-11.118737860625307,-0.8066777961661025,0.1297478449194659,1.4692887616385626,3.1699498795432284,0.4845119749040358,-0.4401263668660845,0.9973918830672528,87.89077345005677,43.53718414357961,0.0
s1_rgb,s1_bev,-3.6606355787802016,14.722955145118732,0.0170842824601366,1.3756104726391776,-7.0007761133599935,-0.6175917962277262,-0.3125499890992499,1.118140875512541,14.857725000223368,89.90783965272594,0.0
s3_rgb,s3_bev,12.069440232851882,12.81878634522696,0.2686739514149359,-3.2549449737132763,5.373686306542907,-0.967326812731105,0.5291069128259291,1.2627370991358866,8.174902676275906,82.51197455303017,3.822388399172119
s3_rgb,s3_bev,3.965124246143468,6.563135032400439,0.0487718041338835,10.0,-3.625072662215352,0.2965583824028528,-0.6628609358978246,1.43,74.22436459246273,82.51197455303017,0.0
rgb_1720122649,bev_1720122649,-11.331175495668468,-3.464582328749799,0.1596176792253844,1.4724921916567195,3.1591118688406805,0.5143647501317774,-0.5896807659688591,1.016096508241816,87.89077345005677,43.66409029114772,0.0
rgb_1720234359,bev_1720234359,-11.331175495668468,-0.4517766327920753,0.1148535641491282,2.5885709151672014,3.15871693075807,0.4814799234042284,-0.5454620192414873,1.0092933733279557,87.89077345005677,43.67653184359658,0.0
rgb_1720152886,bev_1720152886,10.643633016865842,-2.7242078793725355,0.1214766669739781,-5.653385471677152,2.736241752754145,-0.706682454015318,0.9680344710039016,1.0217464790931472,-1.1395004480987154,6.344845171370142,0.0
rgb_1694950060,bev_1694950060,0.4541784342081462,0.8930685654845136,0.1349208213269769,0.2046248548102653,0.5376472508749949,0.2070787794668472,0.5583153754199214,0.5634740126787277,0.1813077139844574,0.6362626474995321,4.306225208586754
rgb_1720177650,bev_1720177650,19.04047568594477,-6.997854714727428,0.1533477639552684,-0.5666638343582733,6.472771966809887,-0.3866839179343616,0.9971216936175538,1.1367763770916588,64.43917342144317,24.78006939671674,4.001418205080205
rgb_1694832970,bev_1694832970,0.8864157950812971,0.8435609549354406,0.167845557630675,0.9777005006260184,0.6092093261766092,0.1977197145484454,0.8785134724240456,0.3193066190135399,0.5994318069646263,0.192807583840718,3.4999691381288573
rgb_1694892810,bev_1694892810,0.2488430598144743,0.2307315705344816,0.1687031049119678,0.0384106519974263,0.2909857359928682,0.2542665645783395,0.2709776955822731,0.0113868473877698,0.1939647577526017,0.968430088347998,3.5006844310236462
s3_rgb,s3_bev,13.224383505402727,12.81878634522696,0.2686739514149359,-4.020910944561871,5.373686306542907,-0.967326812731105,0.5291069128259291,1.2627370991358866,8.174902676275906,35.61154547433586,4.041495183390763
rgb_1694944686,bev_1694944686,0.9546785045996166,0.9590826217508532,0.129879837215614,0.5253592812565168,0.4299358204143707,0.3253055585342128,0.0915505297850203,0.5185146396560253,0.5174442648604731,0.0941344785359111,6.336211281222306
s2_rgb,s2_bev,8.782151998257536,-9.21180224182722,0.1734233910740375,7.705693677428722,7.4392754762730435,0.6317236444244725,0.9734244183734077,1.2388686184199749,63.70300053723605,71.57891274338589,0.0
s2_rgb,s2_bev,20.0,-6.887396734480059,0.1604139571974613,6.686153146032503,7.319034852546919,-0.9796483361184604,0.5189336268488274,1.3722050461141122,90.0,3.2565601535852746,1.61515730522052
rgb_1720239126,bev_1720239126,3.798017623729809,8.895121570049692,0.1286730809062712,1.4863114256550922,1.2039788484940992,0.4832529814003454,0.3426665683918051,1.2017468270974392,71.78884787994329,24.368657614869548,3.545380560583735
rgb_1720131098,bev_1720131098,-11.314072127822056,-0.3415588337403186,0.1285697152322299,1.4724004095470065,3.1583888291948288,0.481402654633285,-0.6260523388797081,1.0160699826035575,88.98155368736457,43.86030733828197,0.0
rgb_1720139299,bev_1720139299,-11.331175495668468,-1.2549635535758554,0.1596176792253844,1.4724921916567195,3.15871693075807,0.4862132259869667,-0.5896807659688591,1.0160248078432434,87.89077345005677,43.67257892722832,0.0
rgb_1720175266,bev_1720175266,18.928965353718866,-13.931166461959634,0.1931732585753547,-0.1191579022600066,7.377149078855318,-0.3156659336355599,0.6356925877610404,0.9627428388086176,69.08852753397059,35.27170180936248,2.461086238635989
rgb_1720135479,bev_1720135479,-11.213425241193988,-0.4517766327920753,0.1238012914251377,1.4692887616385626,3.1699498795432284,0.4814799234042284,-0.4401263668660845,1.0150769995101374,87.89077345005677,43.75437700508703,0.0
rgb_1694983816,bev_1694983816,0.3248078899493632,0.2112016736349706,0.9791516836869216,0.9000608927686964,0.7760821221934631,0.5196198769256085,0.8566470052182008,0.5147844234599298,0.2768545693492112,0.1441310311080627,8.267776413998941
rgb_1720147239,bev_1720147239,10.559245757427522,-3.737722525189135,0.1210811265674365,-5.653385471677152,2.7370841154111645,-0.7067462280240802,0.988187253228714,1.0413252706721718,-1.1628921395584229,18.124249999189693,3.616193757523434
rgb_1720252103,bev_1720252103,-11.331175495668468,-0.3209255016362817,0.1596176792253844,1.4724921916567195,3.15871693075807,0.4852821641839455,-0.6260523388797081,1.0160248078432434,87.89077345005677,45.81035182744976,0.0
s1_rgb,s1_bev,-3.6606355787802016,20.0,0.0178997613365155,1.3756104726391776,-7.0007761133599935,-0.6175917962277262,-0.5994139474710578,1.1022335415592242,50.49039580629202,94.89412177013908,0.0
rgb_1720132745,bev_1720132745,-11.22531984843466,-0.5621480166598118,0.1214552044115538,1.4724921916567195,3.1755693477932407,0.4817587725412744,-0.6260523388797081,1.0148316782968894,87.89077345005677,45.70668560328059,0.0
s3_rgb,s3_bev,11.8756097750126,-3.975177042952225,0.1087427787477161,-2.9967554081277985,-4.500026749058335,-0.1479620676609466,-0.2796576123958516,1.3290367609437728,88.5514722565409,19.455555422395644,3.086550140026414
s1_rgb,s1_bev,-3.6606355787802016,14.722955145118732,0.0170842824601366,1.3756104726391776,-7.0007761133599935,-0.940486390666962,-1.0,1.170268535087009,21.328791918078167,94.89412177013908,0.0
rgb_1720149235,bev_1720149235,10.567107447940703,-4.224616819109322,0.1214853680670798,-5.653385471677152,2.736234974428946,-0.7030073198020296,0.9680344710039016,1.0634014663708833,-0.7345294443732087,19.79288699036047,0.0
rgb_1694893144,bev_1694893144,0.9081452612016356,0.0904556587319559,0.4727318456592616,0.638206649282649,0.8285345567446057,0.5993236834537077,0.2224108986544214,0.2801874706627021,0.1006197678910653,0.1312277443491364,3.500108176401275
rgb_1720250699,bev_1720250699,-11.330615939975514,-0.4517766327920753,0.1276907565549564,1.4720485722424712,3.122327310775839,0.4821422712576761,-0.5896807659688591,1.030949241533954,63.05133444110143,43.67257892722832,0.0
s1_rgb,s1_bev,-3.6606355787802016,20.0,0.0,1.3756104726391776,-8.253908945440196,-0.7409926104861294,-1.0,1.1895903016485234,26.322472740953803,94.89412177013908,0.0
rgb_1694843989,bev_1694843989,0.5343921136381633,0.9850614197913174,0.5705484823336484,0.4979688759778091,0.1915724041892464,0.1466630131166314,0.6084270963256582,0.4992826822768025,0.6526183800408261,0.1435234609883275,4.163758346721937
rgb_1694921617,bev_1694921617,0.5052854312465289,0.8231609420733682,0.2686323377876931,0.2219006660862869,0.6076263002551149,0.9025919578690582,0.4286870882894037,0.7719135463883446,0.5200122392519928,0.0481321920494068,3.4980006357339244
rgb_1720257129,bev_1720257129,8.201514113411854,-4.162467830117496,0.0797236551065683,-5.653385471677152,2.806224557797295,-0.7072694274580312,0.9680344710039016,1.0332283211648312,-0.98795233463062,26.89666165069156,3.4150751876848133
rgb_1694912767,bev_1694912767,0.7136138241392639,0.6107390602983339,0.105320691157285,0.3793408336891004,0.2233894270414319,0.971263116579732,0.1732964298876169,0.9666611581394988,0.0147984266470627,0.779321439736578,6.077539900566159
rgb_1694836897,bev_1694836897,0.0083754266181199,0.9486217383235872,0.7551671919501682,0.751134025356492,0.8260947955099435,0.964373788459348,0.4275320567674803,0.1635311222084398,0.3519575351096022,0.3593078529086885,7.356057652935167
rgb_1694979004,bev_1694979004,0.8113235689148386,0.3806926989014683,0.1035275293133859,0.2051694574285449,0.6900602606355164,0.5383989905347133,0.5375003524618013,0.3935058310229182,0.3790138734832834,0.2867350735091626,6.840197930958816
rgb_1720265700,bev_1720265700,10.567107447940703,-2.713760133755237,0.1214731134759726,-5.653385471677152,2.7354563079496472,-0.7074102478478655,0.9680344710039016,1.0218312741238385,7.640259809016953,19.7298385402778,3.593850456617054
s2_rgb,s2_bev,8.41997730612583,-12.940139921855204,0.1734442971837771,7.716476422755193,7.662836217375244,0.637429295664484,0.9989135210280284,1.2380656829514454,59.915000585098994,63.9649315165528,0.0
rgb_1720154943,bev_1720154943,10.559201221357805,-3.715183967551052,0.1210733150313227,-5.653385471677152,2.7370841154111645,-0.7067462280240802,0.988187253228714,1.0683863210872144,-1.1628921395584229,18.124249999189693,0.0
rgb_1720180500,bev_1720180500,15.649480360243295,-6.479090476586343,0.1647178883819426,-0.6760108330316879,6.980652140790337,-0.396478920713318,0.9167491365694832,1.076978924391469,59.58509292551341,24.82642169232252,3.996905091191737
s1_rgb,s1_bev,-0.4473262133735574,13.2097277595241,0.2846675691705956,6.488215665430322,-0.7038305348215792,0.6738326687892775,0.2495522524063336,1.0393938687447215,29.55294394648916,25.62658971433532,0.0
rgb_1694902735,bev_1694902735,0.2243827551588098,0.472224235166934,0.6965950965875701,0.1394155761507256,0.0041249762607656,0.4879755961301124,0.7403019612075997,0.3707113330156474,0.8164468165445077,0.7241210656461805,7.554254891174735
rgb_1720166105,bev_1720166105,10.905414144167302,-3.753559132337273,0.1215522166963989,-5.653385471677152,2.806173146941717,-0.7072694274580312,0.9680344710039016,1.0416144757064314,0.6796607624117144,26.89666165069156,3.583245087022344
rgb_1694868378,bev_1694868378,0.3395670607596697,0.7940703077144345,0.6938847654971341,0.6178433136565719,0.175807942559706,0.3795314671107717,0.2208202541636983,0.0533372128819081,0.7957289496408071,0.5902753015715707,2.894906899633669
rgb_1694838843,bev_1694838843,0.6500107578069578,0.5434525183272172,0.4118141414120621,0.203155446389509,0.8772144216406037,0.7980265747851758,0.3732098622074171,0.2333745085959433,0.2611506124759057,0.5939474060246447,6.999979386957214
rgb_1720132303,bev_1720132303,-11.330615939975514,-0.4517766327920753,0.1276907565549564,1.469289624594774,2.8340462761633685,0.4821422712576761,-0.4001317703682185,1.0151011810040849,87.56937952514863,43.754446608005146,0.0
s2_rgb,s2_bev,8.483502930713783,-10.13255515534313,0.2004442366628792,7.705693677428722,7.4937568977454685,0.6390446539434427,0.975582503818845,1.2780083812064242,63.02496705777978,71.59953770887213,0.0
rgb_1694898817,bev_1694898817,0.7669755982977234,0.0705845930823951,0.0447476869813568,0.8500347183669656,0.4337046399000994,0.5118241169798258,0.1437561494133102,0.1281791262831727,0.4234410953676991,0.216586987581829,3.5395238430548144
rgb_1720252944,bev_1720252944,-11.331175495668468,-0.6792641374842887,0.1736443367180972,1.4724921916567195,3.15871693075807,0.4862132259869667,-0.5896807659688591,1.0160248078432434,88.47756228075352,43.67257892722832,0.0
rgb_1720128724,bev_1720128724,-11.331175495668468,-0.6792641374842887,0.1736443367180972,1.4724921916567195,3.15871693075807,0.4862132259869667,-0.5896807659688591,1.0160248078432434,88.47756228075352,43.67257892722832,0.0
rgb_1720233239,bev_1720233239,-11.213513436922222,-0.4517766327920753,0.1238012914251377,1.431273121492465,3.2779586512915344,0.4821506964828581,-0.5815140479033514,1.0150769995101374,87.89077345005677,43.66975360562014,0.0
rgb_1720245855,bev_1720245855,-11.216510090368129,-0.4517766327920753,0.1243710726128912,1.4692884792994203,3.1699498795432284,0.4814799234042284,-0.463991356083662,1.0148762485995868,87.89077345005677,43.75437700508703,0.0
rgb_1694947230,bev_1694947230,0.4998871302403135,0.7316709485328955,0.0509235900390312,0.7386275182644585,0.368420030975253,0.7749717806552637,0.9182305975964904,0.0255828758961873,0.1952205568287366,0.0393878922908201,3.694783352848569
s2_rgb,s2_bev,8.41997730612583,-12.940139921855204,0.1734442971837771,7.716476422755193,8.129544477962213,0.7504477144007147,0.9707908722541064,1.2380289349786624,60.72384562087419,68.57909787530221,0.0
rgb_1694871575,bev_1694871575,0.9584855285275016,0.0130142003048457,0.4915170096888259,0.787967950319946,0.7215985405238197,0.4301603472735085,0.145529130861539,0.7175066009559611,0.4240997255761898,0.5932887095786292,7.711939157047957
rgb_1694948028,bev_1694948028,0.9811918421517806,0.6494398489826474,0.2741628582755523,0.637945650847738,0.0318370173553651,0.1701550839234955,0.1210565855310723,0.1258565435348578,0.8254609116624888,0.6350742552686428,3.485764731503496
rgb_1720153558,bev_1720153558,15.352166524588952,-3.753559132337273,0.1224358364664821,-5.139114804814398,4.495036484245244,-0.7509921053593628,0.9881158903579712,1.0416068379670411,6.869801496068192,19.86695447368875,3.621736589315253
rgb_1720146267,bev_1720146267,15.669912073578097,-3.753559132337273,0.1225086290066984,-5.653385471677152,2.8139200394484742,-0.7072694274580312,0.9539717548377667,1.0113515361941396,-1.1386216573639132,17.97908395793793,3.6963421725660175
rgb_1720242531,bev_1720242531,-11.120912546681552,-0.4517766327920753,0.1234434543848002,1.469330557220328,3.171869745049861,0.4821838860057961,-0.4042030699896232,1.0148785429144207,89.22033087566888,43.66495360886808,0.0
s3_rgb,s3_bev,11.87561489134652,-3.983405340639564,0.1078591132798512,-2.995624663094341,-4.793037389699268,-0.1413743966546503,-0.2776576879418373,1.304355139673022,89.24621322940973,19.87178066110605,3.1155689924314864
rgb_1694956229,bev_1694956229,0.4426356406958032,0.2798309391552873,0.6797199931226762,0.2561869435095678,0.3359946871892108,0.7918075645252272,0.5780373951174741,0.4864428014519942,0.7828806220354927,0.5476079297087532,5.3446903457979325
rgb_1694837268,bev_1694837268,0.4040643219692544,0.6973599684893634,0.774194144115624,0.071636542354845,0.5402833495619986,0.5870746656408546,0.7460534356608789,0.8842302196640014,0.6729445797465605,0.0353566056905381,7.706437230736767
rgb_1720250219,bev_1720250219,-11.22531984843466,-0.5621480166598118,0.1214552044115538,1.4724921916567195,3.1755693477932407,0.4817587725412744,-0.6260523388797081,1.0148316782968894,87.89077345005677,45.70668560328059,0.0
s3_rgb,s3_bev,17.114517420783464,-3.983405340639564,0.1004928717482631,-7.247532620489903,-3.5734055353901217,-0.2640567078292041,0.1968220237099505,1.2892518669685311,89.8944262771775,10.449647268680264,3.530933380829404
rgb_1720227468,bev_1720227468,-7.248677008666737,5.3772569021832375,0.159436204228307,-1.4911065625864932,-1.3439084309426337,0.4347927844178745,-0.3819712678686375,1.336572291809382,-24.79417999303644,54.29518276456376,2.5482648348895416
s2_rgb,s2_bev,20.0,-6.887396734480059,0.0,10.0,8.911924362158716,-0.2587590044980323,0.3340020249300277,0.94,-24.578528998290444,3.2565601535852746,3.681898470699681
rgb_1694887318,bev_1694887318,0.2407548160394412,0.7477336138756393,0.8358593167538946,0.7581038206258068,0.3828197987865768,0.4150177496665643,0.0842887499843829,0.2845555510443825,0.6371581071812232,0.9357560979160942,7.36442443336422
rgb_1694903648,bev_1694903648,0.6562151969626359,0.4416777687367395,0.7148760402255927,0.0650373022913702,0.1661331941053583,0.4465625303470221,0.1776278287973789,0.5285743264129255,0.1600493030492171,0.9416666079664916,0.0
rgb_1694980206,bev_1694980206,0.3530289053373183,0.0829136942863795,0.4187537338406089,0.6793898643617595,0.1532850246739013,0.9363963236969616,0.4615557874173597,0.3034963394499894,0.0026431962169964,0.6038915656872236,3.501089880260254
s1_rgb,s1_bev,-0.4473262133735574,17.463218031426994,0.2848071615236116,6.490861246321412,-3.708743382800322,0.6715287476852849,0.2067667087834674,1.0393938687447215,29.55294394648916,28.36072336575184,0.0
rgb_1694953597,bev_1694953597,0.7937544027044213,0.2300660010928026,0.801160760916518,0.756249053692469,0.4638190453649126,0.7150792867501568,0.9900159801309968,0.308916192107368,0.9495858958284972,0.1807258960756006,4.728161354316764
rgb_1694889631,bev_1694889631,0.3401854185748398,0.155905946918419,0.1588263715875678,0.4485359775849535,0.2069332541690095,0.2161550530523504,0.9771327305895444,0.4024042980763033,0.8423072928323586,0.9745772439908988,7.340367505368397
rgb_1720138735,bev_1720138735,-11.331175495668468,-0.7609048139948129,0.1561213432008281,1.4724921916567195,3.3192767529493654,0.481025858749927,-0.5896807659688591,1.0160248078432434,87.89077345005677,46.38508363303131,0.0
rgb_1694824100,bev_1694824100,0.6061004437927974,0.4788038955231913,0.3319060129560199,0.2922707833158079,0.3422835361847893,0.3433930451256252,0.0865103074305587,0.0358402447325308,0.6508173588449022,0.1953621558673109,8.426664698934346
rgb_1694948126,bev_1694948126,0.873781142283198,0.1145069000438714,0.3689763321289098,0.5626710482225223,0.3581075801026117,0.0774250336845305,0.0401438958481454,0.49276944062322,0.3124477281824228,0.8919973643099014,4.283195231630886
s2_rgb,s2_bev,8.41997730612583,-12.940139921855204,0.1734608331737539,7.705625011196343,8.129541404975651,0.7629928749139028,0.981908561430266,1.2416677803409844,63.6174693212649,67.89769309025687,0.0
rgb_1720169281,bev_1720169281,11.84765000745066,14.286060827120096,0.0348262718093394,-1.1097680757131665,-1.7310200516031706,0.2150869557129251,-0.695279007744614,0.9928996934975436,-57.588143292102814,32.036512022940315,3.959474937484998
rgb_1694952000,bev_1694952000,0.0659938820890619,0.3302350573034743,0.2326572178495978,0.5698064869829187,0.6907246597670539,0.790154183461135,0.5644806983778069,0.5804843098137006,0.6318393362251329,0.5019555364277329,5.376822466064412
rgb_1694834554,bev_1694834554,0.2776285021902911,0.1312849235134527,0.6365574805193321,0.8579965662592873,0.3431809622598288,0.1167845357439318,0.7096064781058232,0.286258179523119,0.5275587669959942,0.5162614308642194,3.5000840657696624
rgb_1694894935,bev_1694894935,0.1321526795393183,0.3086420647343415,0.6753440699872164,0.844841297953655,0.4267106283922056,0.0339934462669204,0.4349720881250193,0.4562672137260316,0.5130067880132748,0.8245980628857434,0.0
rgb_1720152312,bev_1720152312,10.679606250754428,-3.676465471723354,0.1215522166963989,-5.653385471677152,2.8078783260226494,-0.7031912073255838,0.9680344710039016,1.041367713951643,-1.0953103644008308,26.89666165069156,0.0
rgb_1720261060,bev_1720261060,14.224876717089884,-4.297219864444724,0.1223174342593338,-5.653385471677152,2.8098324414812144,-0.7030561274424898,0.95259881287326,1.0576421464899617,-0.7008788353613795,19.87011745693633,0.0
rgb_1694836989,bev_1694836989,0.0461489451814449,0.2829249073619376,0.4913133319371058,0.2313629095391808,0.0033339089848821,0.3497990179082284,0.4118063079076167,0.3431363669794728,0.7510135156885381,0.1966311359476742,7.382311749206509
rgb_1694870808,bev_1694870808,0.3793933098136866,0.7075968025222481,0.2880798301777095,0.2970088528411545,0.4806323833704731,0.1810518173508212,0.8990217445640046,0.9653908086491756,0.0521582260590327,0.7032266469140639,3.499993959070691
s3_rgb,s3_bev,3.2035827392130543,6.563135032400439,0.0,-3.2549449737132763,1.9074307955993104,0.1775107633552337,-0.7262624258328381,1.4275694160548416,90.0,82.51197455303017,3.361049597772242
rgb_1694981695,bev_1694981695,0.577481370074825,0.6336968142258919,0.5188106014731481,0.60830741875141,0.898223944722873,0.3708756441039659,0.88060180632806,0.589007347855232,0.9270235176241708,0.0663490632527159,3.9121208716864926
s2_rgb,s2_bev,20.0,-6.887396734480059,0.2848139711465452,6.686153146032503,10.0,-0.9796483361184604,0.5189336268488274,0.995935046977332,-24.578528998290444,3.2565601535852746,3.1310584404509845
rgb_1694878316,bev_1694878316,0.3249541610881595,0.8348327037847469,0.0316695530221498,0.0916094044088428,0.0515395756120293,0.7967964128202659,0.4100742446353965,0.0452163565869254,0.7978809740158356,0.2636188484978942,3.499855368898254
rgb_1694823455,bev_1694823455,0.9515135652955332,0.8406396156756796,0.9095348885317468,0.1399778765835007,0.2122686674238454,0.661500078134461,0.3103911783847928,0.0101711359096815,0.3941003145740398,0.7949097112955631,3.499840761662829
rgb_1720179399,bev_1720179399,19.03918449430109,-7.263087605066174,0.1541526334670863,-0.5681320194884627,6.472771966809887,-0.4260533682343184,0.9970942856778606,1.1124992668554956,64.43880145858307,32.90771157747698,4.001921100545628
rgb_1720154484,bev_1720154484,10.52489916658962,-4.310298411515952,0.121369612743502,-5.653385471677152,2.7343969646896085,-0.7147044094512425,0.9680344710039016,1.0397602661630951,-1.2180648288141924,23.70322769892124,0.0
rgb_1720258811,bev_1720258811,10.634639879097,-2.627352814340864,0.1215476250773297,-5.653385471677152,2.736241752754145,-0.8905481322098017,0.9680344710039016,1.0217464790931472,-1.1012576495550377,13.033984705392024,3.576316752166089
rgb_1720235800,bev_1720235800,-11.2095384924921,-1.1097769300185654,0.0999743355901775,1.4692887616385626,3.158965081993108,0.4818151538584052,-0.4401263668660845,1.0150969398736944,87.89077345005677,43.75437700508703,3.093650841754786
rgb_1720130655,bev_1720130655,-11.213425241193988,-0.4517766327920753,0.1601028624332791,2.590514173066863,3.327775299893672,0.4814799234042284,-0.4734141082025143,1.0163711483717428,87.89077345005677,43.75437700508703,3.2255167678859737
rgb_1720168377,bev_1720168377,16.173595113860287,-10.771043850240758,0.1834713412986144,-1.1972738558854097,7.606103144381212,-0.2959146342423521,0.7062764054926247,0.9584358093758876,49.278974432660505,35.23358360728263,2.39901773978513
s1_rgb,s1_bev,-0.4473262133735574,17.463218031426994,0.2848071615236116,6.536096791591035,-3.0645953320742905,0.6715287476852849,0.2099480326222234,1.0393938687447215,29.55294394648916,28.36072336575184,0.0
rgb_1720221482,bev_1720221482,-7.236487644664468,5.3772569021832375,0.1596224146336737,1.3586995203202257,-1.3497612674912336,0.4347927844178745,-0.42093197588713,1.3147952455758791,-24.79417999303644,54.29518276456376,2.3980051718239794
rgb_1720267261,bev_1720267261,8.771611319167391,-3.5232478745833014,0.1165716814228376,-5.653385471677152,2.7372314482285205,-0.7152037647810582,0.9680344710039016,1.033261150150652,4.375054897092312,23.62030316799536,3.580745361291729
rgb_1720255966,bev_1720255966,8.201514113411854,-3.800256870426992,0.1137815898492992,-5.653385471677152,2.806209912235518,-0.7072694274580312,0.9680344710039016,1.0333040567457084,-0.3803249089203433,12.818494937519034,0.0
s1_rgb,s1_bev,-3.6606355787802016,16.308627550863367,0.0,-0.5548914578627535,-7.0007761133599935,-0.4544596591967312,0.2877927591729683,1.118140875512541,14.857725000223368,89.6170769152578,0.0
rgb_1720180840,bev_1720180840,18.99849263458016,-10.018735146728288,0.1804140564167563,-0.566583812205149,6.472771966809887,-0.3866840383005497,0.9967784678835208,1.1125240001889891,64.44188651465629,24.326811465192343,4.000610447008499
rgb_1720220034,bev_1720220034,-6.995095460999943,5.3772569021832375,0.1594403355670541,1.180996717409336,-1.3512167533251755,0.4347935017097384,-0.3855364165215338,1.3085475193753746,-25.133033392651,54.33651835438439,2.5401467735120096
rgb_1694909539,bev_1694909539,0.5640137879954645,0.0978256197708795,0.9687152183701454,0.3560021337533386,0.1817500448670095,0.0781006498944166,0.1800055554938375,0.3859139526127714,0.5589605626673905,0.4240579199434142,7.563663399340136
rgb_1694950836,bev_1694950836,0.4322299671758235,0.5353936297315164,0.3627182792545289,0.3585714141610432,0.5192847906530179,0.1341294450649848,0.1333028930296926,0.7026434055352145,0.3819848107265962,0.0653176979221192,5.952318754471446
rgb_1694914830,bev_1694914830,0.6067342520507732,0.3214880135242719,0.2965280022823238,0.5713784733791649,0.9192857032512136,0.925899281093416,0.315631895365434,0.6757382445039256,0.4681447125988551,0.5694139382946465,3.1318665584234298
rgb_1720261112,bev_1720261112,7.256050879324903,-4.162467830117496,0.1202001811764643,-5.653385471677152,2.805752912912462,-0.7072694274580312,0.9680344710039016,1.0332283211648312,-1.1920051537445318,26.89666165069156,0.0
rgb_1694889547,bev_1694889547,0.0260978107221238,0.7293407416805227,0.6224878030206046,0.5889933097808642,0.6872459734546948,0.3659042245512597,0.5771463566207397,0.363328826183385,0.7863242699172377,0.5561693718444012,3.5000156974488905
rgb_1694872698,bev_1694872698,0.4482880186939292,0.4575390108639554,0.4300394531914683,0.9052632878200152,0.3553208935577862,0.6893838390366253,0.4555963743149748,0.0792683908343314,0.9618890369389396,0.3823491068918044,3.5006844310236462
rgb_1720257232,bev_1720257232,8.201514113411854,-2.173541694470689,0.1137815898492992,-5.653385471677152,2.806224557797295,-0.7140634043587076,0.9680344710039016,1.0332283211648312,-1.128638040251985,26.89666165069156,0.0
rgb_1720160833,bev_1720160833,10.634639879097,-2.627352814340864,0.1215476250773297,-5.653385471677152,2.736241752754145,-0.8905481322098017,0.9680344710039016,1.0217464790931472,-1.1012576495550377,13.033984705392024,3.5763167782888576
rgb_1720226679,bev_1720226679,-7.248677008666737,5.3772569021832375,0.1496637045512704,-1.4911065625864932,-1.3439084309426337,0.4347927844178745,-0.3819712678686375,1.336572291809382,-24.79417999303644,54.29518276456376,2.545484602128729
rgb_1694842485,bev_1694842485,0.3708017228723146,0.4134872614744531,0.7246483796588394,0.0141200958819274,0.0305039673041633,0.548624874509197,0.1356609320007663,0.5285508307954504,0.540315377935594,0.2783044638186347,5.896026905407028
s2_rgb,s2_bev,8.746986479107528,-12.940139921855204,0.1734608331737539,7.705625011196343,8.126314985683802,0.6215145240531941,0.981908561430266,1.2416677803409844,81.62595578605834,69.97079270325419,0.0
rgb_1720155457,bev_1720155457,14.634665871837072,-3.753559132337273,0.1224266202589478,-5.653385471677152,2.5565298384959547,-0.7072694274580312,0.9506430030911814,1.041614472677779,-0.6612855611520132,19.559440064288903,3.017160399593481
rgb_1694842871,bev_1694842871,0.3925926145356607,0.7660231329551463,0.0638285966927341,0.1641248449261672,0.2579657935241886,0.8231203505314163,0.0019315562555741,0.9781549191318114,0.1174106964194547,0.7533855326108759,8.267776413998941
s3_rgb,s3_bev,11.943696614039276,-3.983405340639564,0.1274306915903006,-3.5156924620774515,-5.013944916814081,-0.1099425938404077,0.1975894753439178,1.3274530848760635,88.43298995555426,20.551576514948472,3.2093886405503795
rgb_1720136202,bev_1720136202,-11.331175495668468,-1.2549635535758554,0.1253475864734251,1.4724921916567195,3.122436648930244,0.5126540456435966,-0.5896807659688591,1.0056618935103585,64.12146751714812,43.67257892722832,0.0
rgb_1720161799,bev_1720161799,12.19844503751382,-2.7137322114777724,0.1215520228934662,-5.653385471677152,2.8064778968274435,-0.7072694274580312,0.9680344710039016,1.0416149296730677,-0.3519803269857533,18.35074260183661,0.0
s2_rgb,s2_bev,20.0,-4.786556398345606,0.1695652173913043,6.686153146032503,6.429978363980233,-0.9796483361184604,0.5189336268488274,0.995935046977332,-65.48761990738134,7.852148388879392,1.8684316418483684
rgb_1720235600,bev_1720235600,-9.962792456403054,-0.4595224931984774,0.1274364990502806,1.911855412302085,3.3270342492838534,0.4814799234042284,-0.3682510251894846,1.0150769995101374,63.66866369281493,46.56808350254997,0.0
s2_rgb,s2_bev,8.41997730612583,-12.932360317018068,0.1709025710466589,7.716476422755193,8.129360923438101,0.7504477144007147,0.9718111458848336,1.2380656829514454,61.17758391247686,74.29148352270529,0.0
rgb_1720180196,bev_1720180196,15.67093067890361,-10.733727016559374,0.1882671557741611,-1.1993282490098576,6.980652140790337,-0.2797086991546921,0.8473477608572704,1.060220186709231,46.2518520514337,30.750103524575657,3.996491077364821
rgb_1720241931,bev_1720241931,-11.331175495668468,-1.2549635535758554,0.1596176792253844,2.8805020339849907,3.15871693075807,0.5065946880768433,-0.5896807659688591,1.0160248078432434,87.89077345005677,43.67257892722832,0.0
rgb_1694951588,bev_1694951588,0.4422673428812944,0.4992162268419819,0.9620997885527226,0.0057162128596974,0.0192270840945261,0.0751732339807778,0.0320638980223806,0.6185341255483189,0.0531110832257369,0.540762297596321,3.263695514438428
rgb_1694981004,bev_1694981004,0.429210640336235,0.7191754952223411,0.093193875788874,0.8749247975723154,0.6413360858324043,0.3812479285014636,0.4438312450964586,0.7547905354521856,0.3548490035573538,0.4846248400411845,3.500818023010261
rgb_1694903892,bev_1694903892,0.4350298641522836,0.3097100041835143,0.4404069682355548,0.7950360951581354,0.7688343990954124,0.5435691230499304,0.2165881490893076,0.9920060139503872,0.1542460595393937,0.024378385877298,0.0
rgb_1694982741,bev_1694982741,0.9470124904317144,0.8770423313080712,0.2552127060906811,0.9760957254844748,0.4707383810914944,0.3563717648560794,0.1275154536357577,0.3738776261690461,0.8444092324408461,0.5800616063543828,3.7896702593326688
rgb_1694829104,bev_1694829104,0.1619902315237757,0.6055961218066638,0.078027515861569,0.2431641306072403,0.6599110910592326,0.1842805270722326,0.4092547478250169,0.7690047476139955,0.7866131150676605,0.6043314205624838,7.661987572870426
rgb_1720258608,bev_1720258608,10.737920942636856,-2.7242078793725355,0.1224033413257168,-5.653385471677152,2.740897915102813,-0.7072564204800883,0.971532253911759,1.04133133169187,-1.1628921395584229,19.7285024760054,0.0
rgb_1694954330,bev_1694954330,0.8225835063598078,0.6195073118137984,0.2201094934312355,0.7640230673083032,0.086984633147059,0.8305154689124419,0.0988753029731619,0.0589238333825407,0.7524106655707142,0.8715128207949869,3.500818023010261
rgb_1694899891,bev_1694899891,0.1494072593353673,0.6075546105262108,0.5982514928759255,0.3296590170850122,0.6268516728834074,0.854610473592,0.7745312437766887,0.1202778121142431,0.0547522139996727,0.1027648337580883,3.73263152466038
rgb_1720170268,bev_1720170268,14.900949365024983,-5.713893899964928,0.1870463010723585,-1.1936517503029425,8.526873760100568,-0.3882163534943478,0.8175026680480393,1.0605127243406345,44.74117154920276,31.253431749438786,3.202416687610936
rgb_1720266758,bev_1720266758,8.359906644100796,-3.013316970150239,0.0536817231363493,8.454353065111281,-6.119371527721455,0.3712498079971975,0.7488903776759603,1.1561413922362158,19.487524367841417,58.96305342520305,4.786735319620244
s2_rgb,s2_bev,20.0,-17.493457340540665,0.2523052464228935,6.686153146032503,4.956282841327992,-1.0,0.5189336268488274,1.43,-24.578528998290444,0.0,1.666590962488865
s1_rgb,s1_bev,-3.6606355787802016,20.0,0.0170842824601366,1.3756104726391776,-7.0007761133599935,-0.4544596591967312,-0.5994139474710578,1.118140875512541,26.322472740953803,94.89412177013908,0.0
rgb_1720164815,bev_1720164815,8.894269903945222,-3.380003559140349,0.1210818256128741,-5.653385471677152,2.808942568385337,-0.7077060893974884,0.9680344710039016,1.0416193053216356,-1.135032022030856,18.49954195682225,0.0
rgb_1720203936,bev_1720203936,-3.759595467718494,4.95166687955949,0.1549146177326196,1.2048265410136167,9.300395711741375,0.6888858867225682,0.2324309083938334,1.3086039582753737,-6.501385172218036,66.29376660158619,3.253414507284796
rgb_1694942539,bev_1694942539,0.7182422072395397,0.8056097203249591,0.5534037389057228,0.2182535021726229,0.3819436033032354,0.607543293206496,0.9683343362573272,0.5796584069536452,0.1584944962119764,0.1857299693966658,3.428893553739342
rgb_1694823807,bev_1694823807,0.4893130652667776,0.1141020668176131,0.370272842057389,0.7113733071447917,0.3488493262033544,0.1021606811001025,0.9771794516969852,0.0491333526588558,0.034508007379989,0.6964774197583395,6.482551182745911
rgb_1720220167,bev_1720220167,-6.995095460999943,5.4676156250799615,0.159580278323372,-1.3466808096086105,-1.3505388570099015,0.4347743336207439,-0.4230180822347407,1.3085475193753746,-22.877731874376025,43.51203606901699,2.465200829176153
rgb_1720132263,bev_1720132263,-11.331175495668468,-1.2549635535758554,0.1596176792253844,1.4724921916567195,2.369230779648948,0.4862132259869667,-0.7215908401293307,1.0160248078432434,87.83690647709548,42.08566772348112,0.0
rgb_1694942444,bev_1694942444,0.5680389015137948,0.211785085561709,0.95245883149691,0.0285915050249211,0.3358253799596377,0.3262415200079533,0.9511872966740322,0.2821314264933349,0.8923323705671017,0.7969695030856778,7.568115234375
rgb_1720180386,bev_1720180386,19.04724453926454,-7.25845846484717,0.1533477639552684,-3.0944734375757346,6.472771966809887,-0.4465285367255255,0.9971216936175538,1.1527836294431557,64.43943081071856,24.326811465192343,4.001570187241589
rgb_1694916652,bev_1694916652,0.8806004349800112,0.7140862432577681,0.4832500863329086,0.1021988408810052,0.7332839762779558,0.7811128200883406,0.8132525401436516,0.5061248818501373,0.2821071405196117,0.3143203521916488,7.405990115412312
rgb_1720133228,bev_1720133228,-11.331175495668468,0.9921414019222397,0.1596176792253844,1.4724921916567195,3.1269949794294725,0.4862132259869667,-0.5604964708440388,1.0160248078432434,85.99707066859881,43.67257892722832,0.0
rgb_1720154014,bev_1720154014,8.185614121441226,-4.224616819109322,0.1214853680670798,-5.653385471677152,2.736241752754145,-0.7030073198020296,0.9680344710039016,1.0237094374985904,-0.9499247162030856,26.61033510625651,0.0
rgb_1720211484,bev_1720211484,-7.248677008666737,5.3772569021832375,0.1554615093787605,-1.4911065625864932,-1.3439084309426337,0.4347927844178745,-0.3819712678686375,1.336572291809382,-24.79417999303644,54.29518276456376,2.546511223557208
rgb_1694835773,bev_1694835773,0.8428390825009306,0.5473872378067043,0.1718307201858195,0.8376665641137553,0.9065853226097704,0.06824901353661,0.7665675598054277,0.4598700349764248,0.5785066593028663,0.0686125144522568,3.552164694387632
rgb_1720170154,bev_1720170154,18.67510532382577,-10.018735146728288,0.1642290839840326,-0.5665764138128289,6.066623104817744,-0.3871555252007391,0.9874310155209756,1.0686255936220854,64.45284752806629,12.834497091229458,3.996707253483855
rgb_1694922322,bev_1694922322,0.4718889649209458,0.2035875108048718,0.5247199556373463,0.5067087593300794,0.0408099898573528,0.9675710432653044,0.3035195711710002,0.4589724028650186,0.7248750225854649,0.0715045014736148,7.471254256635493
rgb_1720126469,bev_1720126469,-11.331175495668468,-0.5225537544443171,0.1596176792253844,1.4724921916567195,3.1255093041220494,0.304543612983611,-0.6756449139883388,1.0160248078432434,75.44904935038792,47.73749712017792,3.4683058243757703
rgb_1694979333,bev_1694979333,0.4335547191748909,0.8815804485006249,0.9262682856005174,0.0361859169375348,0.5425076962870913,0.8785493905088508,0.8512476029844563,0.2499988472162726,0.0760471945324091,0.321906039287701,4.897692821961407
rgb_1720130575,bev_1720130575,-11.58746450855892,-0.4517766327920753,0.1596176792253844,0.6156708477006312,3.15871693075807,0.4822188122039268,-0.5429144023023154,1.049768180389846,77.68067164047014,43.67257892722832,0.0
rgb_1720249178,bev_1720249178,-11.32285784270566,-0.3209255016362817,0.1596207490597443,1.4724921916567195,3.15871693075807,0.482597281817019,-0.6260523388797081,1.0150579586262445,87.89077345005677,45.81035182744976,0.0
rgb_1720163845,bev_1720163845,10.559245757427522,-4.157309024360746,0.1263453373857639,-5.653385471677152,2.826485688364979,-0.7160418216378881,0.9680344710039016,1.031699742690982,-1.1628921395584229,23.31230671503714,0.0
rgb_1694945267,bev_1694945267,0.7334516717823107,0.3646533419925311,0.7676986088653973,0.017475371113625,0.5117132771946397,0.6744842955473946,0.1906361192987967,0.524699561829998,0.1616506224486295,0.1664179188129629,0.0
rgb_1694822987,bev_1694822987,0.3317092825773674,0.5348019590890164,0.4412673906297059,0.4151405247914359,0.0616226128237055,0.3989269354520456,0.46686123521792,0.32399097717766,0.2254807531666388,0.9381763296714424,3.760581919376153
rgb_1694916127,bev_1694916127,0.1704633566657584,0.4520832809859143,0.4751164099631929,0.6870218834317721,0.0248292585118131,0.0422311195461405,0.8780601696018444,0.1386900359682128,0.9546261095958766,0.4757554203239951,3.499980650859906
rgb_1694887899,bev_1694887899,0.7817647099493772,0.4080617978674368,0.7877448020503246,0.7066389145743538,0.9710707714033164,0.2945677722019479,0.5242211828438673,0.9503263801211111,0.1409838846520344,0.4544858933479432,6.98279585649793
rgb_1694907277,bev_1694907277,0.9195232662423044,0.8242860609872971,0.5138224696772681,0.8955162638059562,0.324497970703523,0.6978589196764079,0.3202498943464205,0.6564865185586553,0.0616744338201732,0.5421160459673892,3.5000792832876537
s3_rgb,s3_bev,11.875609607393262,-0.2424646324909752,0.1036076603171871,-1.7671260493208223,-4.808880564098994,-0.6656750482539461,-0.2786885703217121,1.3009161849585087,89.55571356926836,9.383677589112915,3.3958276323884355
rgb_1720127394,bev_1720127394,-11.213425241193988,-0.4517766327920753,0.1238012914251377,4.704478877688947,3.307258264328185,0.482334509190973,-0.4805056148912837,1.0151031346646886,87.89077345005677,43.67548899179488,0.0
rgb_1694909620,bev_1694909620,0.9848593290215184,0.7545024962364296,0.7894366906559303,0.0313643484537833,0.1237603601464645,0.3671737921505414,0.8260068319402979,0.970144717592207,0.6181605995665648,0.9670461038603444,6.062143591999252
rgb_1720236041,bev_1720236041,-11.213425241193988,-0.3747389807800871,0.1238012914251377,1.4692887616385626,3.353421069722975,0.4814799234042284,-0.4401263668660845,1.0150769995101374,88.98187721623617,43.75437700508703,0.0
rgb_1720224080,bev_1720224080,-10.81307974163352,0.8725726733554318,0.2739216096285913,7.143427377521309,0.2300976302879913,0.7198327680208043,0.7326265409932289,1.2024508672720189,-48.31133744072741,24.960287022943938,3.640016444505963
rgb_1694871317,bev_1694871317,0.9042085765909068,0.3016677378155442,0.3177918787560997,0.9227272374160742,0.1739782162645861,0.1852750521381403,0.4008066046026405,0.6969519467221088,0.9196369701153136,0.4883695983184819,7.486723920669894
rgb_1694947431,bev_1694947431,0.0271277962545184,0.612539983033782,0.1635034970457869,0.9443750367626385,0.429950572053961,0.6944988491648559,0.4967654665843929,0.61931490282573,0.8101879092407748,0.601354646894276,4.856975695311657
rgb_1720253107,bev_1720253107,15.299006537733192,-2.7137322114777724,0.1215520228934662,-5.653385471677152,2.806246818046919,-0.7072694274580312,0.9680344710039016,1.0429760454304466,-5.892407127841452,19.859801608823044,3.8253802018851855
rgb_1694981281,bev_1694981281,0.4468190588182142,0.0964154994942979,0.0231664001089184,0.6965384028391529,0.8680151365998534,0.859798787044866,0.8727045496364668,0.842868789845882,0.1316314004415063,0.3443159813037271,3.4999921071653266
s3_rgb,s3_bev,11.87561030887247,-1.29383563578741,0.1075372547584884,-1.7931522591211504,-5.146260022402043,-0.743073038093093,-0.3612805437172484,1.3007330293663495,89.24581345021299,9.383677589112915,3.206990650070672
rgb_1720165071,bev_1720165071,8.786805352386615,-0.1405253238493955,0.1142726543067697,-5.653385471677152,2.7372314482285205,-0.6476615101541668,0.9875143161343258,1.0338648196704476,-0.9173573867750378,25.68582399591813,2.6574905727724154
s1_rgb,s1_bev,-3.6606355787802016,12.591596704187149,0.1573348336122097,-6.499205381501714,-7.0007761133599935,-0.4544596591967312,-1.0,1.170268535087009,9.100298410968506,94.89412177013908,0.0
rgb_1694904148,bev_1694904148,0.5421186225321823,0.5822302938233804,0.0257439442183681,0.6376683114218538,0.8971581738692839,0.5106325875254458,0.3230697872987238,0.4337826958658053,0.6307583185348855,0.5793305477301125,2.9692121721014257
rgb_1694872782,bev_1694872782,0.7910904512977063,0.0431495298693636,0.3419919493615783,0.3039672937545444,0.5622285683261049,0.3784323913329627,0.5439615250315325,0.6023521310081462,0.1136358435014143,0.1445077784538727,7.000306263551771
rgb_1720233798,bev_1720233798,-11.213425241193988,-0.3179066602792986,0.1238012914251377,1.6181819702739393,3.308589833416079,0.4815372936339508,-0.4390839261913123,1.015953625734224,80.08975516231018,43.20798565469194,0.0
rgb_1694947729,bev_1694947729,0.3068183694600279,0.3049202860982527,0.3693028347035991,0.0880222541847387,0.29036929913458,0.629749483191907,0.9260903090355964,0.5935048527614406,0.3196921307853047,0.1145304448650468,7.650764468371461
rgb_1720229804,bev_1720229804,-7.245079557964667,5.3772569021832375,0.1607079102967909,1.1826930981217387,-0.9222072878446212,0.4347866132367513,-0.3759567148271798,1.4097530976182289,-21.904221018801408,54.29413265631733,2.691873209434437
rgb_1720178144,bev_1720178144,16.115343386148645,-6.479090476586343,0.185814847257915,-1.064914637918415,6.980652140790337,-0.2829060633316398,0.995777081721256,1.0605109743836811,66.39536370171984,24.83604282276308,3.987084075285616
rgb_1694977650,bev_1694977650,0.9759795309181526,0.693852293853488,0.995449055594332,0.230831455720486,0.9557336602775096,0.1534600217201625,0.4512492339545949,0.2943184168024177,0.0396907545581098,0.2926711381627951,4.923941391460544
s2_rgb,s2_bev,20.0,-14.160124007207331,0.0886436222692316,8.297915572114556,6.429978363980233,-0.9796483361184604,-0.7797766576185208,1.2870647180701948,-65.48761990738134,3.2565601535852746,3.935905108523472
s2_rgb,s2_bev,18.92656233748623,-14.160124007207331,0.0886436222692316,6.686153146032503,6.429978363980233,-0.9796483361184604,0.5189336268488274,1.2230124304884953,-54.36200908394686,3.2565601535852746,1.5520515238952683
s2_rgb,s2_bev,20.0,-6.887396734480059,0.0886436222692316,6.686153146032503,6.429978363980233,-0.9796483361184604,0.6901665035611562,1.3722050461141122,90.0,3.2565601535852746,3.9747036278129286
rgb_1720151337,bev_1720151337,8.771611319167391,-3.5232478745833014,0.11663476243352,-6.1688678425765175,-0.4803373840769769,-0.7398649266757832,0.9682975420910438,1.033261150150652,4.375054897092312,23.62030316799536,4.921419678033003
rgb_1720186401,bev_1720186401,16.566965000651464,-10.000032145155997,0.1882232514530117,-0.5657765171384881,6.144651595718351,-0.3870717953602743,0.9920426563396234,1.0594613973180895,59.57068233422558,25.011359835128943,3.9888164065071474
s2_rgb,s2_bev,20.0,-6.887396734480059,0.2863325740318906,6.686153146032503,6.429978363980233,-0.9796483361184604,0.5189336268488274,1.4198560459834737,-65.48761990738134,47.2221021166708,0.0
rgb_1720186477,bev_1720186477,18.92518921092521,-13.931166461959634,0.1928931996616365,-0.118614673554843,7.377149078855318,-0.3162562774555117,0.6361078626820953,0.9584358093758876,69.07009482093159,35.270041323645415,2.469460732524584
s2_rgb,s2_bev,8.41997730612583,-13.100676358263405,0.1734442971837771,7.705625011196343,8.129546702871501,0.6368676230714729,0.9701467405118912,1.2381244224597052,60.970522306191214,67.89769309025687,0.0
rgb_1694827247,bev_1694827247,0.0137982688036268,0.5510802211460964,0.14484122608589,0.3124493754574442,0.0213822366294024,0.1533240379896541,0.6908784561755519,0.7487651709044797,0.5677728812640348,0.1769797595428941,7.280649612522666
rgb_1720256929,bev_1720256929,8.20518040199612,-3.7359776336849073,0.1237381125987817,-5.653385471677152,2.8094121248337327,-0.6706992814412988,0.9653604814873772,1.0113515361941396,-0.6590171353126095,17.811931991552267,0.0
s2_rgb,s2_bev,8.41997730612583,-10.38226644272862,0.1734608331737539,7.705625011196343,8.129907461727061,0.7629928749139028,0.9800588503131048,1.2411706949725818,63.6174693212649,67.89769309025687,0.0
s2_rgb,s2_bev,8.428086874155019,-10.253613231065833,0.1707218899589441,7.705693677428722,8.129050900153501,0.6317236444244725,0.9799088785176406,1.2378181095462617,60.6292323771566,67.24049599049327,0.0
rgb_1720129166,bev_1720129166,-11.213425241193988,-0.4517766327920753,0.1238012914251377,2.1609778571720817,3.1699498795432284,0.4815019092018504,-0.6186438436640699,1.0150769995101374,88.98187721623617,45.75506704879337,0.0
rgb_1720138414,bev_1720138414,-11.213425241193988,-0.4517766327920753,0.1306165876218003,2.590514173066863,3.1424851813037886,0.4814799234042284,-0.4644831130879194,1.016009634123659,87.89077345005677,43.67698485335019,0.0
rgb_1720214175,bev_1720214175,-7.244544004260296,6.408827858582509,0.1594793606360894,-1.6469496827646957,-0.910844893208484,0.4254640916191408,-0.0960695754825158,1.3521568091461358,-24.79178091829607,53.51814945604736,3.5317226217826576
rgb_1694867280,bev_1694867280,0.9142199357158766,0.235485678768672,0.4889206939149402,0.6127640671298641,0.5371422171374796,0.643597406408793,0.3511940854313625,0.077771522948363,0.4468235806901339,0.9973191047360832,6.999925377314432
rgb_1694921047,bev_1694921047,0.9514859694808157,0.8926506516357214,0.4730762205657265,0.440221211364605,0.4157643992310217,0.1122132219284817,0.6723759413292132,0.8087059750703166,0.6302770563598857,0.976571827902712,7.304556682968838
rgb_1720219727,bev_1720219727,-7.248677008666737,5.3772569021832375,0.1593954299281511,-1.4911065625864932,-1.0951307060175584,0.4347927844178745,-0.422847910309305,1.326337855557049,-24.79417999303644,54.29518276456376,2.4275209333364702
rgb_1694871402,bev_1694871402,0.8271280506450784,0.9232311207451672,0.2279560001414379,0.890842189156253,0.6496188868344934,0.2761919947849545,0.3845356274333118,0.3306985039059749,0.414119288483581,0.8066100798433866,4.870890056982939
rgb_1720166979,bev_1720166979,10.641562435583468,-3.753559132337273,0.1374328469602005,-5.653385471677152,2.806224557797295,-0.7072694274580312,0.9680344710039016,1.0436902202420484,-0.8758334200807667,26.89666165069156,3.015283064454415
rgb_1694824246,bev_1694824246,0.9355774403491264,0.9797714910489196,0.3710437752972777,0.7284645241900239,0.5121346615561184,0.0154495895990568,0.7105948201546506,0.4487503007637455,0.4057988914382178,0.7855369870892965,7.435608502444144
rgb_1694926298,bev_1694926298,0.8070335495857435,0.3324495758788623,0.5366793113552764,0.8078179081858973,0.4876242030334961,0.4825663500190975,0.4826550418110678,0.5076296922750729,0.1677499455631625,0.6460603952081612,8.383702445341184
rgb_1720223948,bev_1720223948,-7.248677008666737,5.3772569021832375,0.1537796826267916,-1.4911065625864932,-1.3439084309426337,0.4347927844178745,-0.3819712678686375,1.336572291809382,-24.79417999303644,54.29518276456376,2.5466899189854235
rgb_1694829173,bev_1694829173,0.6619843435224221,0.1071861151797386,0.0575911110642126,0.0818390949188122,0.097115079842153,0.2838512943921076,0.7748800055493218,0.3197275012969521,0.8535497000723526,0.9166040533222822,7.661983281348706
rgb_1694920589,bev_1694920589,0.3676625026989624,0.168303536030972,0.4234906672677622,0.2514137292561081,0.607293764435951,0.7225431848104412,0.458029056952526,0.6479549201726077,0.4030774973625963,0.1019171371778219,3.50082356666462
rgb_1694924960,bev_1694924960,0.0016605524658054,0.4438253492424258,0.9327895985012564,0.8191023046456715,0.7844492497002153,0.849030246676209,0.4576845222653861,0.2027233058518156,0.7933107828876178,0.8135917004729314,0.0
rgb_1720213998,bev_1720213998,-7.259046718950133,5.725719789504918,0.1359934781390166,-1.6095983209738698,-1.0827810167020466,0.4347088574735764,-0.2268393665251928,1.376241716639163,-38.93669741846043,55.14335694122278,2.8357600421661053
rgb_1720180878,bev_1720180878,16.109170629827148,-10.771043850240758,0.1947546406915687,-1.195966073390407,7.522521479733342,-0.3035222919380215,0.7069257414492105,1.015403948937666,49.39882039432342,35.23358360728263,3.991898851243935
rgb_1720148105,bev_1720148105,10.749760035193404,-3.753584896639584,0.1224551171792228,-5.653385471677152,2.8086319443921486,-0.4770072831614556,0.7860251923004875,1.0226627142931333,-1.1337546035349106,23.292097821757952,0.0
rgb_1694891536,bev_1694891536,0.1771975944275826,0.6827406015864537,0.2362759152407118,0.329003948730209,0.1969540948989235,0.0927297512037552,0.7172184324246681,0.4251859384744486,0.6632203436945411,0.2038393957643292,7.393092710649
rgb_1720145055,bev_1720145055,10.567107447940703,-2.7242078793725355,0.1214853680670798,-5.653385471677152,2.736241752754145,-0.7030073198020296,0.9680344710039016,1.0217464790931472,-21.040583124316868,19.7298385402778,2.7634149673830173
rgb_1720185261,bev_1720185261,15.67093067890361,-5.012043538150234,0.185814847257915,-1.199334164207805,6.980652140790337,-0.2797086991546921,0.8473477608572704,1.0785505579250232,58.10414617265482,24.19432076849085,3.608849625131671
s3_rgb,s3_bev,3.965124246143468,4.0186057703139255,0.0599909514786853,10.0,-3.625072662215352,0.2965583824028528,-0.6628609358978246,1.43,13.146147956345803,92.0539592858546,0.0
rgb_1720125625,bev_1720125625,-11.331175495668468,-0.4517766327920753,0.1596176792253844,1.4724921916567195,3.15871693075807,0.4862132259869667,-0.5896807659688591,1.0160248078432434,87.89077345005677,43.67257892722832,0.0
rgb_1694918973,bev_1694918973,0.7291483080658736,0.8433323593859814,0.6039022605914091,0.3376237727487443,0.8191388611359236,0.3554231918587438,0.9030418946090066,0.4440245855556949,0.8151758636009895,0.0622510542000386,0.0
rgb_1720268508,bev_1720268508,13.085216765494614,-3.764791140364871,0.1210811265674365,-5.653385471677152,2.7312075144460763,-0.6799130899974671,0.9680551897516504,1.0324126262766782,-1.1628921395584229,17.690218277657703,0.0
rgb_1694977282,bev_1694977282,0.2183105566086627,0.6281580843614604,0.4739071464857605,0.2994573534585736,0.4137783298565087,0.6363698893195864,0.1769673346221204,0.0552895924016391,0.0675008236666514,0.3162741191934942,0.0
rgb_1694889289,bev_1694889289,0.0698714031103122,0.1876958652781544,0.4648458394655329,0.5190536268922845,0.5424875397985512,0.7874491479599388,0.840652476794542,0.6265718019171734,0.7770328455888317,0.4900906659316306,7.511365716222048
rgb_1694922632,bev_1694922632,0.6246618561861677,0.3562230658597132,0.915585242867078,0.6517710623660692,0.0994330603122777,0.5968705140697348,0.6129840012995726,0.7435396397222354,0.4508254322193926,0.2584676570915558,5.823541234206611
rgb_1720142650,bev_1720142650,15.3495015182706,-2.932739118190039,0.1222596089236011,-5.653385471677152,2.81368938439744,-0.7072694274580312,0.9697541962964552,1.0209893948221518,-0.68605889748099,19.87011745693633,3.5247321725336844
rgb_1720266908,bev_1720266908,15.57555874940077,-3.753559132337273,0.1225668028865317,-5.653385471677152,2.8139200394484742,-0.7064556363486942,0.9530746501791204,1.0113515361941396,-0.6590171353126095,18.01073048471689,3.706972339459954
rgb_1720218971,bev_1720218971,4.503677198511454,3.6420289364203695,0.1272921293071655,-2.404926878436288,0.8336440560591711,0.3859002124907928,0.1013769595217273,1.3102084680326445,-24.63546009673138,94.26825717953604,3.640016444505963
rgb_1720132986,bev_1720132986,-11.331175495668468,-1.2549635535758554,0.1596176792253844,1.4724921916567195,3.125395982328083,0.4862132259869667,-0.5499647291593757,1.0160572623904676,75.44904935038792,43.65229070345132,0.0
s2_rgb,s2_bev,18.92656233748623,-14.160124007207331,0.2163813466720091,5.983684343750488,-0.4246884000743094,-0.7189378382617815,-0.7797766576185208,1.3130988123634373,-46.77828735739186,33.48890618946343,3.931742013488232
rgb_1694874153,bev_1694874153,0.5860366274108731,0.9147122694626156,0.7699102539431487,0.5262042395926355,0.1197105619274861,0.616516467330574,0.1936147972561682,0.3249266962061605,0.0936983418329899,0.2314546055801869,7.58599941357431
rgb_1720232100,bev_1720232100,-7.248677008666737,5.3772569021832375,0.1593954299281511,-1.4911065625864932,-1.3439084309426337,0.4347927844178745,-0.3819712678686375,1.336572291809382,-24.79417999303644,54.29518276456376,2.543436728836744
rgb_1720142700,bev_1720142700,10.567107447940703,-4.224616819109322,0.1214853680670798,-5.653385471677152,2.7362347585464946,-0.7030073198020296,0.9680344710039016,1.0407473077326743,-0.6580865602147554,19.78704846429528,0.0
rgb_1720243572,bev_1720243572,-11.331175495668468,-0.1641963903332133,0.1596176792253844,1.4724921916567195,3.15871693075807,0.4852821641839455,-0.6260523388797081,1.0160248078432434,87.89077345005677,46.66699048431728,0.0
rgb_1720231923,bev_1720231923,-7.248677008666737,5.3772569021832375,0.153748909982038,-2.6655111299156165,-1.3589152227531225,0.5506080763866608,-0.3819712678686375,1.3055669147269984,-24.79417999303644,60.06544805161048,2.820855171031864
rgb_1694892640,bev_1694892640,0.6410832867457605,0.5151153015208166,0.964460639823514,0.8832310468071949,0.6271031688461901,0.5213790432769807,0.5606884728411848,0.3571470997450412,0.2921442753710217,0.9595693569134852,0.0
rgb_1694980605,bev_1694980605,0.0824403215635189,0.1976605397545692,0.5107904965904714,0.3502146225771834,0.0605648726051184,0.9703188971774138,0.9499312417532794,0.309345366716878,0.0138116642154024,0.283573052417942,3.500020014364257
rgb_1720153807,bev_1720153807,8.441473835017867,-3.753559132337273,0.1215717616643875,-5.653385471677152,2.7372314482285205,-0.7072694274580312,0.9680344710039016,1.0396800603820704,-2.444906652648058,18.710058449627496,3.29097852935608
rgb_1720146982,bev_1720146982,10.559245757427522,-4.224616819109322,0.1210811265674365,-5.653385471677152,2.7370841154111645,-0.7147044094512425,0.9420352875176125,1.031699742690982,-0.9772016779718912,26.82566798139046,3.571367384532165
rgb_1720149850,bev_1720149850,15.352166524588952,-3.753559132337273,0.1210874432265206,-5.653385471677152,2.813557010209744,-0.7072694274580312,0.95259881287326,1.041614472677779,16.842722332960705,19.87011745693633,3.620701040349295
rgb_1720126630,bev_1720126630,-11.330615939975514,-0.4517766327920753,0.1276907565549564,1.4692924189804142,3.163302038881996,0.4821422712576761,-0.5896807659688591,1.0148785429144207,88.11186195774474,43.67863286673817,0.0
s1_rgb,s1_bev,-3.6606355787802016,12.591596704187149,0.0,-6.0200437087207535,-8.253908945440196,-0.4544596591967312,-1.0,1.170268535087009,30.68885956486717,94.89412177013908,0.0
rgb_1720223245,bev_1720223245,-7.248677008666737,5.3772569021832375,0.1594402168274238,-1.4911065625864932,-1.3439084309426337,0.4347956192798363,-0.385095039790476,1.335830658564032,-24.79417999303644,55.26753317700279,2.519856565380429
rgb_1720220122,bev_1720220122,-7.325295350365515,4.315745391535643,0.1587654350172766,-1.2826022773073549,-0.8666341915272504,0.3915065484979039,-0.1018733535123288,1.3922809457756562,-4.1832322629441165,89.84747014473177,3.533514221796562
s3_rgb,s3_bev,17.773949217049676,-3.983405340639564,0.102417137130576,-7.227206075879295,-5.00248650726313,-0.1690382402481837,0.1412022737123819,1.287494180798861,89.24621322940973,18.51913282492305,3.4790413000811813
rgb_1720211573,bev_1720211573,-7.248677008666737,5.474088045748555,0.1543255404174822,-1.4911065625864932,-1.3439084309426337,0.4347927844178745,-0.3819712678686375,1.336572291809382,-57.917206739000825,54.29518276456376,2.5461282310996984
s1_rgb,s1_bev,-0.4473262133735574,12.49475749552802,0.2848071615236116,5.001919961054616,-3.8478447904281294,0.6493559984252091,0.2495522524063336,1.0393938687447215,41.15663427240176,25.499195554653827,0.0
rgb_1720125866,bev_1720125866,-11.331175495668468,-0.4517766327920753,0.1596176792253844,1.4724921916567195,3.15871693075807,0.4814253628349385,-0.6260523388797081,1.0160248078432434,85.56926332782908,45.81035182744976,0.0
s1_rgb,s1_bev,-3.6606355787802016,16.308627550863367,0.0,3.417781550810421,-7.0007761133599935,-0.4544596591967312,-0.9875846762894124,1.370106906233734,14.857725000223368,94.89412177013908,0.0
rgb_1694942444,bev_1694942444,0.5680389015137948,0.211785085561709,0.95245883149691,0.0285915050249211,0.3358253799596377,0.3262415200079533,0.9511872966740322,0.2821314264933349,0.8923323705671017,0.7969695030856778,7.568115234375
rgb_1694975569,bev_1694975569,0.6041390915980381,0.0437953143857857,0.0160072653525317,0.7369934349822952,0.1965071695084874,0.8782487793420433,0.9040663450680908,0.917622948417452,0.4440668530976323,0.5285161650609596,4.972395239443801
rgb_1720223641,bev_1720223641,-7.572038007246089,5.300942782536033,0.1584199002219955,1.090272573965592,-0.910844893208484,0.4367457531186967,-0.130137134896781,1.3755335862051534,-24.43669900027016,53.51814945604736,3.536136128593742
rgb_1694915175,bev_1694915175,0.4699902551816657,0.5535045273860887,0.8778232036766818,0.8498739005066076,0.6538416775263692,0.8237327618675256,0.3601928638015375,0.1168283356048671,0.0562401068481468,0.2825859491977414,7.470275879046504
rgb_1694891625,bev_1694891625,0.7471375333089142,0.1294465734021145,0.8970958404300149,0.1104846229062571,0.4877629112234778,0.8200538484550383,0.4427771411875882,0.5497139824900238,0.7796545229628994,0.9042696430250524,3.4996645482775564
rgb_1720235400,bev_1720235400,-11.213425241193988,-5.166853559657184,0.1238012914251377,2.643393344693425,3.307258264328185,0.4814799234042284,-0.7417029299816345,1.0150769995101374,87.89077345005677,45.96091822406911,0.0
s3_rgb,s3_bev,11.87561030803422,-3.737490743012536,0.1174796388466954,-1.7931522591211504,-4.789121138604845,-0.2596571734311937,-0.2786885703217121,1.302163128291545,89.24621322940973,20.59288611448137,3.57703050489964
rgb_1720215150,bev_1720215150,-7.245079557964667,5.3772569021832375,0.1592684986033201,1.282154906332389,-0.9222072878446212,0.434781869829911,-0.3759567148271798,1.4097530976182289,-24.61437985715783,54.29413265631733,2.692901715454717
rgb_1694980059,bev_1694980059,0.3056873375434231,0.7296607703002668,0.9665211644991398,0.3663450300105944,0.6787881194825834,0.6943648186122173,0.5655941176975782,0.3671736745763563,0.6021859105659474,0.2685477816369271,3.5003737796694967
rgb_1694982531,bev_1694982531,0.0071976768421294,0.8233841931699566,0.1540890095895153,0.6562833125328232,0.8649592405872282,0.8378038368539408,0.8631445718067162,0.2557752731624538,0.9087202321115562,0.0887964832575989,5.179914383392707
rgb_1720156991,bev_1720156991,10.749760035193404,-4.158336001217535,0.1210811265674365,-3.105936523013516,2.817981500869722,-0.492450331722876,0.9680551897516504,1.031699742690982,-1.1628921395584229,23.292097821757952,1.448822479942263
rgb_1720174385,bev_1720174385,19.49417445642588,-10.021693461251262,0.1863047326555414,-0.5652194214262192,6.144651595718351,-0.3843397905594879,0.992039613009259,1.0638227597786591,64.4273660522505,25.783952367003383,3.994393862578189
rgb_1694894000,bev_1694894000,0.266990945442612,0.1126197806375167,0.6409223022456892,0.5317790307683289,0.4123074581450432,0.5359935227138439,0.8197989386211024,0.599929923034435,0.1668612828445764,0.5296081780589124,7.766998755298062
rgb_1720177991,bev_1720177991,16.08878014406821,-5.112625221917382,0.1416369818725028,-0.5650954302491726,6.144651595718351,-0.3870717953602743,0.9920387755589428,1.0594613973180895,59.57068233422558,24.97711117459135,3.9945342764278977
s1_rgb,s1_bev,-3.6606355787802016,20.0,0.0178997613365155,1.3756104726391776,-7.0007761133599935,-0.4544596591967312,-1.0,1.170268535087009,14.857725000223368,100.0,0.0
rgb_1720219238,bev_1720219238,-7.245079557964667,5.3772569021832375,0.1594719556325411,1.280478611924929,-0.9222072878446212,0.4347811134539552,-0.3759567148271798,1.3727531675264966,-24.79417999303644,54.29413265631733,2.6463179021958654
rgb_1720248577,bev_1720248577,-10.742163522433495,-0.4517766327920753,0.1276907565549564,1.469330557220328,3.122327310775839,0.4821422712576761,-0.5896807659688591,1.0148785429144207,68.39858188669399,43.67257892722832,3.1445539036314125
rgb_1694906142,bev_1694906142,0.1743597993137968,0.6654554850743848,0.0200798563500009,0.0449638482995834,0.3436980711950544,0.5645898217984114,0.3411863189800812,0.892584447822587,0.9671610748163916,0.0780982117942575,3.097382542436051
rgb_1720221966,bev_1720221966,-8.137351229382482,2.132718380285702,0.1594719556325411,0.6101991423286979,-0.9584684429486005,0.3425271714473754,-0.4182583161296137,1.3727531675264966,-24.79417999303644,42.079826542227295,2.067140528597217
rgb_1694977564,bev_1694977564,0.9464418968326256,0.5396711159847394,0.5288120049085935,0.650097372393511,0.132881875694549,0.7400827647052984,0.0730800919329448,0.0297323556516821,0.8428023865361448,0.1062357703371703,5.250001535824153
rgb_1720248497,bev_1720248497,-11.331175495668468,-0.4517766327920753,0.1596176792253844,1.4693464234038238,3.161080282229665,0.4822307708341433,-0.5896807659688591,1.0160185394966372,88.82873300506407,43.67257892722832,0.0
rgb_1720173406,bev_1720173406,19.036583125117744,-6.716468037424942,0.1604829796896083,-0.5665608452678015,6.472771966809887,-0.3866837603992702,0.9968049585086244,1.1125240001889891,64.47144681897933,24.326811465192343,3.993935187207815
rgb_1720228480,bev_1720228480,-7.247779766122029,5.358014227589926,0.1594719556325411,-1.5969684581067476,-1.5088948387792094,0.4369853738325011,-0.2127061721772969,1.3231938703747717,-24.81695676884908,54.27517188265969,3.358171565825847
rgb_1720158846,bev_1720158846,10.462501111679495,-4.15518004303231,0.1137815898492992,-4.045376787586327,2.806320430744023,-0.6792591309865952,0.9680589955178912,1.022012713246157,-0.6541216447815117,19.910428330708875,3.5632688159549533
s1_rgb,s1_bev,-0.6876201176887804,11.222220291215628,0.2763544131145206,6.3513801901618265,-1.7835452260534694,0.6715287476852849,0.250323202428931,1.0393938687447215,39.61637146271036,32.68112095082935,0.0
rgb_1694977797,bev_1694977797,0.2413530324362692,0.9566797089418676,0.2882229939488743,0.8845209138310285,0.2212623410655081,0.8122057853113002,0.5899955352090973,0.1858952717265245,0.6203085617096994,0.9410176052793322,4.918000752358736
rgb_1694843899,bev_1694843899,0.24891027622405,0.2315665182323937,0.994569447408453,0.529695632769697,0.4465974311712111,0.4046547142908319,0.5005493905110852,0.8828335059502694,0.9897453891484426,0.7746652058889946,3.8127870640193
rgb_1720180120,bev_1720180120,15.476351147524111,-10.431663169711232,0.1855460385602055,-0.5774797737840984,6.998798493000674,-0.2221108632131724,0.9990180378202516,1.0605109743836811,56.75160642247155,24.85851360914182,3.989946656631613
rgb_1720170647,bev_1720170647,14.785759556470945,-12.26158219432742,0.1931732585753547,-0.1187433139877178,7.283885598755241,-0.3162265552429073,0.6356890948346892,0.9438116379296564,69.08852753397059,35.27170180936248,2.5532769719978017
rgb_1694898368,bev_1694898368,0.9546740966031834,0.0001693076077762,0.7141003467347957,0.1381539723819445,0.644819709189155,0.0337391004138883,0.8040070820720367,0.516949842325997,0.0807236815153927,0.7991976698913903,7.48296913555863
rgb_1720174235,bev_1720174235,18.912670472766223,-14.90307979084344,0.1533477639552684,-0.676448385816597,6.467763519564436,-0.4465285367255255,0.9987935621973842,1.193036214160514,60.64825946299322,5.053411118089338,4.000134392457466
rgb_1720143948,bev_1720143948,15.352166524588952,-3.753559132337273,0.1297068864270334,-5.653385471677152,2.81368938439744,-0.7072694274580312,0.95259881287326,1.0443190886961184,-0.6612855611520132,19.87011745693633,3.720771644046656
rgb_1694906618,bev_1694906618,0.8463171454657881,0.3610634002242601,0.891033207541393,0.9092094650894532,0.0284477480446609,0.6985515766073213,0.4528754894958346,0.6991064764407153,0.8214988638042968,0.2069360369079336,3.5023304504088406
rgb_1720156790,bev_1720156790,-3.322751686378957,-6.966723366809692,0.0680830887474818,8.140254301390776,-2.212171484298162,0.3857125714726652,0.6609072377235541,1.3018828463744665,21.291864570720094,19.84783043523453,4.908332302801028
rgb_1720127193,bev_1720127193,-11.331175495668468,-0.4517766327920753,0.1294250631366115,1.4724921916567195,3.113426439189837,0.4852346352695325,-0.6177935220771201,1.016042747008868,87.89077345005677,43.66831635978063,0.0
rgb_1720222760,bev_1720222760,-7.248677008666737,5.385025015984468,0.1593954299281511,-1.4911065625864932,-1.3439084309426337,0.4347927844178745,-0.3819712678686375,1.336572291809382,-24.686617986856533,54.29518276456376,2.5453962627415576
rgb_1694944001,bev_1694944001,0.6032107707767083,0.0853933338719216,0.7645944382105296,0.9422152328394632,0.2491413394993656,0.1824434195257736,0.5472113387071688,0.4995313196577156,0.4768522478513916,0.3819202942904963,5.507776797484111
s1_rgb,s1_bev,-0.6876201176887804,11.222220291215628,0.2794583781342427,6.3513801901618265,-1.7982072195951735,0.6715287476852849,0.2745314826706022,1.0393938687447215,29.55294394648916,32.68112095082935,0.0
rgb_1694833716,bev_1694833716,0.1646142965345814,0.3844282782981878,0.1031552950652526,0.7022663740015408,0.0115518570948477,0.4242830829378764,0.7670552219438416,0.9707652101831225,0.6470852670729925,0.4396779340644972,3.5023304504088406
rgb_1720174309,bev_1720174309,19.050687367058494,-5.551803891851698,0.2200935388720593,-1.9866962062245133,6.510333406406037,-0.5386945920196978,0.9987950159782226,1.2863944173932562,60.47320480148196,21.52413301738192,4.001564234493624
rgb_1720245654,bev_1720245654,-11.350561128773345,-0.4517766327920753,0.1238012914251377,2.590514173066863,3.307258264328185,0.4814799234042284,-0.6021972101226079,1.0147983871365351,81.95545311213203,43.75437700508703,0.0
rgb_1720248657,bev_1720248657,-11.196753248202304,-1.4299828892962232,0.1641118918890104,1.4724921916567195,3.15871693075807,0.5143647501317774,-0.4360753356708099,1.0156562578514468,82.27718460592851,43.647893460973904,0.0
rgb_1720155046,bev_1720155046,10.567107447940703,-4.224616819109322,0.1214853680670798,-5.653385471677152,2.802464098780618,-0.707266468876294,0.954040024374662,1.0414986648041795,-0.6580865602147554,18.267706240706367,0.0
rgb_1694878240,bev_1694878240,0.0050290408312877,0.3323043771528219,0.3439063063131629,0.272254317333248,0.0924250823953916,0.5271484855054157,0.6888722718204416,0.9384245193962965,0.6806891752808849,0.2158126650742258,3.499855368898254
rgb_1720186590,bev_1720186590,18.99849263458016,-7.259008099278256,0.1894628901768526,-0.5665650099872082,7.079831704884498,-0.3866840383005497,0.9967784678835208,1.1130298272677552,64.44188651465629,24.326811465192343,3.989855998824401
rgb_1694846222,bev_1694846222,0.6994237835710687,0.7244227689416045,0.4301541138390655,0.482019167248894,0.0556707389710556,0.3535104370808666,0.8437551153105256,0.4705829144636029,0.2642056812418859,0.7061349514146137,4.874280816952815
rgb_1720263646,bev_1720263646,13.379261490648387,-4.188000155926083,0.114038328312777,-5.679567226498109,2.806224557797295,-0.8434136345001915,0.9902615284189124,1.0332283211648312,-1.1577735555215014,26.89666165069156,3.685170410865199
rgb_1720234519,bev_1720234519,-11.330615939975514,-0.4517766327920753,0.1276907565549564,1.4702883709243757,3.122327310775839,0.8358736200725505,-0.5896807659688591,1.0148816993793148,87.98357051011538,43.75362703919348,4.055100069548308
rgb_1694897769,bev_1694897769,0.2269606285382998,0.425593596965434,0.7132041540388269,0.0717497673102647,0.1221435590018481,0.3260600499666598,0.3467283034330085,0.699654743820344,0.090236165782444,0.1772180997128493,7.806768329419231
s2_rgb,s2_bev,8.484383855046318,-10.016884428052274,0.1734446166792478,7.7163480665799185,8.156415667201586,0.6387114181377198,0.9738526755346956,1.2386494372851629,81.52450023920069,71.46331251449816,0.0
rgb_1694872612,bev_1694872612,0.1281703154523918,0.4593216465094444,0.6515539699127454,0.3109053736379746,0.1443186786942641,0.3312719386369137,0.1530210009273026,0.2311407052476336,0.3487470544518025,0.087199034818812,3.5006844310236462
rgb_1720251901,bev_1720251901,-11.331175495668468,0.1324887682320792,0.1596176792253844,1.4724921916567195,3.15871693075807,0.5178207045432843,-0.5896807659688591,1.032804833967791,87.89077345005677,43.67257892722832,0.0
s3_rgb,s3_bev,18.15673793747478,-1.8720009673942783,0.1004928717482631,-6.937659810306284,-7.098446384249887,-0.2830170368666325,0.1968143891848549,1.289167905564373,89.89442789212289,19.84467837683598,3.4018493048230507
s3_rgb,s3_bev,11.875609544571809,-3.763623017729525,0.1078821902992059,-1.758655220599488,-4.808880564098994,-0.5989689502904341,-0.2523340071095028,1.340477249385254,89.24621322940973,9.383677589112915,3.299138808831181
rgb_1720173705,bev_1720173705,19.5920771464371,-10.103165193382209,0.1658512299996773,-0.676448385816597,6.585787185268909,-0.4465285367255255,0.9987955184889984,1.1935766593819568,60.47320480148196,17.517977105272724,4.000902391935524
rgb_1694910504,bev_1694910504,0.4506986595532133,0.37327159323557,0.7400663197887953,0.8949881483440755,0.036204482016364,0.1569727512977766,0.8915037937177256,0.0834794687713749,0.4367737459366233,0.2731935417253008,3.5001311679738216
rgb_1694828384,bev_1694828384,0.3575507845941551,0.1668862575716152,0.7394029638432905,0.5273436159282782,0.8226739395316371,0.5001945999410289,0.1541653374552548,0.7787866363022841,0.98389026222485,0.3283518858645636,8.426052472522526
rgb_1720244372,bev_1720244372,-11.223735203111277,-0.4528800635182755,0.1214552044115538,1.9017979063082715,4.852488752821651,0.4817587725412744,-0.6260523388797081,1.0151788935983523,87.89077345005677,45.70668560328059,0.0
rgb_1720170457,bev_1720170457,19.04724453926454,-7.149068975641807,0.1533477639552684,-0.4422228386987576,6.472771966809887,-0.4465285367255255,0.9971969302612258,1.151744921475426,64.43943081071856,24.326811465192343,3.9937170559863553
rgb_1720183741,bev_1720183741,16.10981565955128,-10.022015806551565,0.1880656811148454,-0.5670955815351846,6.966564699044668,-0.2103420852830603,0.9951118974935866,1.0605730211684694,61.51967403863426,24.99763713879375,3.9938945510839057
s1_rgb,s1_bev,1.3894594074255942,10.683016784917614,0.0989361316956639,-5.851959656341164,-0.3328000950864585,0.73316733485475,0.3606959026698604,1.2126363638034037,39.75279493186165,25.95320005884272,3.0858765594420574
s2_rgb,s2_bev,8.41997730612583,-13.563611004192555,0.1734442971837771,7.705625011196343,8.129546702871501,0.7354740270937017,0.9821567013359768,1.239817093591098,63.591071844602425,67.89769309025687,0.0
rgb_1720162832,bev_1720162832,8.201514113411854,-4.162467830117496,0.0804802898043835,-5.653385471677152,2.806224557797295,-0.7030339666726833,0.9680344710039016,1.0455483136606811,-0.98795233463062,32.339779199414224,2.264032378413582
rgb_1720151136,bev_1720151136,10.928109115353593,-4.149787325004935,0.1137815898492992,-5.166718846802313,2.806224557797295,-0.7030277024192508,0.9680344710039016,1.0327365182016477,9.81602382374227,19.78697586049765,3.563148598066944
rgb_1694923213,bev_1694923213,0.4430853546435809,0.1468662168392582,0.8179625700644282,0.0040379309739969,0.2060277209419783,0.2524864551890129,0.3956891000631906,0.3660998992505275,0.2619144016861686,0.8998404366333479,3.500009520265764
rgb_1694825401,bev_1694825401,0.7195543858107092,0.0738466667275079,0.863778761561271,0.6869124586290302,0.8589202138759036,0.7119068851918668,0.1407939946908396,0.0795566729076824,0.0489559660130486,0.8523069352665127,7.467543532540381
s3_rgb,s3_bev,3.2035827392130543,5.429348184327877,0.0487718041338835,9.433106575963722,-3.625072662215352,0.2965583824028528,-0.6628609358978246,1.43,74.22436459246273,82.51197455303017,0.0
s2_rgb,s2_bev,-1.178906562880428,2.0119115690845035,0.0323413293553975,5.208858377061027,5.93429175194453,-0.1525820332901226,-0.9821843578063982,1.002830737023796,-54.33139722003391,10.793125808247964,4.584422883536694
s1_rgb,s1_bev,-3.6606355787802016,14.722955145118732,0.0170842824601366,1.3756104726391776,-9.558966041688157,-0.4544596591967312,-0.8875772906127037,1.401123654912717,14.857725000223368,100.0,0.0
rgb_1694908586,bev_1694908586,0.6198471353646224,0.6648134150771985,0.3243371858678535,0.989125217313058,0.8635044676949553,0.5446887551242541,0.1453423876057545,0.7294229441316299,0.3313021666107441,0.4776015935841449,3.5024259421800785
s3_rgb,s3_bev,12.069440232851882,6.563135032400439,0.0487718041338835,-3.2549449737132763,1.9074307955993104,0.1775107633552337,-0.7262624258328381,1.4275694160548416,74.227126689589,35.61154547433586,4.1252669377677895
rgb_1720127113,bev_1720127113,-11.422898158230042,-1.2549635535758554,0.1596176792253844,2.8805020339849907,3.1579229342844872,0.5065946880768433,-0.5896807659688591,1.0150680796001446,87.89077345005677,43.67257892722832,0.0
rgb_1720149486,bev_1720149486,10.414219074899831,-4.302414830659124,0.1154359684499154,-5.653385471677152,2.603856319123114,-0.7072694274580312,0.9680344710039016,1.0332283211648312,-1.3463855666321507,26.689928991255496,3.6361011598947175
s2_rgb,s2_bev,8.419120670613399,-12.940139921855204,0.1734608331737539,7.705625011196343,8.128606288385562,0.7629928749139028,0.981908561430266,1.2416306381804645,60.435130518841895,67.89769309025687,0.0
rgb_1694872698,bev_1694872698,0.4482880186939292,0.4575390108639554,0.4300394531914683,0.9052632878200152,0.3553208935577862,0.6893838390366253,0.4555963743149748,0.0792683908343314,0.9618890369389396,0.3823491068918044,3.5006844310236462
rgb_1694903814,bev_1694903814,0.8903894419874695,0.4683951100672924,0.5508226432547352,0.8185832381625464,0.7314496925793244,0.7782413782428502,0.4828592361372661,0.4414132519896989,0.8934585686605672,0.9397603053185902,6.999957825708753
rgb_1720260254,bev_1720260254,16.72378729445277,-2.7137322114777724,0.1215520228934662,-5.653385471677152,0.7745016499477941,-0.7072694274580312,0.9680344710039016,1.0416145348433472,-0.3519803269857533,19.859801608823044,3.6009105933454424
rgb_1720247016,bev_1720247016,-10.7302655253225,-1.2549635535758554,0.1596176792253844,1.25982574217746,3.15871693075807,0.4862132259869667,-0.3530232005327962,1.0151140934966032,87.89077345005677,44.10604568008896,0.0
s1_rgb,s1_bev,-3.6606355787802016,20.0,0.1573348336122097,-6.0200437087207535,-7.0007761133599935,-0.4544596591967312,-0.7329475257452798,1.23507135826171,90.0,94.89412177013908,0.0
rgb_1694943803,bev_1694943803,0.1033877534489624,0.7418165560408327,0.4417232229741854,0.018931296499426,0.1507451117338352,0.0075003172842353,0.0616727350221021,0.0117592133469411,0.3299356624691878,0.1614131348840582,3.5000119778388
rgb_1720219947,bev_1720219947,-6.9834203223885964,5.3772569021832375,0.1593849978167087,-1.4055253952602094,-2.1299244572181166,0.4347980761860426,-0.3816729194105823,1.336572291809382,-24.79417999303644,46.65207941138922,3.640016444505963
rgb_1694944928,bev_1694944928,0.1901412775873132,0.1942723770164387,0.7842625615203689,0.3952382907547327,0.5788449913627659,0.7134904816725858,0.3940612456711457,0.7260527510146529,0.9372761712963268,0.7344506279043591,4.511846659851693
rgb_1720256369,bev_1720256369,15.352166524588952,-3.753559132337273,0.1224266202589478,-5.653385471677152,2.81368938439744,-0.7072694274580312,0.95259881287326,1.0156331266616478,-0.6588734549728201,19.87011745693633,3.6681946493690383
s3_rgb,s3_bev,11.628993494994294,-3.3000392592582983,0.0998370536711783,-6.126023717820238,-4.918387579355704,-0.1099425938404077,0.1954356561410768,1.2925310649489696,89.26702491236904,22.71358841225485,3.6689859526675614
rgb_1720177044,bev_1720177044,19.04724453926454,-7.25845846484717,0.1533477639552684,-1.88473644700326,6.504297849229396,-0.4236748084955085,0.9971063240149995,1.151795140233783,64.43943081071856,24.326811465192343,3.990061328584897
rgb_1694844631,bev_1694844631,0.5381194104920362,0.9501902262060934,0.0796997774020057,0.5773671099551279,0.7672038933648019,0.3925565799456152,0.7755385867283187,0.9716622130808618,0.0360192209011033,0.3686461138786893,0.0
s1_rgb,s1_bev,-3.6606355787802016,14.722955145118732,0.0170842824601366,1.3756104726391776,-7.0007761133599935,-0.4544596591967312,-1.0,1.170268535087009,28.619192890131632,94.89412177013908,0.0
rgb_1720181596,bev_1720181596,19.03918449430109,-7.065125553761202,0.1609105794716958,-0.5666638343582733,6.472771966809887,-0.3866827670115036,0.9971316631781943,1.112937628324031,64.33151868968497,23.89829300437681,3.9881847439065368
rgb_1720248256,bev_1720248256,-9.175090262207243,-0.4497955749348357,0.1342490253714033,1.473788773145868,3.681123803010971,0.4814799234042284,-0.7265135379304467,1.0151375178986388,87.83196871089709,46.56808350254997,3.1125697588084065
rgb_1694833716,bev_1694833716,0.1646142965345814,0.3844282782981878,0.1031552950652526,0.7022663740015408,0.0115518570948477,0.4242830829378764,0.7670552219438416,0.9707652101831225,0.6470852670729925,0.4396779340644972,3.5023304504088406
rgb_1694925165,bev_1694925165,0.5563526532303172,0.039212753538388,0.493416842589191,0.2547205564888967,0.2891745231573158,0.7046449696257185,0.4449206574088959,0.2860420572083396,0.8672562878855496,0.6658732664824777,0.0
s2_rgb,s2_bev,8.41997730612583,-12.95195839533217,0.1734449138043305,7.716476422755193,8.129360923438101,0.7504477144007147,0.9721830942696073,1.2378911127559389,80.63800446229561,67.89769309025687,0.0
rgb_1694983428,bev_1694983428,0.7219699270398791,0.9751846191001424,0.9532040429338668,0.8392680747290778,0.3890501915870327,0.2413566269996737,0.9084448229024024,0.0815019083321589,0.1070755826720403,0.2416762045265983,4.9233092761953205
rgb_1720136082,bev_1720136082,-9.175090262207243,-0.9249224510642584,0.1572149127626216,1.4795300880846511,3.3302931237166984,0.482340365275941,-0.3556311681348804,1.0150769995101374,87.89077345005677,46.9443637048718,0.0
rgb_1694980059,bev_1694980059,0.3056873375434231,0.7296607703002668,0.9665211644991398,0.3663450300105944,0.6787881194825834,0.6943648186122173,0.5655941176975782,0.3671736745763563,0.6021859105659474,0.2685477816369271,3.5003737796694967
rgb_1720254751,bev_1720254751,7.898637506129646,-2.7137322114777724,0.1215520228934662,-5.653385471677152,2.806491504646909,-0.7072694274580312,0.9680344710039016,1.0416149296730677,-0.3817323082651711,19.859801608823044,0.0
s3_rgb,s3_bev,11.87563489049372,-3.124373308088497,0.1276236917704276,-2.29023759824845,-5.218453631338008,-0.1780528469564657,-0.3286501174378333,1.310831010539944,89.24621322940973,20.797232719485336,3.206212393116004
s1_rgb,s1_bev,-3.6606355787802016,14.722955145118732,0.1149635646787337,1.3756104726391776,-9.166317704564284,-0.7917277873586199,-1.0,1.118140875512541,14.857725000223368,100.0,0.0
rgb_1694887817,bev_1694887817,0.290208827435031,0.2071688092327739,0.9614117014390624,0.2200363191861707,0.2204809997605299,0.3911980293996259,0.9826817576338172,0.9206775862096106,0.453626675074173,0.2334639033056165,6.028089364314639
rgb_1694915175,bev_1694915175,0.4699902551816657,0.5535045273860887,0.8778232036766818,0.8498739005066076,0.6538416775263692,0.8237327618675256,0.3601928638015375,0.1168283356048671,0.0562401068481468,0.2825859491977414,7.470275879046504
rgb_1694920224,bev_1694920224,0.8811273464855527,0.8526676961704729,0.9239951762570568,0.7031492071887133,0.6525609307968725,0.5059305793182678,0.2251426492677556,0.3152942206987896,0.0110828089024656,0.4555946255979274,3.5001032798629765
rgb_1720183480,bev_1720183480,19.76188201315179,-5.036712263968624,0.1836881304322063,-1.7810022924247324,6.496501093920401,-0.4451695961468005,0.9987955155981064,1.2863944173932562,60.47320480148196,21.51850773557957,4.001044345922355
rgb_1694891372,bev_1694891372,0.3289406107794165,0.3164957144615454,0.4260704778232628,0.5945593277636188,0.1183861928078012,0.6804983772258799,0.4202994626767873,0.2289061440737408,0.8533155650974025,0.1428147614651455,0.0
rgb_1694910583,bev_1694910583,0.9065378127280518,0.4862326436153228,0.5480257307763623,0.629212003369963,0.8875232238293255,0.8086744870962823,0.2370723451478416,0.4551424009691003,0.0746578102694114,0.4793036974269772,7.443753392890746
s1_rgb,s1_bev,-0.4473262133735574,17.463218031426994,0.2773894855158774,6.48488359737949,-3.344263487998047,0.6715287476852849,0.2495522524063336,1.0393938687447215,17.45580115875221,26.72566000792429,0.0
rgb_1720255160,bev_1720255160,10.63814875259938,-4.214137955657547,0.1215520228934662,-5.653385471677152,2.8064778968274435,-0.7148321562716291,0.9680344710039016,1.0334261623995995,-0.3750178314339933,24.237966139087764,2.959218206009976
rgb_1694985093,bev_1694985093,0.963877558158044,0.4570160959266701,0.9240933834238848,0.7590616393964559,0.0399239929254908,0.3244857280531648,0.8932951635107417,0.9413592101404218,0.649542043171456,0.7260981199910451,4.900512328013432
rgb_1720251380,bev_1720251380,-9.175090262207243,-0.9249224510642584,0.1572149127626216,1.4795300880846511,3.3302931237166984,0.482340365275941,-0.3556311681348804,1.0150769995101374,87.89077345005677,46.9443637048718,0.0
rgb_1720246695,bev_1720246695,-11.213425241193988,-0.4517766327920753,0.1238012914251377,2.590514173066863,3.307258264328185,0.4814799234042284,-0.4401263668660845,1.0150769995101374,87.89077345005677,43.75437700508703,0.0
rgb_1720163949,bev_1720163949,7.756758925985856,-3.808012768146561,0.1147055383438254,-4.087218062868704,3.801407613605496,-0.7034303142383056,0.9680344710039016,1.028049788880147,-0.6752072677785463,19.910428330708875,3.545538471705738
rgb_1694827682,bev_1694827682,0.7435054493584005,0.2473872494190377,0.9968333397635508,0.2641519035525073,0.9013842686865466,0.4489303795482214,0.4183253086953516,0.6245901155244464,0.7722594135751993,0.0312958062848022,4.013883293951912
rgb_1694866614,bev_1694866614,0.3839235774460801,0.9433322037972433,0.5985145294981619,0.7623022988522625,0.5430522874599055,0.5422795014955393,0.2105913151656556,0.8736262995869557,0.1646678944428066,0.9070795320955752,7.782679210284856
rgb_1694870484,bev_1694870484,0.0067220203232238,0.667646245882518,0.96013556900514,0.6202787863601541,0.2780373362827022,0.7114699842495514,0.5351023872170911,0.0684796032133484,0.2376543422019829,0.9358099347801536,7.206063882987782
rgb_1694840778,bev_1694840778,0.6653455139156365,0.5505085696235532,0.0617464061273607,0.4547276684569379,0.7657849898741665,0.4254088333516342,0.67874709450709,0.6350314564569236,0.3961219000266063,0.4579139111201029,3.667468957342378
rgb_1720245494,bev_1720245494,-11.213425241193988,-0.4517766327920753,0.1306196183085123,2.590514173066863,3.1543529791381744,0.4816404667085976,-0.4361882078074294,1.0150769995101374,87.89077345005677,43.670332421702,3.070670351653848
rgb_1694833990,bev_1694833990,0.827538034229366,0.6344388481418815,0.5878500250633711,0.3634918266839135,0.8464819761930226,0.5884328918998902,0.2033343123065331,0.6866559723984268,0.870064133192578,0.3105691516074885,3.5023304504088406
rgb_1694977429,bev_1694977429,0.5120555309501197,0.8210091148761596,0.0661347522773142,0.8771652172671024,0.1073547152877135,0.3411094083642507,0.0883064536153311,0.3510368944466328,0.1194825861888324,0.351757249107605,5.250001535824153
rgb_1720134795,bev_1720134795,-15.558294503665604,-1.2549635535758554,0.1607490823483479,1.471861031508837,3.122426286702062,0.4000766107296423,-0.5572254224153955,1.019610820287436,62.51549816637467,43.67257892722832,0.0
rgb_1694952527,bev_1694952527,0.4755851107689668,0.8114235723611025,0.3334216274792253,0.8397828654889098,0.2313237298455668,0.1634856366404621,0.0581611527906172,0.1153543017657013,0.6703078713839277,0.4690679475739113,7.733333522877919
s3_rgb,s3_bev,3.2035827392130543,6.563135032400439,0.2686739514149359,-3.2549449737132763,1.9074307955993104,0.1775107633552337,0.5291069128259291,1.4275694160548416,8.174902676275906,82.51197455303017,3.399177250945953
rgb_1694980346,bev_1694980346,0.3437698995484084,0.040931584219254,0.0287147584969206,0.204093180784202,0.6497382311909206,0.6543622529712094,0.2937714699167297,0.2100502401350262,0.5961338595144927,0.9209224608966666,4.58441531454874
rgb_1720155149,bev_1720155149,8.771611319167391,0.8187965518370248,0.1140028170607527,-6.202706676344142,2.688003832430759,-0.9704027634897228,0.955521551474102,1.033261150150652,4.375054897092312,23.62030316799536,3.0383860866952834
s2_rgb,s2_bev,8.41997730612583,-13.078267313869183,0.1734637083224667,7.716476422755193,8.113195248083372,0.7504477144007147,0.9735967057891732,1.2411379624763983,60.88215629913276,76.54025857495537,0.0
rgb_1720245814,bev_1720245814,-11.213425241193988,-0.4517766327920753,0.1238012914251377,1.4692887616385626,3.1699498795432284,0.4814799234042284,-0.4401263668660845,1.0150769995101374,88.80962278091687,43.75437700508703,0.0
rgb_1720158948,bev_1720158948,10.756100718921084,-3.753559132337273,0.121512017460523,-5.653385471677152,4.083988595355317,-0.7072694274580312,0.9680344710039016,1.0393577280280966,6.163100750375094,18.49954195682225,3.5670279938056018
rgb_1694887401,bev_1694887401,0.725314273738097,0.0985588811571906,0.2809985879847158,0.1423668349109438,0.8444843068808165,0.0995338325825853,0.5068389931898253,0.134625357261988,0.920931313361855,0.9784064252013376,7.3593474970399075
rgb_1720131581,bev_1720131581,-11.331102485845316,-0.3855012314219834,0.1596176792253844,2.8805020339849907,4.414944177713394,0.483838447662283,-0.5896807659688591,1.0160248078432434,87.9251501334854,43.67257892722832,0.0
rgb_1694906865,bev_1694906865,0.6125071583285194,0.0394165555184725,0.0365861071461739,0.813513507622446,0.0725456857214412,0.0059059743949559,0.9493247876945357,0.7783412997295204,0.7818513197931173,0.2630522489445824,3.7934803770733256
rgb_1720244092,bev_1720244092,-11.331175495668468,-1.2549635535758554,0.1596176792253844,1.4724921916567195,3.1294346799086306,0.4862132259869667,-0.8806179773638626,1.0160248078432434,83.7530503603491,37.03717907774799,0.0
rgb_1694976670,bev_1694976670,0.3996584310223671,0.2250569670308987,0.4622259777191397,0.1247737201554056,0.1191860004825255,0.7702154478864108,0.1479696220803863,0.4330417327462966,0.1978353060060385,0.1781898757968294,5.734358309132273
rgb_1694945014,bev_1694945014,0.5910897096208462,0.2434809482137947,0.4242075629904369,0.8940733767991077,0.5053494991251802,0.1028170711543364,0.894268453087147,0.5364001572970537,0.5077466733054513,0.3701835880767766,3.249193654214821
rgb_1720250018,bev_1720250018,-14.181112474477244,-0.4517766327920753,0.1618322777179078,1.4724921916567195,3.158843933418998,0.48173603260967,-0.5454620192414873,1.0088682761859795,87.89077345005677,46.81020907476398,0.0
rgb_1720144049,bev_1720144049,10.567107447940703,-2.749590761781928,0.1214853680670798,-5.653385471677152,2.820162861105036,-0.7030634404267939,0.9680344710039016,1.0217464790931472,-1.1628921395584229,19.7298385402778,0.0
rgb_1694824246,bev_1694824246,0.9355774403491264,0.9797714910489196,0.3710437752972777,0.7284645241900239,0.5121346615561184,0.0154495895990568,0.7105948201546506,0.4487503007637455,0.4057988914382178,0.7855369870892965,7.435608502444144
s2_rgb,s2_bev,18.63013698630137,-6.887396734480059,0.0886436222692316,5.545577155157112,4.840153244743348,-0.9796483361184604,0.5189336268488274,1.3488415532298506,-24.578528998290444,0.0,0.0
rgb_1694922867,bev_1694922867,0.1810690409607946,0.9852449260422088,0.5376001283353004,0.8901127731849267,0.987913090517998,0.5931619744979345,0.7442541109426904,0.1868778454022869,0.6393428714630897,0.6536703828764148,3.501286951009813
rgb_1720244332,bev_1720244332,-11.331175495668468,-1.2549635535758554,0.1596176792253844,1.4724921916567195,4.736087595531508,0.5143647501317774,-0.5572954165239499,1.008499742613944,87.89077345005677,43.67257892722832,0.0
rgb_1720216658,bev_1720216658,-7.245079557964667,5.3772569021832375,0.1608683056592903,-2.05450358897611,-0.9222072878446212,0.4347811134539552,-0.3759567148271798,1.3727560953197806,-22.00801111296352,54.29413265631733,2.558594237404424
rgb_1694866697,bev_1694866697,0.6573281398211923,0.3592507079090712,0.7836706355841179,0.4506811376564592,0.8562888371700372,0.6335473554973744,0.9888719887590676,0.5341306660177583,0.5676963822773836,0.0995449541810383,3.500015450906762
rgb_1720169320,bev_1720169320,19.04724453926454,-7.25845846484717,0.1533477639552684,-3.0944734375757346,6.472771966809887,-0.4465285367255255,0.9971216936175538,1.1527836294431557,64.04928581446387,24.32591915585476,4.001624657878042
rgb_1694953499,bev_1694953499,0.3811370621930983,0.3435698285424033,0.289434198959866,0.6727642351074251,0.2055552480009943,0.7864846990356557,0.7949553559658077,0.9947964289565684,0.4364497637085456,0.5386139831148083,3.501302749975054
rgb_1694944392,bev_1694944392,0.7939072061121462,0.1404863352896571,0.5698290468723259,0.3323396385517005,0.3200413928926149,0.4512335234386546,0.6386626887236145,0.4542088606407273,0.0447246275008074,0.4516901451887093,5.800389964621121
rgb_1694837831,bev_1694837831,0.3282836462739328,0.8974255576208714,0.5619247103557659,0.6278483798094396,0.6125940845580112,0.2922775655049421,0.3998645345312233,0.0277224341290491,0.943732543613098,0.5118617852482988,6.906429084435158
rgb_1720267210,bev_1720267210,8.201514113411854,-3.753559132337273,0.1137815898492992,-5.653385471677152,2.729899333337782,-0.7158692654621701,0.9680344710039016,1.0332283211648312,-0.978089647518246,26.57448303642725,3.174556530079556
rgb_1694844725,bev_1694844725,0.8096528366244125,0.1235350515496011,0.1217925242582179,0.8963615098120821,0.3470361949570426,0.1789065414357619,0.7933499493839606,0.5404526089158798,0.9403976032640822,0.9179101701589828,3.50006969071493
rgb_1720228568,bev_1720228568,-6.785177330598325,3.832299926109201,0.1723148431543568,-1.2826022773073549,-0.9200452261588908,0.4372908487170543,-0.1018733535123288,1.383275637784491,-1.4578697211772749,89.84747014473177,3.5288231369775813
rgb_1694984698,bev_1694984698,0.5807789614445995,0.6874012529537595,0.6198850482674323,0.5445566004729846,0.7594248092806537,0.6138642711987811,0.6797011350780119,0.3893359528608627,0.7744650175251315,0.971069382745071,2.892347872910804
s1_rgb,s1_bev,14.447685901085258,11.41757709890794,0.2011841172475358,-1.3553818774548692,4.406097936450504,-0.9993203962238526,-0.2366371611403188,1.228250951221003,22.086666318319697,91.33590846525064,2.8349014059020203
rgb_1694948225,bev_1694948225,0.5709833478344073,0.2323522279328964,0.3233911940320079,0.4016492028566679,0.5167376998113307,0.9119366262145944,0.2675356542869733,0.1902218623377258,0.3060125496454084,0.1273124840991294,4.157059116701167
rgb_1694943803,bev_1694943803,0.1033877534489624,0.7418165560408327,0.4417232229741854,0.018931296499426,0.1507451117338352,0.0075003172842353,0.0616727350221021,0.0117592133469411,0.3299356624691878,0.1614131348840582,3.5000119778388
rgb_1694873639,bev_1694873639,0.7321628323719139,0.2921290257471588,0.8806523409046014,0.7510681195665345,0.2563058358533122,0.0791921966234633,0.9130374619269668,0.1984500870295512,0.1358866216800511,0.9009900944720548,7.73214767788731
rgb_1720165229,bev_1720165229,10.74831728081582,-3.753559132337273,0.1215520228934662,-5.653385471677152,2.808673610038074,-0.7234547452048197,0.9680344710039016,1.000567858100681,-0.3750178314339933,18.56373063348708,3.171771849553944
rgb_1694921909,bev_1694921909,0.1519897089620179,0.6978648110091664,0.9767388898942532,0.9464689360770692,0.8617938961743713,0.6343187175931946,0.6030515730832592,0.1573578553108532,0.0011604475497583,0.7767089370731465,3.498218232026714
rgb_1694900551,bev_1694900551,0.2524731971860057,0.7534359922296849,0.8843242028392589,0.9843471470303572,0.7529722054133506,0.1566100209336249,0.9918209653715452,0.6340535293547253,0.0460072013952845,0.0661293019250657,5.966544819095352
rgb_1720232144,bev_1720232144,-7.218855024437428,5.3772569021832375,0.2053010448266215,1.2013424068025174,-1.5254990976021965,0.4347743336207439,-0.4230180822347407,1.3085475193753746,-32.52631270437017,45.9572768910722,2.4973971593446893
s1_rgb,s1_bev,-0.0417711542089982,18.520692631535013,0.2780598826716144,7.750328002367446,-0.9591073939372752,0.6713501215292137,0.2825275448773867,1.0406106434136095,33.869773474236354,23.86369071172407,3.2075869131713746
rgb_1694901367,bev_1694901367,0.5564936762871254,0.3385447574740041,0.4008574714655022,0.7201965144525472,0.6392985389897383,0.6993261615894409,0.8891393094856069,0.8289414226864402,0.9779066617613448,0.0902023394306059,3.4999052202473084
rgb_1720259273,bev_1720259273,10.567107447940703,-4.323097888623824,0.1214853680670798,-5.653385471677152,2.736241752754145,-0.707014147708694,0.9680344710039016,1.012956277403328,-1.1628921395584229,23.70322769892124,0.0
rgb_1694942840,bev_1694942840,0.0332432821658184,0.3989054552655456,0.1276893545240968,0.1386524136945589,0.6846764087339072,0.0267995680011068,0.9092989015210492,0.7535658569548639,0.5299312025227653,0.2916482926062944,5.225857595137595
s1_rgb,s1_bev,-3.6606355787802016,20.0,0.0170842824601366,1.3756104726391776,-7.0007761133599935,-0.6175917962277262,-0.951951951951952,1.2028335448917666,14.857725000223368,89.90783965272594,0.0
rgb_1720129690,bev_1720129690,-11.331056178339832,-0.4517766327920753,0.1276907565549564,1.4723007594077728,3.122327310775839,0.478646600609993,-0.5896807659688591,1.0148785429144207,67.62050861620037,43.67257892722832,0.0
rgb_1694874587,bev_1694874587,0.2652312819241426,0.8063723766146722,0.3910870611100642,0.3558659713487404,0.2001901847813795,0.1728261771646789,0.3380061848901442,0.0561989601631951,0.77590234168363,0.6185359928983899,7.377002309797487
rgb_1720265443,bev_1720265443,13.453931073580089,-4.224616819109322,0.1210811265674365,-5.653385471677152,2.7370841154111645,-0.7147044094512425,0.9680344710039016,0.976837023641596,-1.1628921395584229,23.70322769892124,3.2898251786747075
rgb_1694924018,bev_1694924018,0.2259934884029618,0.6987872150435299,0.4147535267531382,0.1976423568355885,0.9693201774041234,0.2111273935322305,0.7056703122567398,0.201553187437659,0.1539327433137626,0.5293463168711872,4.830735875985071
rgb_1720132504,bev_1720132504,-11.213425241193988,-0.4517766327920753,0.1238012914251377,2.590514173066863,3.307258264328185,0.4814799234042284,-0.4401263668660845,1.0150769995101374,87.89077345005677,43.75437700508703,0.0
rgb_1720146623,bev_1720146623,10.559245757427522,-4.224616819109322,0.1388417705016009,-5.653385471677152,2.7370841154111645,-0.7147044094512425,0.9680344710039016,1.031699742690982,-1.1628921395584229,23.70322769892124,2.631360920516209
rgb_1720269274,bev_1720269274,10.559245757427522,-3.737722525189135,0.1210937268043137,-5.653385471677152,2.7370841154111645,-0.7072157237799832,0.9673734433454972,1.0461972677287072,-1.1566249732399143,18.124249999189693,0.0
s1_rgb,s1_bev,-3.6606355787802016,16.308627550863367,0.1573348336122097,-10.0,-7.0007761133599935,0.4650636965038884,-0.6043521266073195,1.170268535087009,90.0,56.44617275167779,0.0
rgb_1720234599,bev_1720234599,-11.213425241193988,-0.4517766327920753,0.1238012914251377,-0.2289654383534856,3.1699498795432284,0.4814799234042284,-0.4401263668660845,1.007851612999154,87.89077345005677,43.75437700508703,0.0
rgb_1720241610,bev_1720241610,-11.331175495668468,-0.4857692650587282,0.1596176792253844,1.4730061630621467,3.170161615182481,0.4862132259869667,-0.5896807659688591,1.0150335762700051,87.89077345005677,43.67257892722832,0.0
s3_rgb,s3_bev,13.224383505402727,12.81878634522696,0.2686739514149359,-4.020910944561871,5.373686306542907,-0.7487475777584274,0.5291069128259291,1.2627370991358866,8.174902676275906,82.51197455303017,3.938302871552192
rgb_1694952000,bev_1694952000,0.0659938820890619,0.3302350573034743,0.2326572178495978,0.5698064869829187,0.6907246597670539,0.790154183461135,0.5644806983778069,0.5804843098137006,0.6318393362251329,0.5019555364277329,5.376822466064412
rgb_1720171284,bev_1720171284,19.04173974100473,-7.258456712358621,0.1533477639552684,-3.0944734375757346,6.220692102775278,-0.4465285367255255,0.9985839092089216,1.1527836294431557,64.28747933951254,24.326811465192343,4.001740066569241
rgb_1694841657,bev_1694841657,0.5599589295060624,0.1676109757628563,0.2159900036383274,0.7357151208460533,0.3596909217550736,0.7345814435784238,0.6014831627457198,0.8207810660639132,0.385861494223177,0.7998482401106587,4.071221802863727
s3_rgb,s3_bev,12.069440232851882,12.81878634522696,0.2686739514149359,10.0,1.9074307955993104,-0.967326812731105,0.5291069128259291,1.43,8.174902676275906,82.51197455303017,2.98307527770512
rgb_1720239487,bev_1720239487,-11.331175495668468,-3.4050490183663698,0.1596176792253844,1.4724921916567195,3.15871693075807,0.5143647501317774,-0.4545713647735153,1.008499742613944,87.89077345005677,43.65338459946653,0.0
rgb_1720130816,bev_1720130816,-11.331175495668468,-1.7496352051542132,0.1596176792253844,1.4724921916567195,3.15871693075807,0.4761615158625374,-0.589410224993545,1.0089422043591108,87.89077345005677,43.67257892722832,0.0
rgb_1694843159,bev_1694843159,0.8248928874606845,0.2227905954708875,0.0105501654936944,0.414897865948195,0.9382129733228012,0.1759354694235998,0.5795491748070343,0.085417804254229,0.5791730182349529,0.2038315915086592,4.359714216164919
rgb_1694915312,bev_1694915312,0.3630283934009568,0.3618886995634038,0.8528520528180087,0.4000210997104227,0.8140720966635164,0.6738025562037384,0.1171031740184742,0.6154142170949788,0.7228048973108289,0.4219003875736579,3.5066090729003085
s2_rgb,s2_bev,8.428580574181545,-13.058638561962733,0.1734233910740375,7.705693677428722,8.129721194757195,0.6512392692838729,0.9666353354658002,1.2628438184194102,63.70300053723605,71.45746071592399,0.0
rgb_1720179019,bev_1720179019,19.207038562146373,-7.748939387570887,0.1533477639552684,-0.676448385816597,6.472771966809887,-0.4465285367255255,0.9988843952338196,1.1527829087887596,60.95485983690389,24.326811465192343,4.00029664379118
rgb_1694909139,bev_1694909139,0.3423171184818615,0.3596155513060263,0.037724119515651,0.3428725142000857,0.5799421887246129,0.3110764191508604,0.7731103495121527,0.7908453929809441,0.2546220886145119,0.9756057216583794,5.384577487939869
rgb_1720128885,bev_1720128885,-11.33115003053175,-0.4517766327920753,0.1261324233363022,1.469330557220328,3.1631181615994564,0.4814527829403348,-0.5896807659688591,1.0040643794275872,78.56471806707535,43.67257892722832,0.0
rgb_1694924667,bev_1694924667,0.6480249234798292,0.8813454205930543,0.440756766621901,0.6385085425077884,0.1883274533464509,0.1591456297018841,0.2618822014168114,0.442200295505083,0.1802883558135164,0.0310936967521001,3.500033265757633
rgb_1720211308,bev_1720211308,-7.248677008666737,5.3772569021832375,0.1593954299281511,-1.4911065625864932,-1.3439084309426337,0.4347927844178745,-0.3819712678686375,1.336572291809382,-24.79417999303644,54.29518276456376,2.5481852978789856
rgb_1720215591,bev_1720215591,-7.248677008666737,5.3772569021832375,0.1603225296467748,-1.4911065625864932,-1.3439084309426337,0.4347927844178745,-0.3819712678686375,1.3409382151193916,-24.79417999303644,54.29518276456376,2.5228953462925627
rgb_1694976879,bev_1694976879,0.3301289720937016,0.5204754424917295,0.7282628684150098,0.0855177037696669,0.8500989299605298,0.0913079629476565,0.3902872823044085,0.6478391156148097,0.0560867891055002,0.5014331344454801,6.4051299195394815
rgb_1720123050,bev_1720123050,-11.213425241193988,-0.4517766327920753,0.1238012914251377,1.6942616140458604,3.1699498795432284,0.4817271611295204,-0.4401263668660845,1.0151376912506311,84.118763476319,43.75437700508703,3.45247778786069
rgb_1720169584,bev_1720169584,15.67093067890361,-10.733727016559374,0.185814847257915,-1.199334164207805,6.980652140790337,-0.2797086991546921,0.8199731550315341,1.060220019998806,42.67053762641086,24.19432076849085,0.0
rgb_1720178486,bev_1720178486,18.99849263458016,-7.259008099278256,0.1894628901768526,-0.5665650099872082,6.472771966809887,-0.3866840383005497,0.9967784678835208,1.1130298272677552,64.44188651465629,24.326811465192343,4.000293657616548
rgb_1720177726,bev_1720177726,19.08033454982806,-4.2490343895040645,0.1519721562911032,-1.7702674121376578,4.793656250356104,-0.4465285367255255,0.9988843952338196,1.1935766593819568,60.47320480148196,17.35829181503954,4.001339116922988
s3_rgb,s3_bev,3.2035827392130543,6.563135032400439,0.0487718041338835,10.0,-3.625072662215352,-0.967326812731105,0.5291069128259291,1.2627370991358866,51.03125040092922,35.61154547433586,4.0024631807022
rgb_1694984960,bev_1694984960,0.2669965299342988,0.4523840868466183,0.214951078948692,0.930145563665534,0.5639932746675648,0.0904494015493845,0.2673607988368841,0.6150261365209914,0.4070986650661864,0.5926863175698522,4.044850722869712
rgb_1694982258,bev_1694982258,0.0644423908409211,0.4499797814945815,0.4567527449575129,0.2341807979047776,0.1278583960174978,0.7244793403558456,0.7400366805087485,0.554740755173717,0.3894809387231039,0.9238823293836084,3.486274767081341
rgb_1720246896,bev_1720246896,-11.330574485294374,-1.264957824893397,0.1596176792253844,1.4724921916567195,3.125395982328083,0.0889320323331193,-0.5572254224153955,1.0160248078432434,62.93371011288929,43.67257892722832,3.468581281626298
s3_rgb,s3_bev,11.875609904583769,-3.992218260299808,0.1052942425831224,-3.0436838633946635,-2.3253983838750343,-0.1484044986770651,-0.3021638626315493,1.362572174498761,89.39031237890131,20.763666996414425,3.1133457124623725
s1_rgb,s1_bev,-0.4473262133735574,9.152064474383256,0.2780638963332308,6.484804501270138,-0.7848930668313779,0.6490095348492575,0.2495522524063336,1.0393938687447215,29.55294394648916,26.65500364944125,3.0346592760596027
rgb_1694916480,bev_1694916480,0.0527392063904998,0.3393580774291301,0.4444297040853617,0.4530833337678225,0.3190475249496503,0.555444885405008,0.4586969352324722,0.2115294238129078,0.5795321580343661,0.7866639300210498,4.14873090297788
rgb_1720138655,bev_1720138655,-11.213425241193988,-0.4517766327920753,0.1238012914251377,1.4692887616385626,3.1699498795432284,0.4814799234042284,-0.4401263668660845,1.0150769995101374,87.89077345005677,43.75437700508703,0.0
rgb_1694983710,bev_1694983710,0.3611940463353745,0.4942182281789019,0.298942538935007,0.1234713851908089,0.2889587916749757,0.077141777082315,0.3113956209606022,0.2628229543803881,0.5048585447029391,0.7524278858794882,5.75254296769534
rgb_1694978698,bev_1694978698,0.3636022087820656,0.2562735418831906,0.7768981951488908,0.2059534791474456,0.4695779183984259,0.6617555442836721,0.633613156735266,0.8725025095392595,0.3737291011499563,0.3662055745239472,6.360348359351257
rgb_1720126951,bev_1720126951,-11.331175495668468,-1.2549635535758554,0.1597511839512499,1.5620838133408697,3.15871693075807,0.4865119315416786,-0.5916056639493898,1.0160248078432434,87.89077345005677,43.764872818845966,0.0
s3_rgb,s3_bev,8.305623555539581,4.0186057703139255,0.0599909514786853,10.0,-3.1555890941402343,0.1104416822016456,-0.6664448693800191,1.4275694160548416,74.22436459246273,88.2155412035305,0.0
rgb_1694942795,bev_1694942795,0.1200859341673997,0.6134062729240888,0.7502109748312135,0.7119639478755276,0.4622772084525303,0.7771341293685283,0.5221377821813419,0.0243189417658403,0.8889036220959035,0.4616927381112888,7.551757927747464
rgb_1720236601,bev_1720236601,-11.331175495668468,-1.2549635535758554,0.1596176792253844,1.4724921916567195,2.9479594473449904,0.8742636806898891,-0.7272823127812648,1.0160248078432434,87.83309151015206,42.08566772348112,4.727565131520309
rgb_1694842299,bev_1694842299,0.155973912085,0.2610334118464895,0.0284628594413326,0.3549011256441697,0.6421210887454132,0.3563544046068007,0.8572242243500005,0.083838509595898,0.5681843243414273,0.3686234088667575,5.446226637052007
rgb_1694982163,bev_1694982163,0.8139319817741847,0.7785146804370887,0.3942211520224414,0.7968595223399042,0.0791305633387057,0.1070160236666608,0.8337803482812822,0.6828083707396831,0.2189840274429224,0.1319151848028843,3.4950289229148748
rgb_1694845198,bev_1694845198,0.8212634721722626,0.0349661551043726,0.6165364752952505,0.5412685061319668,0.56490244724257,0.2691394942656602,0.5767161294850268,0.2515202392269199,0.7371013777784213,0.5058845077244649,3.500107867851987
rgb_1694975643,bev_1694975643,0.7716320969689954,0.6115426955798473,0.4059706104396275,0.1155526274799947,0.2732194619947662,0.923683361314138,0.4928327457737073,0.6290696763526225,0.1894266195161906,0.9038804158682814,5.883113784107252
s3_rgb,s3_bev,3.965124246143468,4.0186057703139255,0.0409470779992982,8.61111111111111,-3.625072662215352,-0.3757395824262324,-0.6436519343004135,1.43,74.22436459246273,82.51197455303017,0.0
rgb_1720252623,bev_1720252623,-11.213425241193988,-0.4517766327920753,0.1238012914251377,1.4692887616385626,3.1699498795432284,0.4814799234042284,-0.5507022342043029,1.0094846556493162,88.98187721623617,43.75437700508703,3.1526456719797777
rgb_1720222540,bev_1720222540,-6.995095460999943,5.3772569021832375,0.1594403355670541,1.180996717409336,-2.3603145673439947,0.4347743336207439,-0.4230180822347407,1.3320382105714046,-24.793273322943705,53.25339303419374,3.640016444505963
rgb_1720257491,bev_1720257491,12.791822824799029,-3.753559132337273,0.1215492199747022,-5.653385471677152,2.814881952071266,-0.7072694274580312,0.9526017499400724,1.020897684180813,-0.6698658992666964,19.87011745693633,0.0
rgb_1694844538,bev_1694844538,0.5097348240101551,0.1899330394317717,0.8412928710654608,0.007992413111287,0.4341605813210172,0.5014524544396217,0.2143300741355366,0.0161752176442273,0.5981118831940352,0.7103288416330771,0.0
rgb_1694977137,bev_1694977137,0.3283920719588377,0.4428118758098328,0.757271206908483,0.8163273216463593,0.4819831070106097,0.1177984065568854,0.0284292380346922,0.5285771744776958,0.6435161398092568,0.6822230036253136,3.5000014497716734
rgb_1694956229,bev_1694956229,0.4426356406958032,0.2798309391552873,0.6797199931226762,0.2561869435095678,0.3359946871892108,0.7918075645252272,0.5780373951174741,0.4864428014519942,0.7828806220354927,0.5476079297087532,5.3446903457979325
rgb_1694953060,bev_1694953060,0.3616983366715326,0.8702928379727245,0.4455933476674671,0.0555910238436431,0.7787904699888826,0.2678434235960778,0.2808481677480665,0.4587688090958738,0.7505111129072569,0.3842744702114476,3.4996692067973245
rgb_1694842026,bev_1694842026,0.9370627848332984,0.2479283036948074,0.0661351310979661,0.31737508496609,0.4927371298265171,0.8328912739527633,0.4924140868094426,0.8873816250766198,0.4055916527160387,0.922674557226997,5.381822175985598
s2_rgb,s2_bev,20.0,-14.160124007207331,0.0886436222692316,8.297915572114556,6.429978363980233,-0.9796483361184604,-0.7797766576185208,1.2870647180701948,-24.578528998290444,3.2565601535852746,3.9374835456909865
rgb_1720263192,bev_1720263192,12.203773830285968,-3.753559132337273,0.1219541281305305,-5.653385471677152,2.806236984627424,-0.7072694274580312,0.7480395568651903,1.041614472677779,-0.6946466959082329,19.87011745693633,3.562823109912224
rgb_1694868976,bev_1694868976,0.054401923816737,0.5330672592563208,0.965390869100131,0.4726075489593471,0.2528398706811599,0.5673292781594104,0.9332549809515086,0.2921555018680746,0.231064147902107,0.0157245785079516,7.35944400420154
rgb_1720126429,bev_1720126429,-11.36820888532463,-0.757238453545849,0.137249772217955,1.479333738145165,3.3163482478236688,0.4814799234042284,-0.3556311681348804,1.0150769995101374,88.10502484656053,48.711989447590014,0.0
s2_rgb,s2_bev,20.0,-6.887396734480059,0.0886436222692316,6.686153146032503,6.429978363980233,-0.9796483361184604,0.5189336268488274,1.2870647180701948,-65.48761990738134,3.2565601535852746,1.4754920474934177
rgb_1720222937,bev_1720222937,-7.259046718950133,5.753018543371734,0.1359934781390166,-1.5856450488056488,-1.0827810167020466,0.4347088574735764,-0.1914244784367055,1.376241716639163,-21.268293137009977,55.14335694122278,3.4370543819047774
s3_rgb,s3_bev,17.773949217049676,-3.983405340639564,0.1004928717482631,-6.094554581919555,-5.00248650726313,-0.1102756162990559,0.1954059127326085,1.2874896311341355,89.9018194693837,9.74481704151852,3.476312237978557
rgb_1694917836,bev_1694917836,0.271107502016231,0.872472895195685,0.474085335480354,0.8805832534261989,0.5085165077427017,0.1679510262907482,0.4765762926565614,0.6405270854741044,0.1033801786591525,0.6627783355854376,3.4912813163546
rgb_1720213334,bev_1720213334,-7.200123575722277,5.4838009294504,0.1542525629482065,-0.9914525550029047,-1.389666374725314,0.4347928988117684,-0.3791522153173634,1.3358185781590286,-22.89379426350452,46.67725927749037,2.5198899153471843
rgb_1720139540,bev_1720139540,-11.331175495668468,-1.2549635535758554,0.1596176792253844,2.8805020339849907,3.15871693075807,0.5065946880768433,-0.5896807659688591,1.0160248078432434,87.89077345005677,43.67257892722832,0.0
rgb_1694897383,bev_1694897383,0.2688289455015932,0.0113439719304557,0.8346396224826128,0.8284686250224494,0.8482381373603745,0.3068537111160159,0.4221476416023751,0.3805410201033116,0.1543321613145776,0.5599997415357066,3.499980650859906
rgb_1694869831,bev_1694869831,0.495927731783451,0.3606075108151734,0.3022406249104612,0.7984985581722156,0.4027142866225076,0.7951157888708167,0.7013794294217479,0.7626166179085853,0.7800807718098008,0.6595987278029499,7.496450088303029
rgb_1694869150,bev_1694869150,0.9872523194673216,0.7190902672878832,0.597787794505617,0.6907836979019452,0.1979890641756877,0.1058823124975667,0.5245714763474448,0.2590041172032571,0.8712486417554356,0.0856336521606201,7.610967865425177
rgb_1694943904,bev_1694943904,0.5334992946627545,0.4158430416426256,0.448242754186661,0.2627389102532768,0.9976078341662584,0.2262902661280903,0.6337696954042726,0.7359964532076171,0.899870506818659,0.6636255387472136,3.499993819471846
rgb_1694912934,bev_1694912934,0.5136484284458404,0.6263384616038421,0.4864159452352329,0.038207512975712,0.0868302929291106,0.5013173423382482,0.7415435765425817,0.5560750040545447,0.1661708580447366,0.2400298643894745,3.500130044900992
s1_rgb,s1_bev,-3.6606355787802016,14.722955145118732,0.0358108742204363,-0.4493910882174194,-9.049770465535696,-0.6175917962277262,-1.0,1.1895903016485234,14.857725000223368,84.91408184997937,0.0
rgb_1694894602,bev_1694894602,0.3508952259700075,0.648657392071171,0.3839888290621127,0.7134227513142357,0.4698974402461092,0.6338286244645674,0.7089833852078637,0.6695983876604102,0.2751161617731325,0.0185018073368902,7.350891965686465
rgb_1720163383,bev_1720163383,10.567882514802672,-2.6366143536957445,0.1215293462226441,-5.653385471677152,2.717221105960314,-0.7147044094512425,0.9680344710039016,1.0222330995851416,-1.1628921395584229,23.70322769892124,3.6497670800603954
rgb_1720129408,bev_1720129408,-11.22762158223774,-0.4517766327920753,0.1266904269980029,1.4692887616385626,3.1699498795432284,0.4640677801538808,-0.6047399253257097,1.015931708704998,88.98187721623617,43.75437700508703,0.0
rgb_1694888736,bev_1694888736,0.6673067936604244,0.4729030714980243,0.7592224502569962,0.95167300723641,0.3577876442341079,0.953886050826114,0.4994120438488453,0.3941867535662275,0.1354088874006511,0.9804036492743,6.328464252322925
rgb_1720177119,bev_1720177119,19.65390619858094,-7.339375054393704,0.1533477639552684,-2.3677477239660902,4.985404036320302,-0.3560397707752926,0.9988843952338196,1.1511398968969369,60.47320480148196,17.507125298413253,4.00017272154566
rgb_1720166204,bev_1720166204,10.567107447940703,-3.868916998832248,0.1214853680670798,-5.653385471677152,2.736241752754145,-0.7030073198020296,0.9680344710039016,1.0217464790931472,-1.1628921395584229,19.78008504303675,0.0
rgb_1720168265,bev_1720168265,19.23458027787335,-4.24921515795698,0.1533477639552684,-0.9014355427825738,6.472771966809887,-0.4617503205003276,0.9988843952338196,1.1935766593819568,60.47320480148196,17.317389377466768,4.000503046682073
s3_rgb,s3_bev,11.875610282731609,-3.763623017729525,0.104271554625952,-1.7931522591211504,-5.394007374383486,-0.6656750482539461,-0.2786885703217121,1.3007592717231322,89.27593429837458,12.489238782044811,3.2110001659752188
rgb_1694886979,bev_1694886979,0.2425326653907089,0.5523102339971615,0.7093938956048399,0.1661271162051658,0.3220555849300863,0.0010872258576702,0.674609329839437,0.7732068821794417,0.0299740791890994,0.544899060418181,3.500045968483212
rgb_1694899358,bev_1694899358,0.9586107707121309,0.170976318967819,0.4525769524995788,0.9623107891866838,0.6457574769563054,0.5125319693247654,0.8509277989236979,0.264355783532413,0.9199786326385548,0.8603309235554552,7.458900086416637
rgb_1720165639,bev_1720165639,8.201514113411854,-4.162467830117496,0.1248352238690753,-5.653385471677152,2.806224557797295,-0.8960794866858283,0.9680344710039016,1.0332283211648312,-0.98795233463062,26.89666165069156,3.486273020045888
rgb_1694945734,bev_1694945734,0.2362976722017151,0.7958253166225003,0.3942174664572786,0.94822461150597,0.7383040310257689,0.3421125194640214,0.1721454092261851,0.5186504153743082,0.4861760953446999,0.2790541889355706,2.2064594490725056
rgb_1720148157,bev_1720148157,8.486278913693155,-4.162467830117496,0.1212671264798315,-5.653385471677152,2.806224557797295,-0.7072694274580312,0.9680344710039016,1.0413599866637706,-0.3299734905447877,26.090798791599703,0.0
rgb_1694953796,bev_1694953796,0.3670529380652113,0.8019298764250765,0.3609130355399494,0.7246845001095688,0.3800597479259069,0.3895363630180628,0.0327556633722229,0.1048327119204235,0.3484342246155026,0.9066015300491536,4.891558347192415
rgb_1694903479,bev_1694903479,0.4384107675676685,0.0743647750350029,0.8282982132972481,0.4554418783973073,0.2541923841109164,0.9608515840927144,0.4824089262074831,0.1607304817228559,0.3021545041277041,0.0167186388497568,7.438446381677608
rgb_1720141069,bev_1720141069,-11.331175495668468,-0.4752073824345402,0.1596176792253844,1.4724921916567195,3.15871693075807,0.4807594015458607,-0.5896807659688591,1.008499742613944,87.89077345005677,43.67257892722832,0.0
rgb_1720149435,bev_1720149435,15.352166524588952,-3.753559132337273,0.1222596089236011,-5.653385471677152,2.81368938439744,-0.7072694274580312,0.95259881287326,1.0392729616300624,-0.6906439522265799,19.87011745693633,3.735745681264882
rgb_1720136242,bev_1720136242,-9.175090262207243,-0.4497955749348357,0.1342490253714033,1.473788773145868,3.681123803010971,0.4814799234042284,-0.7265135379304467,1.0151375178986388,87.83196871089709,46.56808350254997,3.1144875544653803
rgb_1720166876,bev_1720166876,15.352166524588952,-3.746154871661599,0.1224266202589478,-5.653385471677152,2.820391478708739,-0.7072694274580312,0.9526618131389876,1.030511674525055,-1.1412264440411235,19.87011745693633,3.662998217632061
rgb_1694878847,bev_1694878847,0.1758873519183218,0.2285505075317653,0.5850202306728335,0.9460012097599274,0.9482627298236012,0.8868949869068548,0.9516853723850028,0.0901439348866611,0.5525316201919922,0.4407536573410913,8.17535109385965
rgb_1720215724,bev_1720215724,-7.248677008666737,5.482069978277096,0.1483410648786068,-1.4911065625864932,-1.3439084309426337,0.4347927844178745,-0.3819712678686375,1.336572291809382,-22.4898371883324,54.29518276456376,2.548530497395325
rgb_1694906948,bev_1694906948,0.3375471868154083,0.3408112929317117,0.4090155573706753,0.129292579920888,0.9299106401863718,0.0966234402968664,0.7824358026108812,0.9260413273362584,0.9223565621431692,0.5984471853071774,3.642230447325249
rgb_1694916915,bev_1694916915,0.8121146198987039,0.1087657885158359,0.3038054216241745,0.2396833197783456,0.8179165168128277,0.6675768793690339,0.4824397709811742,0.7609625459763961,0.3409884004590815,0.1498323640164418,7.346737567954148
rgb_1720260103,bev_1720260103,10.749760035193404,-4.117966043445467,0.1210496146084849,-5.653385471677152,2.731291568137239,-0.7042647558803049,0.9680538009119954,1.0399777961754246,-1.1628921395584229,23.292097821757952,0.0
rgb_1720261424,bev_1720261424,10.279208850374708,-3.753559132337273,0.1215520228934662,-5.653385471677152,2.806470108101798,-0.7072694274580312,0.9680344710039016,1.0417888459128315,-0.3750178314339933,18.99121109640481,0.0
s2_rgb,s2_bev,18.92656233748623,-14.160124007207331,0.0,8.484980606385927,8.911924362158716,-0.2587590044980323,0.3340020249300277,0.963082470969002,-24.578528998290444,3.2565601535852746,3.0421624027443133
rgb_1694911817,bev_1694911817,0.3608409925070103,0.9342304270249022,0.853387841839079,0.3522143844301548,0.6346460712132993,0.2431554750586005,0.3238821941523213,0.9925702896160942,0.8377478860459867,0.5761775918246,6.251870688217401
rgb_1694897540,bev_1694897540,0.8395240235516923,0.1401216454115611,0.5941640503272919,0.6934255830981334,0.1390630246244499,0.1281015434883685,0.88939987059128,0.6641426681093647,0.7477727410131749,0.0707478002132165,7.412693992585657
rgb_1694828595,bev_1694828595,0.2606928048356186,0.4872102798028118,0.8320228807103928,0.6986355088977636,0.9689107550962358,0.3705014534503731,0.2416025005769428,0.7330538521461064,0.9749051523984462,0.16477755671333,7.760735179312157
rgb_1694979741,bev_1694979741,0.7724422211779934,0.9516149631072944,0.1443743887087355,0.0804439184419439,0.9126264236712844,0.6308990733613137,0.9649497284053568,0.9334365994387032,0.6981804219375365,0.2965577068106052,7.769508719900681
rgb_1694867451,bev_1694867451,0.636784364399713,0.1473042941556116,0.603312802968647,0.7785450270373426,0.3980578313436702,0.738755001593405,0.0389372130283571,0.7526911780886069,0.0993595765536242,0.7834572172966894,6.826044924420227
rgb_1694916392,bev_1694916392,0.2559361315811469,0.3830004366466775,0.8560540088274345,0.9203168714851856,0.7817116939411174,0.5767467299391166,0.651026130212443,0.3707946654028374,0.3521414871958648,0.6361743551436752,3.499980650859906
rgb_1720154326,bev_1720154326,10.641562435583468,-3.753559132337273,0.1215522166963989,-5.653385471677152,1.9723718281141205,-0.7072694274580312,0.9845533868963006,1.041614472677779,-0.8758334200807667,26.89666165069156,0.0
s1_rgb,s1_bev,-0.4473262133735574,12.49475749552802,0.2831212565398345,6.488409621696677,-0.7848930668313779,0.6511065346882301,0.2495522524063336,1.0393823224587662,29.55294394648916,25.62658971433532,2.9634840116238634
rgb_1720127877,bev_1720127877,-11.340104289765272,-0.4517766327920753,0.1238012914251377,2.590514173066863,3.110335828943086,0.4814799234042284,-0.4401263668660845,1.0160483841182046,88.00482296860162,43.75437700508703,0.0
rgb_1720252904,bev_1720252904,-11.331175495668468,-0.7448701303098595,0.1607519959072935,2.8805020339849907,3.328438096003376,0.4827590270272754,-0.5896807659688591,0.992173533725648,87.89077345005677,43.67257892722832,0.0
rgb_1720236921,bev_1720236921,-11.331175495668468,-1.2549635535758554,0.1596176792253844,1.2442653356115496,4.781095842379584,0.5037910242768602,-0.5896807659688591,1.0160248078432434,85.12538362764752,43.67257892722832,0.0
s1_rgb,s1_bev,-0.4473262133735574,17.463218031426994,0.2782662753759129,6.48488359737949,-3.344263487998047,0.6715287476852849,0.3615353911509291,1.0393938687447215,29.55294394648916,26.72566000792429,0.0
rgb_1694889124,bev_1694889124,0.3835739720922795,0.975363105516746,0.8985154810992896,0.9525142034768246,0.6142393105807948,0.0691007991387278,0.8798944667570832,0.7247500485241356,0.0811084170437048,0.2146130293617176,3.4999871886118767
rgb_1694902735,bev_1694902735,0.2243827551588098,0.472224235166934,0.6965950965875701,0.1394155761507256,0.0041249762607656,0.4879755961301124,0.7403019612075997,0.3707113330156474,0.8164468165445077,0.7241210656461805,7.554254891174735
rgb_1694949848,bev_1694949848,0.7788492776870305,0.1778165029002679,0.2651342751059735,0.1635916815608815,0.5839931487484404,0.0826803586243876,0.5755888123343664,0.2018061767135068,0.2870714132127757,0.7195594324628704,3.499940881695593
rgb_1694924463,bev_1694924463,0.3664200687598116,0.8666060513733531,0.6622659553156776,0.2308703604030024,0.9656619688973648,0.7978385881669205,0.896654841708814,0.0916143260801181,0.7300071459010168,0.8698783016717622,3.500033265757633
s1_rgb,s1_bev,-3.6606355787802016,14.722955145118732,0.0,1.3756104726391776,-7.0007761133599935,-0.6063199477312794,-1.0,1.170268535087009,30.68885956486717,100.0,0.0
rgb_1694942063,bev_1694942063,0.9253473702469388,0.0857498170615298,0.4185455931873277,0.439268450679788,0.1741542265704249,0.9049477543523564,0.5334832805875592,0.8537015404712169,0.7761564128485726,0.8348844069208191,7.424805648767479
rgb_1694914972,bev_1694914972,0.6983387919719611,0.822039473299173,0.7310853895700524,0.3916746375539125,0.457758346638777,0.7712268488324691,0.0640675126138825,0.1732931226695268,0.2204153506543209,0.6812010579112234,3.5012981392097364
rgb_1720153197,bev_1720153197,15.352166524588952,-3.753559132337273,0.1238093042200092,-5.653385471677152,2.8147920590538007,-0.7072694274580312,0.95259881287326,1.041614472677779,-0.6612855611520132,26.70967481745231,3.4840203988517007
rgb_1720177764,bev_1720177764,17.804182776281074,-9.999777542079787,0.1866949228037165,-0.5651344579152653,6.144651595718351,-0.3870717953602743,0.9920387755589428,1.0594613973180895,59.57068233422558,24.858375216465625,3.996852673961523
rgb_1720240249,bev_1720240249,-11.331175495668468,-0.6623788369611177,0.1597412280332725,1.4724921916567195,3.1573719395798765,0.4862132259869667,-0.5746127398660814,1.0160248078432434,87.89077345005677,43.67257892722832,0.0
rgb_1720182502,bev_1720182502,19.03973819220749,-10.204799234256871,0.1533477639552684,-0.5792799243218223,6.472771966809887,-0.4524614679841994,0.9987095242485756,1.1351894240992446,64.43943081071856,24.326811465192343,4.001758195268623
rgb_1694840409,bev_1694840409,0.8793086261614278,0.915848695811371,0.7035507663317726,0.5287776870741798,0.2109722814206999,0.8800735674930275,0.004940913158572,0.5124370515699115,0.358571061036715,0.9283837444114464,7.141184687069964
rgb_1694835683,bev_1694835683,0.7493468004506687,0.0114820954761608,0.2587230809865933,0.0134635990895574,0.8999015560775411,0.6003123501898715,0.3876407436071716,0.6037068354866669,0.2166463934508586,0.6089274024663818,3.49918254653548
rgb_1720170909,bev_1720170909,19.04724453926454,-7.326979342931066,0.1533477639552684,-0.676448385816597,6.472771966809887,-0.4465285367255255,0.9969989052801068,1.151744921475426,63.06926780534167,24.326811465192343,4.001759140225606
rgb_1720179247,bev_1720179247,18.918257706391906,-7.202775671501769,0.1342834845834971,-0.566650879918468,4.707473096880868,-0.3868542041727874,0.9919163056855772,1.040815850620736,67.11249885350728,24.88121885109264,3.990421664189499
rgb_1720218615,bev_1720218615,-7.281921319203635,5.753018543371734,0.1591959661837372,-1.645197339752796,-1.0446230780142702,0.4895515955419545,-0.1914244784367055,1.3452865371179337,-21.268293137009977,47.77483344404507,2.9385184066640067
s1_rgb,s1_bev,-3.6606355787802016,16.308627550863367,0.1573348336122097,-6.499205381501714,-7.0007761133599935,0.2540932323688672,-1.0,1.170268535087009,90.0,56.44617275167779,0.0
rgb_1720219814,bev_1720219814,-7.169064425309987,4.434036504279106,0.1593954299281511,-1.4911065625864932,-1.3439084309426337,0.4347927844178745,-0.3819712678686375,1.330971731479178,-24.79417999303644,60.19483639881618,2.5615641611529445
rgb_1720129730,bev_1720129730,-11.245679442453948,-0.543012924528739,0.1596176792253844,1.4724921916567195,3.15871693075807,0.4817440137322413,-0.5454620192414873,1.0088371398584202,87.89077345005677,43.69812252682813,0.0
rgb_1720125504,bev_1720125504,-11.223957221597,-0.5595844629414444,0.1204218203694245,1.4724921916567195,3.121777098530284,0.4817587725412744,-0.6260523388797081,1.016058186743564,87.60630737017337,45.70668560328059,0.0
rgb_1720266150,bev_1720266150,16.189610963444437,-2.7137322114777724,0.1211037807853946,-5.653385471677152,2.7398347648571946,-0.7072694274580312,0.9939864140853748,1.0416149296730677,-0.3519803269857533,19.859801608823044,3.797556686216209
rgb_1720232935,bev_1720232935,-7.248677008666737,5.3772569021832375,0.1593954299281511,-1.4911065625864932,-1.3439084309426337,0.4347927844178745,-0.3819712678686375,1.336572291809382,-24.79417999303644,60.19483639881618,2.5484548904182933
s1_rgb,s1_bev,-0.4473262133735574,17.463218031426994,0.2848071615236116,6.486352643594046,-3.0645953320742905,0.6715287476852849,0.2107045569302936,1.0393938687447215,29.55294394648916,25.550563989844765,0.0
rgb_1720225667,bev_1720225667,-7.245766660029812,5.663013487059878,0.1594743134524899,-1.6422106604577935,-1.0446230780142702,0.4395766699542578,-0.0960695754825158,1.3916773297262546,-24.81811621390011,47.62789184315199,3.532985411769225
rgb_1720143398,bev_1720143398,10.567107447940703,-4.224616819109322,0.1214356630831219,-5.653385471677152,2.736262806930771,-0.7030073198020296,0.9680344710039016,1.0217464790931472,9.005022129910941,23.70322769892124,3.56668688618041
s3_rgb,s3_bev,11.87561030803422,-3.763623017729525,0.1078591132798512,-1.7931522591211504,-4.808880564098994,-0.6072464549946575,-0.4143195444944145,1.3009776582984782,89.24621322940973,9.383677589112915,2.92864189213352
rgb_1694893738,bev_1694893738,0.3324427214832555,0.2460809177908666,0.1208809888216975,0.8436146297053853,0.1450250707221091,0.352246183591609,0.7291408819850171,0.2074018190823041,0.4862465504717856,0.3299508910972892,3.9121637376590033
rgb_1694953499,bev_1694953499,0.3811370621930983,0.3435698285424033,0.289434198959866,0.6727642351074251,0.2055552480009943,0.7864846990356557,0.7949553559658077,0.9947964289565684,0.4364497637085456,0.5386139831148083,3.501302749975054
rgb_1694980647,bev_1694980647,0.920121590008082,0.457393933924703,0.3315782466326348,0.5798862912975583,0.393363936484411,0.0299163518474954,0.7909882648072661,0.5695809982837204,0.3382140466764998,0.9357172852019504,6.270243060256507
rgb_1694918832,bev_1694918832,0.302155749519735,0.1747850056842994,0.2403675670670489,0.1242479122004576,0.3068166882060182,0.1273491939409782,0.1883060049753152,0.3957870981136023,0.1782643994421628,0.2237355159974704,3.4792174808219296
s3_rgb,s3_bev,11.87560969276047,-3.124373308088497,0.1035915654441961,-2.29241835788711,-4.5663383012487095,-0.076923416310586,-0.322331053439598,1.3062143117776943,89.24621322940973,20.7056721091354,3.0889195861571364
rgb_1694981926,bev_1694981926,0.2245711897823181,0.7697682229697609,0.600569155122158,0.1113525143477812,0.4822216011891396,0.0256570578345934,0.7810489794968812,0.7953843324183228,0.7549878467670215,0.7055079119312603,3.9121774166663448
s1_rgb,s1_bev,-3.6606355787802016,16.308627550863367,0.1573348336122097,1.3756104726391776,-7.0007761133599935,-0.4835763427929522,-0.7329475257452798,1.370106906233734,9.100298410968506,56.44617275167779,0.0
rgb_1694887149,bev_1694887149,0.5549863070759382,0.0970892246127225,0.9006268089407538,0.925451171188422,0.7137521017739068,0.4945903592564999,0.5736167023760813,0.0168929114983851,0.661083982440345,0.9307354367122308,7.000015663514351
rgb_1720234880,bev_1720234880,-11.213425241193988,-0.4517766327920753,0.1238012914251377,2.590514173066863,3.307258264328185,0.4814799234042284,-0.4401263668660845,1.0204852087736698,87.89077345005677,43.75437700508703,3.1845764917424626
rgb_1720224168,bev_1720224168,-7.248677008666737,4.8499618022459146,0.1593954299281511,-1.4911065625864932,-1.3439084309426337,0.4347927844178745,-0.3819712678686375,1.336572291809382,-38.869904216775495,54.29518276456376,2.5450175961787025
s1_rgb,s1_bev,-3.6606355787802016,14.722955145118732,0.0178997613365155,1.3756104726391776,-7.0007761133599935,-0.4544596591967312,-0.5994139474710578,1.118140875512541,22.225715176236463,100.0,0.0
s3_rgb,s3_bev,3.965124246143468,6.563135032400439,0.0487718041338835,-3.2549449737132763,1.9074307955993104,-0.967326812731105,0.5291069128259291,1.2627370991358866,8.174902676275906,82.51197455303017,3.3871614428573182
rgb_1694879152,bev_1694879152,0.6170169332819875,0.1061391683547043,0.2677308882294432,0.2426910926280298,0.9832675029063488,0.4299237078847635,0.1598108874183894,0.9602345383671876,0.4124583864019887,0.3864738834875214,7.617074448437378
rgb_1694914752,bev_1694914752,0.7911299884819692,0.6691285188495559,0.2285351185620452,0.6425573156567835,0.8290294318830186,0.3446772324320193,0.4725236948986696,0.9479554777256454,0.0808373533749701,0.295941286934262,4.007429994885355
rgb_1720241690,bev_1720241690,-11.325908675616564,-0.4517766327920753,0.1238012914251377,1.4724921916567195,3.168971413960346,0.4814799234042284,-0.4044639928271146,1.0150769995101374,87.89077345005677,43.75437700508703,0.0
rgb_1720255412,bev_1720255412,10.641562435583468,-3.753559132337273,0.1223869455052596,-7.752035706198997,2.806224557797295,-0.7072694274580312,0.9681530911249718,1.041614472677779,-0.8758334200807667,26.89666165069156,3.6043973952962114
rgb_1694986603,bev_1694986603,0.0885799618304664,0.2150661593851219,0.2153271284118968,0.6130968187846649,0.7547833251527135,0.7687068179278854,0.6553133477719665,0.566706693869202,0.8858909808986193,0.826362857594946,6.999982475666024
rgb_1720268405,bev_1720268405,11.55443868567554,-3.753559132337273,0.1225668028865317,-5.653385471677152,2.8118798557049374,-0.7459568856791009,0.95259881287326,1.0113515361941396,-0.6580539936901602,20.07511409811555,3.564308259631785
rgb_1694976105,bev_1694976105,0.6601764943645277,0.3457516962963752,0.581835526332119,0.4905989349753555,0.2999069591688882,0.812732884249855,0.7838890538363061,0.8857368550040671,0.7985452526585755,0.806254007461353,4.459404345814853
rgb_1720226767,bev_1720226767,-7.248677008666737,8.841906479386353,0.1555828414347174,-1.4911065625864932,-1.3439084309426337,0.4347927844178745,-0.3819712678686375,1.336572291809382,-14.1977383431353,54.86119036365717,2.518348208407924
rgb_1694823522,bev_1694823522,0.9669780480759008,0.6550363309590493,0.0418773077039826,0.4674786457340552,0.8652957150755135,0.0447548228903144,0.7054538504668962,0.4324136948487646,0.2314850485071423,0.6231961632575169,3.4994148128138467
rgb_1720241490,bev_1720241490,-11.331175495668468,-0.4517766327920753,0.1596176792253844,1.4001625871467294,3.121480179795178,0.4862132259869667,-0.5896807659688591,1.0379898001820096,87.89077345005677,43.67257892722832,0.0
rgb_1694976145,bev_1694976145,0.913015949366358,0.89594359344418,0.867487702012568,0.6741370097537299,0.1343507587961501,0.1540972999079428,0.2164923704660993,0.7901873820653779,0.0049089875200433,0.520344212594843,5.402193527506048
rgb_1720179703,bev_1720179703,19.0416548847822,-7.25845846484717,0.1533477639552684,-0.5666638343582733,6.472771966809887,-0.3866839179343616,0.9971216936175538,1.1362090088238952,64.44194918291154,24.326811465192343,4.00173439040418
rgb_1720157714,bev_1720157714,10.559245757427522,-4.224616819109322,0.1210811265674365,-6.404287442071817,2.7370841154111645,-0.7363294750133185,0.9680344710039016,1.031699742690982,-1.1628921395584229,25.522531515437542,2.77550517727098
rgb_1694909539,bev_1694909539,0.5640137879954645,0.0978256197708795,0.9687152183701454,0.3560021337533386,0.1817500448670095,0.0781006498944166,0.1800055554938375,0.3859139526127714,0.5589605626673905,0.4240579199434142,7.563663399340136
rgb_1720233758,bev_1720233758,-11.213425241193988,-0.4517766327920753,0.1238012914251377,2.590514173066863,3.307258264328185,0.4814799234042284,-0.4401263668660845,1.0150769995101374,87.89077345005677,43.75437700508703,0.0
rgb_1694912290,bev_1694912290,0.928040299124871,0.5229488735206153,0.4187992836035795,0.2381381595181539,0.2200183254815955,0.5576455963098846,0.5102677409702425,0.1296195651097916,0.6120829033404214,0.9773947571780784,0.0
rgb_1720148929,bev_1720148929,10.749760035193404,-4.211405714349999,0.1210811354208839,-5.653385471677152,3.534831087851984,-0.492450331722876,0.9680537574378238,1.0314960799038015,-1.1628921395584229,23.292097821757952,3.5814676869760524
rgb_1720173818,bev_1720173818,17.659630626382523,-10.616293367048618,0.1883561616038508,-1.277700099347447,7.084366883106618,-0.3721607948562743,0.9697787244847876,1.060220186709231,46.54569483442782,30.750103524575657,3.99749068374561
rgb_1694956348,bev_1694956348,0.2894451074137593,0.7321638076034241,0.1264374858949445,0.6934731686535252,0.2315956337335235,0.5835782736785441,0.1980888804265483,0.1747399074167722,0.4882644316177156,0.9050890569100026,4.443549069191083
rgb_1720143546,bev_1720143546,10.567107447940703,-8.650042831959299,0.1214853680670798,-5.653385471677152,2.7362347585464946,-0.7030073198020296,0.9680344710039016,1.0407473077326743,-0.6580865602147554,19.78704846429528,0.0
rgb_1720174461,bev_1720174461,18.7747119612157,-10.027907493733013,0.1597624804514283,-0.566650879918468,6.133157864482538,-0.3661360786423395,0.9919544647242748,1.0686178312924004,67.11249885350728,24.88121885109264,3.338948305812428
rgb_1720182313,bev_1720182313,16.173595113860287,-10.771043850240758,0.1929366540787518,-1.248818607974192,7.522521479733342,-0.2932512711005617,0.7056413163330051,1.015403948937666,49.46315174331588,34.93671442440435,3.992742692052996
s3_rgb,s3_bev,3.965124246143468,6.563135032400439,0.0487718041338835,10.0,-3.625072662215352,-0.967326812731105,0.5291069128259291,1.2627370991358866,90.0,82.51197455303017,3.981457849498408
rgb_1694951712,bev_1694951712,0.7814902454924851,0.242830720887741,0.7677268141302405,0.4834842515627203,0.4090319950463453,0.6726762752079729,0.1847848990029043,0.5639147418283665,0.2982850362334777,0.7580949029798887,4.75325825041118
rgb_1720127475,bev_1720127475,-11.331175495668468,-0.4517766327920753,0.1596176792253844,1.4724921916567195,3.15871693075807,0.5526425281490552,-0.4450011237258403,1.0160248078432434,87.89077345005677,45.81035182744976,0.0
rgb_1720169546,bev_1720169546,19.04620720620085,-7.257701510621084,0.1533477639552684,-0.5666638343582733,4.692166195994014,-0.3866839179343616,0.9982025375163266,1.1362090088238952,64.44194918291154,24.326811465192343,3.98997772031954
rgb_1694872782,bev_1694872782,0.7910904512977063,0.0431495298693636,0.3419919493615783,0.3039672937545444,0.5622285683261049,0.3784323913329627,0.5439615250315325,0.6023521310081462,0.1136358435014143,0.1445077784538727,7.000306263551771
rgb_1720239647,bev_1720239647,-11.817215124524234,-1.331092508183879,0.1596176792253844,1.4724921916567195,2.7868190179161374,0.4862132259869667,-0.5613974098417804,1.0160248078432434,75.44904935038792,43.67257892722832,0.0
rgb_1720258505,bev_1720258505,16.31082520733691,-4.224616819109322,0.1210811265674365,-5.653385471677152,2.7370841154111645,-0.7147044094512425,0.9680344710039016,1.031699742690982,-0.355000828048631,23.70322769892124,2.513202981679872
s3_rgb,s3_bev,11.87561418492699,-3.164401751061785,0.1044321192889923,-2.9967554081277985,-4.1937266792988845,-0.1082111781778438,-0.289922962251402,1.306937906911835,89.24621322940973,20.79088354066544,3.29848323698062
rgb_1694978459,bev_1694978459,0.9286159059089556,0.946688734271881,0.5992325861501858,0.4966825562659235,0.0567465569053631,0.3831974983359774,0.510459499672941,0.7449760151006017,0.4120641932193998,0.7855210820345516,6.060246224813067
s1_rgb,s1_bev,0.1208200534350467,17.463218031426994,0.2756114799750717,6.706211064228902,-3.3073153263346846,0.6715287476852849,0.2495522524063336,1.0393938687447215,32.46789993299683,26.616188868026025,3.942985517505951
rgb_1694916567,bev_1694916567,0.7357924822041778,0.8196833770835004,0.6527774712621326,0.7980412152481365,0.3140914790686611,0.4497192105806697,0.7045694458769428,0.0037493259651417,0.1190525017673096,0.5551983570580735,4.870861428105223
rgb_1720267412,bev_1720267412,15.203816799379544,-12.617484091584624,0.1210811265674365,-5.653385471677152,2.74256373111388,-0.7147044094512425,0.9680344710039016,1.031699742690982,-1.1628921395584229,20.576545536699747,0.0
rgb_1720255314,bev_1720255314,8.410233734771062,-3.9920720254302857,0.1210792054649663,-2.6766170940248424,2.4623847760949893,-0.7072694274580312,0.9680344710039016,1.1398978223074374,12.789991881131344,20.15849136974795,3.2964909716029323
rgb_1694867537,bev_1694867537,0.0151444118465281,0.2468203483768175,0.5581693200697675,0.4333461096588836,0.3841949527203681,0.9133526509465492,0.5230103292153431,0.0235196374649617,0.3443021859907823,0.3930331454695851,6.693237602452609
rgb_1720179930,bev_1720179930,18.64772238900672,-10.021693461251262,0.1832831341181733,-0.5652224188630086,6.144651595718351,-0.3869759446225501,0.9920425959939498,1.0641602670231425,66.24897250709884,25.78125018036528,4.000220911181476
rgb_1694909380,bev_1694909380,0.1461601193829972,0.0809019610962507,0.4563918204489179,0.994864802307158,0.3336700517171015,0.7820086470077241,0.7786797853441204,0.7241638932571623,0.8915698552603839,0.2547686655054476,7.645818415456655
rgb_1694976333,bev_1694976333,0.1995030185931876,0.1760579708494944,0.011479753204512,0.437896845336197,0.490698766331308,0.8609197027728838,0.8156488076752627,0.1857075554235457,0.645439204066687,0.2938734232246235,3.905368226932316
rgb_1694835126,bev_1694835126,0.8290532830914453,0.5604637508901105,0.0400398546715212,0.3139115985209206,0.2113561449408173,0.5265364941414333,0.7905070786876833,0.3583834088100736,0.8692843228928541,0.7601371441454527,3.7382679357561615
s3_rgb,s3_bev,3.965124246143468,4.0186057703139255,0.0487718041338835,10.0,-3.625072662215352,0.2965583824028528,-0.6628609358978246,1.43,46.86874149215878,82.51197455303017,0.0
rgb_1720258556,bev_1720258556,8.201514113411854,-2.6932930780077733,0.1170115400307473,-5.653385471677152,2.806224557797295,-0.591158193439238,0.9680344710039016,1.0332283211648312,-1.128638040251985,26.89666165069156,0.0
s2_rgb,s2_bev,20.0,-6.887396734480059,0.0886436222692316,5.545577155157112,6.429978363980233,-0.9796483361184604,0.5189336268488274,1.43,-65.48761990738134,7.852148388879392,3.2812202895755136
s3_rgb,s3_bev,12.069440232851882,12.81878634522696,0.2686739514149359,-4.020910944561871,5.373686306542907,-0.967326812731105,0.5291069128259291,1.2627370991358866,8.174902676275906,35.61154547433586,3.7857641614376174
s1_rgb,s1_bev,-0.4473262133735574,10.95587001711882,0.2848071615236116,6.711548795975047,7.265708355368616,0.6771097746265706,0.2322799464938481,1.0393938687447215,29.57243723408422,85.47585495395933,4.760015113595115
rgb_1720183178,bev_1720183178,19.046786770280505,-7.263256380686469,0.1521151929479751,-0.5665650099872082,6.472771966809887,-0.2212134402612283,0.9967784678835208,1.1130298272677552,61.21614221032834,21.70823931955962,3.9944340186346414
s3_rgb,s3_bev,3.2035827392130543,6.563135032400439,0.0487718041338835,10.0,-3.625072662215352,0.1775107633552337,-0.7262624258328381,1.395647591950607,13.146147956345803,92.0539592858546,0.0
rgb_1720217103,bev_1720217103,-7.248677008666737,5.3772569021832375,0.1561538270012776,-1.4911065625864932,-1.3439084309426337,0.4347927844178745,-0.3819712678686375,1.3570642663632535,-24.79417999303644,52.56519418251931,2.58528482764578
rgb_1720227116,bev_1720227116,-7.248677008666737,5.3772569021832375,0.1665775826417421,-1.4911065625864932,-1.3439084309426337,0.4347927844178745,-0.3819712678686375,1.336572291809382,-24.79417999303644,54.29518276456376,2.545418086743254
rgb_1720230332,bev_1720230332,-7.289651652757701,0.6046237873363154,0.1582947485880111,-1.6469059323084618,-0.9171275326065872,0.4254959283221378,-0.130137134896781,1.3515690949743178,-24.43669900027016,53.47958987989494,3.640016444505963
rgb_1694887817,bev_1694887817,0.290208827435031,0.2071688092327739,0.9614117014390624,0.2200363191861707,0.2204809997605299,0.3911980293996259,0.9826817576338172,0.9206775862096106,0.453626675074173,0.2334639033056165,6.028089364314639
rgb_1694918763,bev_1694918763,0.0448729905332572,0.899493802286683,0.0490274561963685,0.7723238926123676,0.4178893616503819,0.2797994354465201,0.0658318015631475,0.98588478236513,0.0845245072214659,0.4549533055454973,3.492064558031187
rgb_1694871739,bev_1694871739,0.9932641583267668,0.8920623226381007,0.363881440470808,0.6884830915154673,0.3430158744888535,0.6949961759474147,0.4683859819340793,0.5152696548653991,0.727557331013448,0.4578950900580637,4.332561373233166
rgb_1694888818,bev_1694888818,0.1704098642819789,0.1797868529230402,0.5518037163110109,0.471526925485582,0.5163048473886706,0.6867450668585721,0.0335341502379493,0.4424193385843912,0.6160726661102162,0.7785315812331847,0.0
rgb_1694823322,bev_1694823322,0.1243690052203286,0.4280997151300506,0.6325587521476215,0.775856344784514,0.8133102751388519,0.832635125242937,0.3891454000600104,0.8652095066746122,0.2212504192595261,0.8258840653593591,3.499840761662829
rgb_1720186363,bev_1720186363,16.632464309584186,-7.077220484285505,0.1418291525664276,-0.676448385816597,6.467763519564436,-0.4465285367255255,0.9987935621973842,1.193036214160514,60.630231142925965,24.940445148026644,4.000308833750122
rgb_1694837546,bev_1694837546,0.5568896778165157,0.2163541928378229,0.992201191257482,0.8743239870791344,0.6968762015042477,0.9736772160564678,0.5364843449018583,0.4715975820861887,0.9396259024691186,0.3004488462046195,6.342930111994678
rgb_1694900773,bev_1694900773,0.0404975611212129,0.9224344860508276,0.2447357285348528,0.0135728029502711,0.8773985393994356,0.2794957473609948,0.4402781714638877,0.3541358665592863,0.6173432200532757,0.8913816714835842,3.500009798083926
rgb_1694985417,bev_1694985417,0.4113242515554773,0.5663516999711845,0.318400991429427,0.583351863442172,0.7051091440513566,0.2723337912406292,0.40863083913728,0.4778030995696222,0.8027747069925248,0.8995673959572364,3.500196362985476
s3_rgb,s3_bev,11.87561489134652,-0.0127432306363886,0.0997190848272347,-2.9945476513142832,-4.429504105048567,-0.217776173362521,-0.3021638626315493,1.3073403010793838,89.67216320180162,20.71370496612501,3.5389614134902687
rgb_1694926217,bev_1694926217,0.7224740245244524,0.4079239499215785,0.5544960903641575,0.9605322098204684,0.2785696760741439,0.3046293217568557,0.2267372402421046,0.3141511434629184,0.521711546751571,0.3692262231053613,4.087775510991013
s2_rgb,s2_bev,20.0,-4.786556398345606,0.1863484341745211,5.545577155157112,10.0,-0.9796483361184604,0.5189336268488274,1.43,-46.29914880401663,7.852148388879392,3.913477763525525
rgb_1694957850,bev_1694957850,0.5948480712360057,0.9608501021488826,0.2602776666715565,0.1107597093673578,0.0610820413546089,0.989712171715887,0.8736202137418633,0.0566941891880857,0.1349256747079233,0.9985143709596214,6.222953343036765
rgb_1694943189,bev_1694943189,0.4496811406294548,0.3190161830195707,0.9426713552064224,0.5078805937677076,0.9304628544055784,0.0318982867849871,0.3829269297729488,0.0535490422857698,0.8379049022074349,0.5664790245640393,2.703417620077339
rgb_1720122527,bev_1720122527,-11.213425241193988,-0.4517766327920753,0.1238012914251377,2.741571122509212,3.307258264328185,0.4817388185566318,-0.4381468599585394,1.0152014134496652,87.89077345005677,43.75070992293752,0.0
rgb_1694912130,bev_1694912130,0.057073077835445,0.2769626381449777,0.5599390044701069,0.7453041076135688,0.1561964873589116,0.1807639486729019,0.7300946531614749,0.5344444050487245,0.2936496428022522,0.6540791062865102,0.0
s1_rgb,s1_bev,-0.4473262133735574,17.412975930893722,0.2848071615236116,6.711548795975047,-3.3146159024387463,0.6715287476852849,0.1928883379778094,1.030221182443604,29.55294394648916,42.84023430798414,0.0
rgb_1694893911,bev_1694893911,0.7708720796572641,0.3731034309323299,0.5386201618760582,0.2520326344767367,0.3928823241441596,0.3291454462145761,0.6419987617580485,0.3247120296829175,0.4782945007459871,0.0138881750122263,7.770874487488377
rgb_1720226502,bev_1720226502,-6.317638196577224,5.69431968079428,0.1542525629482065,-1.4911065625864932,-1.3439084309426337,0.4347927844178745,-0.3819712678686375,1.336572291809382,-22.4898371883324,54.29518276456376,3.640016444505963
s2_rgb,s2_bev,20.0,-17.493457340540665,0.1787004183657257,-2.8832248443981188,7.485387334956485,-0.9796483361184604,0.5189336268488274,1.43,-4.4958800266844605,7.852148388879392,3.972429669067484
rgb_1720144549,bev_1720144549,10.641562435583468,-3.753559132337273,0.1215522135569197,-5.653385471677152,2.806224557797295,-0.7244170523729162,0.9680344710039016,1.0576786273497725,-0.8758334200807667,26.40266817797588,3.639021955240552
rgb_1720127555,bev_1720127555,-10.828017996196667,0.973202741468736,0.0552619183787531,0.5395509701527512,1.391093145035878,0.6265184440831528,-0.3913306377725923,1.0150769995101374,88.62091215858587,55.057076182978825,4.96611347718112
rgb_1720186893,bev_1720186893,18.989362300601165,-7.258486156277236,0.1676058617040695,-0.5666638343582733,6.472771966809887,-0.3866839179343616,0.9984346474673564,1.1424281708240882,64.43880845002857,20.482010270865214,3.992040157004825
s1_rgb,s1_bev,-0.4492165436992863,17.73049935686445,0.283584839463969,5.928669017206532,-0.7848930668313779,0.6750570483033846,0.0212530736639382,1.0394719409958963,34.24946473369826,25.460871524220988,0.0
rgb_1720139862,bev_1720139862,-11.213425241193988,-0.4517766327920753,0.1271045781264036,1.4693441826455145,3.169817019549022,0.4821898295863838,-0.5985345598629168,1.0150769995101374,86.92364324861657,43.76136736878339,0.0
rgb_1694919426,bev_1694919426,0.4731640266104568,0.5986636805613931,0.8191434814448402,0.2628681107295849,0.239406966308037,0.2370550484531863,0.524007540092052,0.4153682053189362,0.8367034010778331,0.576108315413149,5.246191393504696
s3_rgb,s3_bev,4.662032825444476,6.563135032400439,0.0487718041338835,10.0,1.9074307955993104,0.1775107633552337,-0.7262624258328381,1.43,8.174902676275906,82.51197455303017,3.916572149440501
rgb_1720264944,bev_1720264944,8.786805352386615,-0.1405253238493955,0.1142726543067697,-5.653385471677152,2.7372314482285205,-0.6476615101541668,0.9875143161343258,1.0338648196704476,-0.9173573867750378,25.68582399591813,2.636996530448908
rgb_1720124176,bev_1720124176,-11.223957221597,-0.478640423365956,0.1214552044115538,2.9257066888528342,3.154220744372793,0.4817364268206656,-0.6260523388797081,1.0159402304175806,87.89077345005677,45.6839434311905,0.0
rgb_1694903737,bev_1694903737,0.8526278535962997,0.1748218324415427,0.191194616186396,0.6341914310096239,0.0166050981478382,0.7989487559685081,0.59856458041785,0.9945676257140502,0.298340508246565,0.7450016536863255,6.999957825708753
rgb_1694949475,bev_1694949475,0.8005240505504306,0.8098057249501229,0.9019821868905384,0.408835505257499,0.988824736165096,0.5581682764826547,0.4143640688195563,0.1560215765839754,0.6469214250137513,0.2504590379518394,3.812162340586276
rgb_1694838753,bev_1694838753,0.068024387419412,0.6990715748470654,0.7989648525922196,0.430689522637769,0.6970271727249578,0.8674551840906826,0.0667887331561231,0.592591888891429,0.994482050779298,0.3679005947067743,3.499941826580665
rgb_1694943715,bev_1694943715,0.0677051582908091,0.3705756909188566,0.4986758843919198,0.6063187273582858,0.4366299099896842,0.0473608018984859,0.3144274832648124,0.1803392043193374,0.4906591419177007,0.8644633648017364,4.726084038631884
rgb_1694920039,bev_1694920039,0.2722187457401885,0.7932526556397349,0.91458628060554,0.2511917860347626,0.901915743251144,0.6832313162532548,0.7427348133481665,0.7973935634418247,0.4662866239909721,0.7298539029329889,3.5001032798629765
rgb_1694908747,bev_1694908747,0.033458641033282,0.6765036134547544,0.8126548392590426,0.0679742487088614,0.310023725327832,0.587904904497819,0.7900414380841223,0.5543228204685556,0.2833161231315673,0.2220102035101051,3.4989491503596635
rgb_1694889047,bev_1694889047,0.4080986713003671,0.647583792288634,0.4874308640267425,0.3565433774336431,0.2926148718573144,0.1899159591944844,0.9967483758182876,0.0215743089468672,0.234068920715841,0.4786028414423334,0.0
rgb_1720162935,bev_1720162935,8.852649461323683,-2.595494231623327,0.1210707444836821,-5.653385471677152,2.7372314482285205,-0.7152037647810582,0.978405878131848,1.0317240598948347,14.364109084307742,23.26079097581306,3.557926248398076
rgb_1720213954,bev_1720213954,-6.995095460999943,5.3772569021832375,0.1594403355670541,1.180996717409336,-1.521000435892356,0.4347743336207439,-0.3841732179072418,1.3356635262202805,-25.12771163759389,43.073478104365925,2.57297622149461
rgb_1694955320,bev_1694955320,0.0810613916828515,0.5232063316533583,0.7981075979171292,0.6362089399103004,0.2286935838404115,0.4927825612949538,0.6824991675381701,0.2211122105328946,0.1159258463318284,0.0708407056650078,3.500379324957469
s2_rgb,s2_bev,-6.1716746105026825,4.432486610127524,0.1365503929428693,-10.0,8.996335428586711,0.3534979139449099,1.0,0.995935046977332,-46.77828735739186,78.49878333258792,2.6426845373910672
rgb_1720253452,bev_1720253452,15.669912073578097,-3.753559132337273,0.1225086290066984,-5.653385471677152,2.8139200394484742,-0.7072694274580312,0.9539717548377667,1.0113515361941396,-1.1386216573639132,17.97908395793793,3.663239961797383
s3_rgb,s3_bev,3.965124246143468,6.569626178477192,0.0487718041338835,8.61111111111111,-3.625072662215352,-0.2296224593373154,-0.6436519343004135,1.43,13.146147956345803,92.0539592858546,0.0
rgb_1720230818,bev_1720230818,-7.248677008666737,5.3772569021832375,0.1537796826267916,-1.4911065625864932,-1.3439084309426337,0.4347927844178745,-0.3819712678686375,1.336572291809382,-24.79417999303644,54.29518276456376,2.55026821210653
rgb_1720251221,bev_1720251221,-11.331175495668468,2.610146341016634,0.1596176792253844,1.4724921916567195,3.125395982328083,0.4862526679661307,-0.559325317617901,0.969095532000908,75.44904935038792,43.67257892722832,3.545480676981946
rgb_1720141109,bev_1720141109,-11.213425241193988,-0.4517766327920753,0.1238012914251377,1.4692887616385626,3.1699498795432284,0.4814799234042284,-0.4401263668660845,1.0150769995101374,87.89077345005677,43.75437700508703,0.0
s1_rgb,s1_bev,-0.4473262133735574,12.08121135596587,0.2655083962866854,6.488215665430322,-0.7848930668313779,0.6490095348492575,0.2495522524063336,1.0393938687447215,28.32623139892304,25.62658971433532,0.0
rgb_1694942985,bev_1694942985,0.9813412141064578,0.0115081087469883,0.1476927020256535,0.8660447812508175,0.9497545514067832,0.1421022180004019,0.5356456088232744,0.6065716726043419,0.2569374234223612,0.2872412844714026,3.5004310455570367
rgb_1720234759,bev_1720234759,-11.213618366660402,-2.3123983929192846,0.1564484522807207,2.590514173066863,3.307258264328185,0.4814055584800401,-0.6933978106495025,1.0160396472579998,87.89137581504374,43.75437700508703,0.0
rgb_1720123654,bev_1720123654,-11.330594717664884,-0.4517766327920753,0.1568674979023241,1.469330557220328,2.6612494670036995,0.4821292467638427,-0.5896807659688591,1.0147658948362488,75.79262813986625,43.64407005234276,0.0
rgb_1694894517,bev_1694894517,0.6254161176131454,0.6863602674328807,0.8353544616671287,0.1254213346255565,0.4721210938697956,0.3596382355194201,0.4399898689860598,0.8557029353378138,0.7605528511647004,0.3859063781159372,7.62542812912505
rgb_1720242932,bev_1720242932,-11.213425241193988,-0.4517766327920753,0.1238012914251377,1.444740612578013,3.308508540951156,0.4814799234042284,-0.4401263668660845,1.0150769995101374,81.85147343270862,43.75437700508703,0.0
rgb_1720167751,bev_1720167751,10.559245757427522,-4.224616819109322,0.1210811265674365,-5.653385471677152,2.7370841154111645,-0.7147044094512425,0.9680344710039016,1.031699742690982,-0.3280971974014051,18.51262421243528,0.0
rgb_1694924762,bev_1694924762,0.483501583705014,0.3097093668710338,0.3383137878510938,0.7541681115467331,0.0374822313568264,0.2938292742352074,0.020343988200185,0.2340542708928179,0.4872038202484169,0.6277882839831317,0.0
rgb_1720142604,bev_1720142604,15.352166524588952,-3.753559132337273,0.1224266202589478,-5.653385471677152,2.81368938439744,-0.7072694274580312,0.95259881287326,1.041614472677779,2.2171686558536976,19.87011745693633,3.688526867211226
rgb_1694912448,bev_1694912448,0.6925901511120233,0.5236701074361436,0.5167888304365555,0.4358570589752706,0.795114290752499,0.7976003639941056,0.0672027393307518,0.8891434373500027,0.7800253031063211,0.3613692020113264,0.0
rgb_1694897147,bev_1694897147,0.5181076087532995,0.954768262437129,0.9769696568024944,0.2944293192464389,0.452422126897227,0.4603613146923744,0.7688251766798203,0.2626253306474079,0.4974021907307295,0.709354087508448,3.499943329612361
rgb_1694824466,bev_1694824466,0.0732827178155325,0.1019575548192679,0.8585100470110217,0.2523039943988053,0.1890969319629206,0.643995660383627,0.6066145686089364,0.9338594639431868,0.8466506919622278,0.4322206117669923,7.573338191291812
rgb_1694833159,bev_1694833159,0.3625876211766075,0.5326289821652145,0.1837638474830922,0.8873548696437807,0.3115673815748597,0.2033201521836894,0.5006678858674025,0.4560916106404263,0.593494410951892,0.4067787224630786,3.4999691381288573
s2_rgb,s2_bev,20.0,-6.887396734480059,0.0886436222692316,6.686153146032503,6.429978363980233,-0.9796483361184604,0.5189336268488274,1.43,-54.36200908394686,47.2221021166708,1.6998892916427693
rgb_1720133147,bev_1720133147,-11.213425241193988,-0.4517766327920753,0.1238012914251377,1.4692887616385626,2.8897152817768976,0.4814799234042284,-0.5283179618225057,1.0150769995101374,87.89077345005677,43.75437700508703,0.0
s1_rgb,s1_bev,-3.6606355787802016,16.308627550863367,0.0,3.417781550810421,-3.98867478669116,0.4366691516382674,-0.9875846762894124,1.170268535087009,9.100298410968506,94.89412177013908,0.0
s2_rgb,s2_bev,7.1238077123499695,-13.192461019934235,0.1734446166792478,7.716476422755193,8.129356980863461,0.7553023547003754,0.9718111458848336,1.2411379624763983,60.76388581004768,71.28243201897956,0.0
rgb_1720214706,bev_1720214706,-7.245079557964667,5.3772569021832375,0.1607079102967909,1.1826930981217387,-0.9222072878446212,0.4347868307348592,-0.3759567148271798,1.4097530976182289,-21.904221018801408,54.29413265631733,2.69096734884766
rgb_1720240929,bev_1720240929,-11.331175495668468,-0.472402862608952,0.1596176792253844,1.4724921916567195,3.15871693075807,0.4714931020740955,-0.6260523388797081,1.0160248078432434,87.89077345005677,45.81035182744976,0.0
rgb_1720138856,bev_1720138856,-11.331175495668468,-1.2549635535758554,0.1596176792253844,1.4724921916567195,3.15871693075807,0.4811520865221399,-0.5950217584842614,1.009388037574907,87.89077345005677,43.67257892722832,0.0
rgb_1720211352,bev_1720211352,-7.244733005466271,5.3772569021832375,0.1470661316537101,-1.6098679006882204,-0.9223389669451212,0.4347088574735764,-0.2108396672666603,1.344012852247455,-22.42817623886644,54.27517188265969,3.3497544920589792
rgb_1720244212,bev_1720244212,-11.331175495668468,-1.2549635535758554,0.1596176792253844,1.4724921916567195,3.156967005130822,0.4861176224803858,-0.5572254224153955,1.0160248078432434,75.44904935038792,43.67257892722832,0.0
rgb_1720220430,bev_1720220430,-6.667659067248607,5.377297950763783,0.158407350333045,-0.2777519536946986,-1.3439084309426337,0.4347741744690532,-0.4266386149988272,1.336572291809382,-21.871093832421124,54.26471214843397,2.489784881109087
rgb_1694907359,bev_1694907359,0.9572697019576668,0.9622305250903604,0.0506840686754532,0.5794967326269277,0.1810447081305962,0.6734314583384275,0.9782903769505816,0.3750374837249851,0.6460164371943088,0.3838703987130609,3.5088740107495733
rgb_1720246775,bev_1720246775,-11.213425241193988,-0.4517766327920753,0.1572332877390886,1.4726114777928636,3.169824784090915,0.4814799234042284,-0.4578044530623664,1.0150769995101374,87.89077345005677,45.55653493768179,0.0
rgb_1694828384,bev_1694828384,0.3575507845941551,0.1668862575716152,0.7394029638432905,0.5273436159282782,0.8226739395316371,0.5001945999410289,0.1541653374552548,0.7787866363022841,0.98389026222485,0.3283518858645636,8.426052472522526
rgb_1694834747,bev_1694834747,0.8833160613553691,0.4198224311874229,0.7343962135621052,0.928846505628739,0.8316196799921474,0.327672376274283,0.3725838773773886,0.5019716131246921,0.3316732686980738,0.5987523019262976,3.5001083911912927
rgb_1720135358,bev_1720135358,-12.53473378349182,-0.4517766327920753,0.1596176792253844,1.4724201378424002,3.15871693075807,0.4814799234042284,-0.5851368617572683,1.0159967669044816,87.89077345005677,43.66938073319815,0.0
rgb_1694977711,bev_1694977711,0.9006400717079119,0.058647648221429,0.689578666635327,0.7896793731941715,0.7012305351679854,0.6630518106345055,0.2708186176523174,0.9795787590737642,0.0813284179013368,0.5349212002311879,3.499930240396463
rgb_1720223729,bev_1720223729,-7.24433037334213,5.356591539001112,0.1608578045980271,1.159953620501211,-0.9258395351926048,0.4361908496573627,-0.3722650470642957,1.329967523409949,-24.969885109743657,54.29229836127247,2.5653456584134715
rgb_1720264394,bev_1720264394,10.567107447940703,-4.224616819109322,0.1223996581920718,-5.653385471677152,2.738600897601956,-0.7024995763470125,0.9654575761736812,1.0407473077326743,-0.6614631795507506,16.23177082028819,0.0
rgb_1720146111,bev_1720146111,10.56557853271594,-4.224616819109322,0.1214853680670798,-5.653385471677152,2.736266558400988,-0.703863444655678,0.9484321635272212,1.0327901598246323,-28.9749331789656,19.96845759708119,3.739470679645008
rgb_1720235440,bev_1720235440,-11.213425241193988,-0.4517766327920753,0.1203041183192016,1.4692923314598172,3.1699498795432284,0.3159888731969942,-0.4532790864568263,1.0100649755542557,87.89077345005677,43.14337485503184,3.551555128781953
s1_rgb,s1_bev,-3.6606355787802016,18.14175856392216,0.0,1.3756104726391776,-9.049770465535696,-0.6175917962277262,-0.7329475257452798,1.170268535087009,14.857725000223368,100.0,0.0
rgb_1720138293,bev_1720138293,-11.21944670984581,-0.4517766327920753,0.159037782612813,1.4724921916567195,3.1594945768373286,0.4814799234042284,-0.523625223287952,1.0088682761859795,88.02409545307498,44.930028547674006,0.0
rgb_1720133790,bev_1720133790,-11.213425241193988,-0.4517766327920753,0.117840888901753,2.577776893405064,3.1579724671725646,0.4814799234042284,-0.4401263668660845,1.0150769995101374,87.89077345005677,43.75437700508703,0.0
rgb_1694842026,bev_1694842026,0.9370627848332984,0.2479283036948074,0.0661351310979661,0.31737508496609,0.4927371298265171,0.8328912739527633,0.4924140868094426,0.8873816250766198,0.4055916527160387,0.922674557226997,5.381822175985598
rgb_1694908007,bev_1694908007,0.5707261304260431,0.2537317823878513,0.3330237601413597,0.3616189347637252,0.9652702059270438,0.9482480636630912,0.2368343773725414,0.9121900388555508,0.7548094886233516,0.1419518827410918,7.403894673897853
rgb_1694841841,bev_1694841841,0.9895790476989764,0.4862212801251322,0.0402601299775595,0.7306685287355983,0.8393259451091044,0.6819645020633035,0.369608333370786,0.7298497851349214,0.6222044040315856,0.2602930260866127,4.5788430562150095
rgb_1694907442,bev_1694907442,0.0810737642090683,0.4347539711259026,0.3299401030537148,0.2129524632238849,0.7113602856509823,0.9574183118593268,0.9656380421286171,0.1911506546656806,0.8102422977437798,0.4933113209465752,3.5088740107495733
s3_rgb,s3_bev,12.479744928270204,-4.127428281012366,0.1078591132798512,-3.0984667947292763,-4.808880564098994,-0.8276439055563112,-0.2681611181000782,1.340773379730642,89.24621322940973,9.383677589112915,4.9481837273915765
s1_rgb,s1_bev,-0.7902653277820662,17.711345002195827,0.2845230575660253,6.732178417328122,-2.842543117148332,0.6510807261092061,0.2492395575638215,1.0394523157854405,29.55294394648916,26.74424751318425,0.0
s2_rgb,s2_bev,8.41997730612583,-13.079155175688328,0.1708411199248757,5.882745730388786,8.129395530139757,0.7504477144007147,0.9718111458848336,1.2411379624763983,60.76459310191953,58.28501713654751,2.3986697711723712
rgb_1720160375,bev_1720160375,10.567107447940703,-5.068710213468373,0.1214853680670798,-5.653385471677152,2.736241752754145,-0.7030073198020296,0.9680344710039016,1.0217464790931472,-1.1628921395584229,23.70322769892124,0.0
rgb_1720149538,bev_1720149538,8.894269903945222,-2.723311481823864,0.121079576480051,-5.653385471677152,2.8065729809344564,-0.7072694274580312,0.9680344710039016,1.0416193053216356,-0.3778381806470747,18.46358089000784,0.0
s2_rgb,s2_bev,8.427578327363344,-10.441553815886472,0.173444652534487,7.705696005512308,8.132203485602776,0.6319950231770529,0.982963491017625,1.2672240828623398,63.70300053723605,71.57850114415744,0.0
rgb_1720147290,bev_1720147290,10.641562435583468,-3.753559132337273,0.106740879424106,-5.653385471677152,2.80647089933078,-0.7072694274580312,0.9680344710039016,1.040232358968869,-0.3750178314339933,18.41240233403594,0.0
rgb_1720268663,bev_1720268663,16.189610963444437,-2.7137322114777724,0.1215520228934662,-5.653385471677152,2.8120412991576096,-0.7072694274580312,0.9680344710039016,1.0633450855639488,-0.3597777026312911,19.859801608823044,0.0
rgb_1720176623,bev_1720176623,19.94908988122119,-14.45204342273336,0.1928931996616365,-1.7172178190919904,7.54818930223006,-0.2948940252157968,0.6372376280062766,0.9584358093758876,61.045122886931495,35.21591878395719,2.5809623230941923
rgb_1694911407,bev_1694911407,0.9723667768298964,0.082457103667476,0.1999298092105672,0.2709423773330037,0.014658591867049,0.676687708378881,0.7590889226589701,0.1723321167727828,0.3581709528252792,0.1691537814124587,3.8009914983403954
rgb_1720224697,bev_1720224697,-7.223319771611953,5.3772569021832375,0.1593956695852103,1.179749555962248,-1.3444311646267677,0.4347927844178745,-0.3358484821259955,1.3443986398549308,-24.769550852460085,54.29518276456376,2.6393972938547416
rgb_1694827742,bev_1694827742,0.4867385207519328,0.0936974398226239,0.5034010792120468,0.999469553520859,0.0561095529435298,0.0485108367352891,0.81901339068274,0.1044898114963124,0.911807267134784,0.1614974064585141,3.499840761662829
rgb_1694978459,bev_1694978459,0.9286159059089556,0.946688734271881,0.5992325861501858,0.4966825562659235,0.0567465569053631,0.3831974983359774,0.510459499672941,0.7449760151006017,0.4120641932193998,0.7855210820345516,6.060246224813067
s3_rgb,s3_bev,17.773949217049676,-3.983405340639564,0.1004928717482631,-6.094554581919555,-5.005224904827083,-0.0826492432892979,0.1961186099603407,1.2874896311341355,89.9018194693837,9.74481704151852,3.5319354043433666
rgb_1694841073,bev_1694841073,0.3089342848114516,0.4846305451850657,0.077597301488154,0.6364349774568165,0.4560031274483134,0.370653711055757,0.2831140195814752,0.8967017673312598,0.779220165114868,0.6447316015147728,7.338541647899316
rgb_1720160577,bev_1720160577,15.299006537733192,-2.7137322114777724,0.1215520228934662,-5.653385471677152,2.8064778968274435,-0.7072694274580312,0.9680344710039016,1.041614989338912,-0.3519803269857533,19.859801608823044,0.0
rgb_1720258140,bev_1720258140,10.559515764663598,-4.224616819109322,0.1215737255521034,-5.653385471677152,2.7370841154111645,-0.7147044094512425,0.9680344710039016,1.030813163513667,-1.1628921395584229,23.70322769892124,0.0
rgb_1694919949,bev_1694919949,0.51400733015375,0.9238576386026396,0.9355709506703898,0.1140243797808728,0.1485040397325511,0.6454522983652742,0.2589288420873074,0.5369743225414405,0.754366852046949,0.1985152543539997,5.279205162684539
rgb_1720185604,bev_1720185604,19.642942148876664,-4.248685130170266,0.1729419757146139,-1.587002301884171,4.985404036320302,-0.4465285367255255,0.998814330498894,1.191059686895909,60.47320480148196,21.828013701424325,4.0002869868915925
rgb_1720241250,bev_1720241250,-11.344779801406546,-0.4517766327920753,0.1238012914251377,1.4692887616385626,3.1565433020376528,0.4814799234042284,-0.4481998126926713,1.0150790893224562,87.89077345005677,50.19126968499476,0.0
rgb_1694926368,bev_1694926368,0.5290399999271234,0.8250382401561196,0.7754951381070412,0.1206451233999901,0.6317822769075563,0.4360431284664602,0.5067425337851008,0.6398796176004468,0.9708032336945462,0.8717499127693596,8.304394914373452
rgb_1720125183,bev_1720125183,-11.331175495668468,-0.4671098796007058,0.1622858076251042,1.4724921916567195,3.15871693075807,0.4852821641839455,-0.6260523388797081,1.0160248078432434,87.89077345005677,45.81035182744976,0.0
rgb_1694924827,bev_1694924827,0.1477747868191878,0.9687041428529812,0.7810122411608087,0.3649075102787986,0.3095056883005627,0.5008217095124625,0.4252647025175009,0.383646363575384,0.5904529093176939,0.9784882167742208,0.0
rgb_1694871913,bev_1694871913,0.9679816387054768,0.9585563093672196,0.9727508217043996,0.0422606633848173,0.3323480558452213,0.7469354626092312,0.1239743830425279,0.0904391118445636,0.9932876266092192,0.5600783013677424,4.340528994793719
s3_rgb,s3_bev,11.875610280455284,-0.2061578269331328,0.1045696044462548,-2.3021085103364447,-4.218171044697165,-0.4600414326826998,-0.3076685833941308,1.3043557145089142,89.6072116317039,20.704348450299666,3.11463008525584
rgb_1694910018,bev_1694910018,0.3199416639167265,0.508814578933747,0.7895741967027763,0.6662287258620383,0.6201455454021362,0.399165461328802,0.3154866414745557,0.0177528744892693,0.3180474944031837,0.4493109228439859,3.501286951009813
rgb_1720227424,bev_1720227424,-7.248677008666737,5.3772569021832375,0.1555828414347174,-1.4911065625864932,-1.3439084309426337,0.4347927844178745,-0.3819712678686375,1.336572291809382,-24.79417999303644,54.29518276456376,2.541629049104076
rgb_1720267362,bev_1720267362,16.04980547815613,-3.753559132337273,0.1135827085030093,-5.653385471677152,2.7817593818584143,-0.7072694274580312,0.95259881287326,1.030962808927383,-0.6612855611520132,19.87011745693633,3.699474334307712
rgb_1694982997,bev_1694982997,0.6310148119679179,0.1982079049884648,0.458875041822019,0.0865430019642216,0.8004951708776669,0.8797797465802443,0.2526215084140794,0.1424072009241336,0.1414399024908528,0.589029234180572,0.0
rgb_1720180272,bev_1720180272,18.92518921092521,-13.931166461959634,0.1932019293513241,-0.1188037775110046,7.377149078855318,-0.4708934601129608,0.6350451597847855,0.956829176455264,75.93154564770293,35.270041323645415,3.991061513937991
s3_rgb,s3_bev,11.87561030803422,-1.242025105360291,0.1078591132798512,-1.7931522591211504,-6.094499358903463,-0.6656750482539461,-0.3700266356273416,1.3007592717231322,89.24643234680224,9.383677589112915,3.0276312600212
rgb_1720184537,bev_1720184537,18.67248291160768,-9.834618374786515,0.1608906937728552,-0.5665764218216811,6.144651595718351,-0.3868542041727874,0.9919544647242748,1.0646359456745378,65.62570789864427,24.94331098927139,4.001244005414646
rgb_1694878619,bev_1694878619,0.5209581353500052,0.509278049228747,0.4099049076285963,0.7175032343605854,0.4737958738055708,0.4976136458119299,0.2606126353769139,0.3452558783876708,0.2675295190691695,0.990058819193365,3.5000093519650024
rgb_1720132785,bev_1720132785,-11.35211167377842,-0.4770416083674362,0.159682709023583,1.472302793856933,3.125863987724262,0.4862132259869667,-0.4441142622342549,1.0160248078432434,87.83309151015206,42.08566772348112,0.0
rgb_1694950194,bev_1694950194,0.6166623959251895,0.5848204908473201,0.3880825223937997,0.3380154324552825,0.872894030733045,0.8173563369577157,0.0447422791010221,0.1210033306239816,0.3833314444665451,0.514647239593582,3.808284364324457
rgb_1694975949,bev_1694975949,0.8681270988526167,0.0083144572548645,0.4549260740213496,0.1836859140923427,0.629784886629074,0.2097448144667714,0.1981286417320745,0.6660224256443416,0.494266901155926,0.340056393993313,7.31625097740941
rgb_1720159706,bev_1720159706,9.270905461804524,-3.753559132337273,0.1210818256128741,-5.653385471677152,2.808942568385337,-0.4995945243274597,0.9680550723629546,1.0416193053216356,-0.3778381806470747,22.244207762074705,3.603463508725006
rgb_1720267995,bev_1720267995,8.201514113411854,-3.753559132337273,0.1213531136404456,-5.653385471677152,2.806476942016257,-0.7072753272604162,0.9680344710039016,1.0413020910733513,-0.3412105493157042,26.89666165069156,0.0
s2_rgb,s2_bev,8.41997730612583,-12.932360317018068,0.1709025710466589,7.716476422755193,8.129549394133774,0.7657790887489508,0.9718111458848336,1.2380748756597777,60.72384562087419,67.89769309025687,0.0
rgb_1694942376,bev_1694942376,0.1114304790846896,0.079670468750664,0.6216788051757478,0.0892826978157717,0.4394016958173503,0.8014914225831864,0.1080768535796585,0.439169757095971,0.0256154313167815,0.3270179034999948,7.611434936523437
rgb_1720247457,bev_1720247457,-11.213425241193988,-0.4517766327920753,0.1238012914251377,2.1609778571720817,3.1699498795432284,0.4815019092018504,-0.6186438436640699,1.0150769995101374,88.98187721623617,45.75506704879337,0.0
rgb_1694842773,bev_1694842773,0.9037876060719772,0.831276653866077,0.4428091221587049,0.9254228797775854,0.4382243229792633,0.4040316371761506,0.6665109905610359,0.7207746716354145,0.8182539580639598,0.172591667132173,8.267776413998941
rgb_1694872869,bev_1694872869,0.9253089119847596,0.3626330877840522,0.47419282546398,0.2002750451357365,0.3703256505722216,0.6169623784531975,0.2708441433465234,0.3546592687651448,0.682362301816946,0.6955964566385012,7.000306263551771
rgb_1694842117,bev_1694842117,0.1397528406233062,0.2013102464537323,0.3908746077180501,0.2082535655760098,0.7220457875086592,0.6689726983190979,0.5665794342949365,0.067732193449972,0.0223964586784444,0.3661891670924959,7.639974546515433
rgb_1694903405,bev_1694903405,0.7865364651371368,0.988296383565444,0.4118181299730857,0.3040648892919262,0.2545777837097595,0.5411258304195218,0.8470280360914152,0.0192596054069719,0.8512915786439199,0.4982811609940437,7.787307734821588
rgb_1694898968,bev_1694898968,0.5348539189775448,0.0398004951654858,0.5770487672691172,0.0627656368167629,0.6795344341683965,0.4514028858041392,0.598146320170908,0.2242256684910254,0.0361548964222649,0.3455610827438674,7.534892658741565
rgb_1720128966,bev_1720128966,-11.331175495668468,-1.2549635535758554,0.1596176792253844,1.4724921916567195,3.15871693075807,0.4862132259869667,-0.5896807659688591,1.0160248078432434,87.89077345005677,45.69722481133544,0.0
rgb_1694980245,bev_1694980245,0.3167328470726516,0.827718230651299,0.2024162627152285,0.857035339888692,0.4116250463831873,0.4128164397583125,0.3330597882521341,0.0798377372382707,0.4760155380566517,0.1445775292648172,5.813037818330982
s3_rgb,s3_bev,3.2035827392130543,2.787161911366635,0.0487718041338835,8.222337145871991,1.9074307955993104,0.1775107633552337,-0.7262624258328381,1.4275694160548416,51.105739406352,35.61154547433586,3.953963695840421
rgb_1720212802,bev_1720212802,-7.246184912354197,5.3772569021832375,0.1594403355670541,-1.4059294783769865,-1.521000435892356,0.4347743336207439,-0.4230180822347407,1.3085475193753746,-25.118951960728424,43.36561508126195,2.46366229079275
rgb_1720211266,bev_1720211266,16.18409350398067,-18.7977834430635,0.2187472812565226,-9.420129389668134,5.623667996615962,-0.7460958268829136,-0.1747619491472456,1.2994862759527512,65.64481436887749,29.187573116976385,3.640016444505963
s1_rgb,s1_bev,-0.6876201176887804,12.227342797564187,0.284136303439749,8.034503289816122,-3.291338775387649,0.6715287476852849,0.2054956022626008,1.0393938687447215,29.55294394648916,33.64009802462063,0.0
rgb_1720161336,bev_1720161336,7.613436040477232,-4.231830333295948,0.1137815898492992,-4.045376787586327,2.7373118675564143,-0.7034303142383056,0.9680344710039016,1.0407088118930337,-0.6752072677785463,19.800502993708445,0.0
rgb_1720145808,bev_1720145808,8.434224053639223,-3.753559132337273,0.1210792054649663,-4.626990819540938,2.7372314482285205,-0.7072694274580312,0.9680344710039016,1.0388299353534118,5.938733996233324,18.47042847294798,3.5522007462795777
rgb_1694846126,bev_1694846126,0.3844425106701997,0.8484102641204856,0.18327380874587,0.034443167971548,0.0099518226199858,0.941416091014546,0.2977901625278527,0.891602860303508,0.475783888014359,0.5747014214621765,6.071962934802436
rgb_1694943715,bev_1694943715,0.0677051582908091,0.3705756909188566,0.4986758843919198,0.6063187273582858,0.4366299099896842,0.0473608018984859,0.3144274832648124,0.1803392043193374,0.4906591419177007,0.8644633648017364,4.726084038631884
rgb_1720242091,bev_1720242091,-11.331175495668468,-0.1354871796704486,0.1596176792253844,1.4724921916567195,3.15871693075807,0.4861740630277085,-0.6195151909505039,1.0160248078432434,87.89077345005677,43.66807648909504,0.0
rgb_1694898892,bev_1694898892,0.7097874733880565,0.1680840556182878,0.8298537301475121,0.3382097485078557,0.0906101489889109,0.8365291143511338,0.910535967023368,0.1965611214581007,0.8203372931510233,0.4631876840586106,7.709937356400473
rgb_1694889289,bev_1694889289,0.0698714031103122,0.1876958652781544,0.4648458394655329,0.5190536268922845,0.5424875397985512,0.7874491479599388,0.840652476794542,0.6265718019171734,0.7770328455888317,0.4900906659316306,7.511365716222048
rgb_1720175795,bev_1720175795,18.02619466316466,-10.76936742739012,0.2156746841107275,1.3309956138895558,7.509985156130757,-0.3049292442240098,0.7992940602281355,1.0149923616396703,45.23390943123351,35.638957957496935,3.998531506026115
s3_rgb,s3_bev,12.118473134890266,-3.983405340639564,0.102417137130576,-2.786007046019958,-5.002948321470198,-0.1099425938404077,0.1874359811156612,1.3037918871270966,89.7434572383437,20.80509293550429,3.4716494570659715
rgb_1720161388,bev_1720161388,15.328463849773383,-3.753559132337273,0.1224266202589478,-5.653385471677152,2.8144173352433803,-0.7072694274580312,0.967736713972946,1.041614472677779,-0.6612855611520132,19.562467819014778,0.0
rgb_1720241210,bev_1720241210,-11.208422958497758,-0.438859142000414,0.1238012914251377,1.712821065161652,4.439065714382497,0.4857205472943195,-0.5579398655899628,1.0151560169961351,87.89077345005677,43.75437700508703,3.2536771385384555
rgb_1694954970,bev_1694954970,0.7487760447371715,0.3387606084429442,0.9204128106479148,0.5327731527278647,0.2936981964501926,0.4125251584648669,0.643026332420545,0.3499734016318644,0.5763250924030594,0.5550015370486348,4.811362273640422
rgb_1720226941,bev_1720226941,-7.248677008666737,5.3772569021832375,0.1556608686671514,-1.4911065625864932,-1.3439084309426337,0.4347927844178745,-0.3819712678686375,1.336572291809382,-25.23905759976892,54.29518276456376,2.5462991891905964
rgb_1720266304,bev_1720266304,8.633953903645466,-4.127625888970004,0.1136813060222364,-5.653385471677152,2.806224557797295,-0.5032709524375327,0.9680341912657024,1.0332283211648312,-1.128638040251985,26.89666165069156,3.557072033655356
s3_rgb,s3_bev,11.863990195343312,-2.0146386170381483,0.1038582686181264,-1.809191360165821,-4.9538617301110826,-0.1099425938404077,0.1944543205920306,1.2912817803443248,89.24621322940973,22.795968901021684,3.4807853540561133
rgb_1720140827,bev_1720140827,-11.213425241193988,-0.4517766327920753,0.1238012914251377,1.4692887616385626,3.1699498795432284,0.4814799234042284,-0.4401263668660845,1.0150769995101374,87.89077345005677,43.75437700508703,0.0
rgb_1720123895,bev_1720123895,-13.594751231789132,-1.2549635535758554,0.1673977085122736,0.4673698686367054,3.125395982328083,0.4862132259869667,-0.7272823127812648,1.0160248078432434,87.83309151015206,42.53183738767364,4.286696252726152
s2_rgb,s2_bev,18.63013698630137,-18.925886143931265,0.2523052464228935,6.686153146032503,4.887371193170406,-1.0,0.5189336268488274,1.43,-4.4958800266844605,7.852148388879392,0.0
rgb_1720257284,bev_1720257284,8.201514113411854,-3.753559132337273,0.114446612025191,-5.653385471677152,2.806224557797295,-0.7072434933064085,0.9680344710039016,1.0332283211648312,-0.9902183288418483,26.89666165069156,2.8529755589019814
rgb_1694944292,bev_1694944292,0.876668746654394,0.0480388508774592,0.1111667252476767,0.1534817838382625,0.8826219203834533,0.7401188100257747,0.6733473515430699,0.4550359620507477,0.9393308699404588,0.1589190575703387,6.573178657921962
rgb_1694873810,bev_1694873810,0.7277153045040743,0.1322889640783554,0.8140494650109255,0.2389199569996343,0.6816485591467347,0.7867530092415331,0.2568485476182253,0.0554881532284625,0.5454334519644864,0.9814156132949056,7.727722629323215
s2_rgb,s2_bev,18.92656233748623,-20.0,0.2763162510561785,8.297915572114556,-8.69504509170411,0.3534979139449099,0.6872300236706947,1.2332560569541502,17.264433517562097,47.2221021166708,3.9653312988489606
rgb_1720218838,bev_1720218838,-7.248677008666737,5.474088045748555,0.1589058686894185,-1.4911065625864932,-1.3439084309426337,0.4347927844178745,-0.3819712678686375,1.336572291809382,-22.4898371883324,53.5352872605574,2.514983256819536
rgb_1694977547,bev_1694977547,0.1767530530557493,0.8008436201912423,0.8957513874996667,0.3695760140563587,0.0753117853000084,0.8572615672998607,0.3504803775169781,0.6320632177925416,0.8076056263818713,0.4378928982296588,3.4999506890825827
rgb_1694835315,bev_1694835315,0.0238518856529817,0.390934068851644,0.6507212233096299,0.4575385129211889,0.37905817163173,0.0133866369788419,0.2410228483709303,0.1251845857516369,0.1475189889197696,0.280685653360871,3.500793905043542
rgb_1720174423,bev_1720174423,14.656763004521617,-10.753254092254103,0.1869205703474909,-1.238816307104532,7.069795144298446,-0.3752248672483729,0.7964120458229291,1.065305102798906,54.779990609415705,31.440342265201643,4.000303805706309
rgb_1694979433,bev_1694979433,0.9514833449177462,0.1737685974808807,0.7547318607097848,0.2360579374207944,0.555052825441521,0.6055153834063142,0.935644733777236,0.9927692800691936,0.6731181159375121,0.2028511095699635,5.195521790660175
rgb_1720249898,bev_1720249898,-11.331175495668468,-0.4517766327920753,0.1596176792253844,1.4724921916567195,3.15871693075807,0.4814799234042284,-0.5454620192414873,1.0088682761859795,87.89077345005677,43.67257892722832,3.07512587595109
rgb_1720255817,bev_1720255817,-3.322751686378957,-13.579125681398342,0.0677158768883555,8.140254301390776,-2.212171484298162,0.8815744504264451,0.6609072377235541,1.3018828463744665,21.291864570720094,28.78391704727613,4.934086247375908
s3_rgb,s3_bev,11.87561030803422,-3.763623017729525,0.1078591132798512,-1.7931522591211504,-4.808880564098994,-0.6656750482539461,-0.4143195444944145,1.3009776582984782,89.24621322940973,9.383677589112915,2.9371521905995226
rgb_1720248296,bev_1720248296,-11.215689992602412,-0.4517766327920753,0.1238012914251377,1.6177717154438227,3.160893394241903,0.4814799234042284,-0.4401263668660845,1.0148373908578885,85.8650795357253,45.94765761836213,3.546052609367792
rgb_1694982921,bev_1694982921,0.7784935363518025,0.2103783009637846,0.6293792206664488,0.6983653044331534,0.1621849581039973,0.9823672907375632,0.413695758735188,0.9066818008808551,0.9327374467845698,0.9899262875741408,0.0
rgb_1720228613,bev_1720228613,-7.248677008666737,5.3772569021832375,0.153748909982038,-1.4911065625864932,-1.1570063711620833,0.4347927844178745,-0.3819712678686375,1.336572291809382,-1.0555948541523748,54.29518276456376,3.532371900288598
rgb_1720217370,bev_1720217370,1.2782486824703163,-1.8770529811613803,0.1700868939957271,-4.497893696827466,4.725042530617959,0.4731146107223603,-0.874863367099416,1.3680377114334017,-0.3467780098701922,87.8554363637004,3.640016444505963
rgb_1720154734,bev_1720154734,10.58167085074841,-4.224616819109322,0.1214853680670798,-5.653385471677152,2.736241752754145,-0.7030073198020296,0.9680344710039016,1.0217464790931472,-1.1628921395584229,23.72126935756144,0.0
rgb_1720244572,bev_1720244572,-11.213425241193988,-0.4517766327920753,0.1238012914251377,1.4692887616385626,1.1430139172299736,0.4814799234042284,-0.4401263668660845,1.0150769995101374,87.89077345005677,43.75437700508703,3.479556508129549
rgb_1694890947,bev_1694890947,0.947437996978,0.6084132360331321,0.1735955873919611,0.3110127295441324,0.648582532120373,0.0631045646655126,0.454556055867262,0.5116368503101087,0.8618127042049074,0.9785085176831966,0.0
rgb_1694911172,bev_1694911172,0.5943989306132059,0.9286586556092684,0.9317847190520162,0.6584369571062848,0.6760915157921779,0.8699270250896121,0.0315787328301124,0.8281429050872774,0.1272829288020542,0.7070215331053532,4.074642843305229
rgb_1720244733,bev_1720244733,-11.223134149741613,-6.9078496876555295,0.0669993052031708,2.098233159778016,3.1483697449772947,0.4817553774110032,-0.4283832482137625,1.015019599124412,88.87487425432636,43.92381726797892,3.0833593083799045
rgb_1694827092,bev_1694827092,0.128384285268864,0.9405373674142417,0.757061291684741,0.127774095701292,0.8756771991784267,0.2819051350876889,0.1849946786042922,0.4355150333313831,0.5943152386825871,0.0611616174867298,7.657287605014602
rgb_1720265495,bev_1720265495,10.821708392161476,-3.737722525189135,0.1210811265674365,-5.653385471677152,2.7370841154111645,-0.7067462280240802,0.988187253228714,1.0152401805297857,-0.6645455398774942,18.124249999189693,0.0
rgb_1694873557,bev_1694873557,0.2324136284109905,0.6658695737284768,0.532903386160987,0.9900730564140844,0.7768091323452956,0.4265048118520131,0.2915365555983555,0.1738048850521149,0.9688933432219622,0.8187513363257434,3.9121208716864926
rgb_1694901826,bev_1694901826,0.1864503791249521,0.4469274366814636,0.6006243725006485,0.5097041831979766,0.4923099247800734,0.5513099205225468,0.75639804751707,0.6788082304447984,0.3761846093644444,0.4924627124847393,7.518730703501623
rgb_1694827175,bev_1694827175,0.23065108564994,0.4589627601699519,0.6872430588261109,0.5822166913792114,0.7159554474564324,0.0553709640697905,0.5622163699866464,0.5545851834607862,0.730228865203493,0.8432339136267789,7.770538336070777
rgb_1720266200,bev_1720266200,15.297769940079943,-6.944612391304467,0.1211617211189518,-5.653385471677152,2.805412042471227,-0.7072694274580312,0.9680344710039016,1.0538684803438836,-0.3519803269857533,19.859801608823044,0.0
rgb_1694979639,bev_1694979639,0.8574300873247446,0.9975829477700016,0.2672163662543124,0.1491734449313678,0.5169377310791374,0.3346364397689582,0.773266014705859,0.2679360928749342,0.9498969543065306,0.1962470513555274,4.6528954708263335
s3_rgb,s3_bev,11.87561030803422,-3.737490743012536,0.1272390003854512,-1.7931522591211504,-4.810690716663051,-0.261641494494856,-0.2810263033423256,1.302163128291545,89.24621322940973,20.59288611448137,3.174669944413353
rgb_1694942173,bev_1694942173,0.806555169482501,0.6250971905486971,0.9018953826720242,0.0257457722883669,0.0799406503049439,0.1586874276748048,0.073027996349788,0.5090826781184619,0.0865298468906429,0.603526026720766,7.622439543219991
rgb_1720171890,bev_1720171890,18.81552107937631,-7.570830737350748,0.1533477639552684,-0.676448385816597,6.472771966809887,-0.3959249712172833,0.9988928615267718,1.1527832101272883,60.95485983690389,24.326811465192343,4.001426267190658
rgb_1720186250,bev_1720186250,16.10981565955128,-14.35520702910474,0.1882232514530117,-0.5657295285315449,8.89999001111125,-0.3870717953602743,0.9919430603578676,1.0594613973180895,59.57068233422558,27.095738623748765,3.999251254038339
rgb_1694827012,bev_1694827012,0.7942179920538487,0.9074297575285728,0.040541360401151,0.8476906042833209,0.5833781027262643,0.3295545191178807,0.4424283918855857,0.1266109780727038,0.1554816442267198,0.0468532428824429,4.814912235294275
rgb_1720213466,bev_1720213466,1.604601779880337,3.569052966879987,0.1706907485920019,-4.398227756331872,1.5094871883835896,0.4731146107223603,-0.8876770407895493,1.3687860816055908,-0.3467780098701922,60.66169417593992,3.640016444505963
rgb_1720123292,bev_1720123292,-11.32939797643436,-0.4517766327920753,0.1236156869897536,1.4693269230836885,4.336167741914887,0.4819965130120005,-0.4477468575861447,1.0150766257231818,87.89077345005677,43.75437700508703,0.0
rgb_1694833807,bev_1694833807,0.426377599936247,0.4329280093209975,0.5765994618132166,0.1643271441662583,0.0508579796463848,0.3879617523920733,0.9690916349567316,0.0683458612935955,0.406768821090928,0.8691420541948403,3.5023304504088406
rgb_1720158550,bev_1720158550,16.189610963444437,-2.7137322114777724,0.1215520228934662,-5.653385471677152,2.8064778968274435,-0.7072694274580312,0.9680344710039016,1.0416149296730677,-0.3519803269857533,19.859801608823044,0.0
rgb_1694900118,bev_1694900118,0.6508624317792473,0.7025514281097531,0.618231168309489,0.0559497362866103,0.5184875052466741,0.8756128945380879,0.8894403650489774,0.3563108244439007,0.7510266363662915,0.1320208865927171,0.0
rgb_1694911895,bev_1694911895,0.4980498098113183,0.4940845734066165,0.3581459130365437,0.0870957390050783,0.6795019518145685,0.5245184993632221,0.4139107677645274,0.3502806295600611,0.9678421932352606,0.717213825461579,0.0
rgb_1694912685,bev_1694912685,0.7244963565831992,0.2783936325134835,0.1343459708218848,0.8839328916054144,0.8673599173229614,0.5040341207944875,0.4509182968061856,0.8385813122348755,0.5580627389086972,0.1066327103041764,5.625515942036484
rgb_1694984830,bev_1694984830,0.3869014246413522,0.9740955718414952,0.4615152516824434,0.7643576741535907,0.2248166059675789,0.4122177560667002,0.2357435414613859,0.5052985849905006,0.5535302175218385,0.8041856548811448,2.8198732624598657
rgb_1694846032,bev_1694846032,0.064072404493085,0.0640545668958227,0.7955640054601921,0.7385000207082224,0.7893492964732489,0.4857057446290268,0.6715590832884573,0.8665622421375977,0.5463688395729845,0.359456355250961,0.0
rgb_1694871232,bev_1694871232,0.1578650823259381,0.0584766018702539,0.2575254265803846,0.6003487168167708,0.7754742400936492,0.4734636846414712,0.1753670753230549,0.3000948095419674,0.8318020486393963,0.9545951658767536,7.766640650038963
rgb_1720237324,bev_1720237324,-11.213425241193988,-0.4517766327920753,0.1238012914251377,2.590514173066863,3.307258264328185,0.4814799234042284,-0.4401263668660845,1.0150769995101374,87.89077345005677,43.75437700508703,0.0
rgb_1694843899,bev_1694843899,0.24891027622405,0.2315665182323937,0.994569447408453,0.529695632769697,0.4465974311712111,0.4046547142908319,0.5005493905110852,0.8828335059502694,0.9897453891484426,0.7746652058889946,3.8127870640193
rgb_1720165535,bev_1720165535,10.559223300329483,-3.737722525189135,0.1214435301507796,-5.653385471677152,2.7373531296924334,-0.7011704159184946,0.986564474111221,1.0411362729106766,-1.1628921395584229,19.743479585331247,3.600783234328817
rgb_1720182162,bev_1720182162,18.75085454541744,-13.931166461959634,0.2003325963558148,-0.1190526048621443,7.377149078855318,-0.317627931250751,0.6175939101280457,0.9593496373245886,69.0870989411876,35.27170180936248,2.6079567792091103
rgb_1720226546,bev_1720226546,-7.248677008666737,5.3772569021832375,0.1560420335842694,-1.4911065625864932,-1.3274085040952637,0.4347927844178745,-0.3819712678686375,1.336572291809382,-24.79327176171104,54.29518276456376,2.547674795221445
rgb_1720238086,bev_1720238086,-8.96912526276762,-0.757238453545849,0.1291513739183558,1.479333738145165,3.3270342492838534,0.4814799234042284,-0.326630421215155,1.0150769995101374,87.89077345005677,46.82041255060452,2.893052686187856
rgb_1720163793,bev_1720163793,15.352166524588952,-3.753559132337273,0.1224266202589478,-5.653385471677152,2.81368938439744,-0.7072694274580312,0.95259881287326,1.041614472677779,-0.6612855611520132,19.87011745693633,2.573185814969733
rgb_1720131339,bev_1720131339,-14.181112474477244,-0.4517766327920753,0.1618322777179078,1.4724921916567195,3.158843933418998,0.48173603260967,-0.5454620192414873,1.0088682761859795,87.89077345005677,46.81020907476398,0.0
rgb_1720254304,bev_1720254304,13.313580878520725,-2.7242078793725355,0.1214853680670798,-5.653385471677152,2.736241752754145,-0.7030073198020296,0.9680344710039016,1.0217198331125,-1.1628921395584229,24.54895448451997,0.0
rgb_1694908502,bev_1694908502,0.1479354804997081,0.1636952598096733,0.2695181588026309,0.5895417171293154,0.6517246087829305,0.6972778220131559,0.292742538620697,0.6310524943368263,0.8515855855711723,0.3015664498771256,3.5024259421800785
rgb_1694835410,bev_1694835410,0.5346255364594716,0.1246565973710963,0.7492935678813247,0.505566401184864,0.9780074298905016,0.452128469060798,0.6386844095694522,0.189207718434752,0.247796230130263,0.6717107642969355,3.500793905043542
rgb_1720153145,bev_1720153145,15.464818882213017,-2.8266938815658413,0.1215512786228074,-5.653385471677152,2.7491145716186143,-0.7030073198020296,0.9680344710039016,1.0217464790931472,-0.4045687993334326,19.65963227145951,0.0
rgb_1694922462,bev_1694922462,0.2470899768328279,0.8155458366318352,0.0774935827487449,0.992557726217718,0.1670161219299867,0.7085494634012366,0.1331983202319805,0.3755630478420088,0.8855176638705462,0.1489947017116569,5.550455485914738
rgb_1720224388,bev_1720224388,-7.248677008666737,5.3772569021832375,0.1593954299281511,-1.4911065625864932,-1.3439084309426337,0.4347927844178745,-0.3819712678686375,1.336572291809382,-24.79417999303644,60.19483639881618,2.54596173922642
rgb_1694867196,bev_1694867196,0.8550360930208932,0.0634042443464063,0.5244353484860587,0.8476972860984016,0.1122145157200409,0.5084608478806271,0.8309312204606356,0.5957225739278763,0.2165239834291528,0.711576578976494,6.999925377314432
rgb_1694907197,bev_1694907197,0.9328403433455178,0.4558106737091709,0.196331616849421,0.3474559218719875,0.8826172422625083,0.8558866409610562,0.9708298209301728,0.3682163936441559,0.3715589584831877,0.7539094597317914,3.5000704314301374
rgb_1720251420,bev_1720251420,-11.209375724278743,-0.4517766327920753,0.1238012914251377,2.537715779445397,3.307258264328185,0.485337373555945,-0.4860407985594238,0.9894788701277516,87.89077345005677,43.75801920953434,0.0
rgb_1720247816,bev_1720247816,-11.331175495668468,-1.2549635535758554,0.1596176792253844,1.4724921916567195,3.1652613020717304,0.5175696226415685,-0.5852182803801897,1.0162690110673611,87.89077345005677,43.67257892722832,0.0
rgb_1694921047,bev_1694921047,0.9514859694808157,0.8926506516357214,0.4730762205657265,0.440221211364605,0.4157643992310217,0.1122132219284817,0.6723759413292132,0.8087059750703166,0.6302770563598857,0.976571827902712,7.304556682968838
rgb_1694943543,bev_1694943543,0.402382170464142,0.294564045087319,0.6251743934393508,0.1012182573348156,0.6122894037183902,0.2271409072727359,0.2342460563606399,0.3153596794421442,0.3422874120086081,0.8546785183158144,3.5000420984562823
rgb_1720240048,bev_1720240048,-11.343956669417054,-7.648114508145088,0.1228355778506094,2.9084236005383683,3.158551660092625,0.4836075572641212,-0.3782505757380082,1.0148696132761674,87.89077345005677,43.67257892722832,2.956127392546537
rgb_1720134997,bev_1720134997,-11.330615939975514,-0.4517766327920753,0.1276907565549564,1.4720485722424712,3.122327310775839,0.4821422712576761,-0.5896807659688591,1.030949241533954,63.05133444110143,43.67257892722832,0.0
rgb_1694825124,bev_1694825124,0.0345924961363086,0.1029370116877671,0.5543344467703254,0.609779215461514,0.6888263867754396,0.5252754764089672,0.9152749227668842,0.9360322624349844,0.7421237762478587,0.5822457265527019,0.0
rgb_1694954330,bev_1694954330,0.8225835063598078,0.6195073118137984,0.2201094934312355,0.7640230673083032,0.086984633147059,0.8305154689124419,0.0988753029731619,0.0589238333825407,0.7524106655707142,0.8715128207949869,3.500818023010261
rgb_1694981144,bev_1694981144,0.922723081508765,0.4486549960366233,0.6784266233339282,0.8749069021629041,0.1749448589788426,0.6369888237475535,0.036229322360449,0.6182556334920438,0.3213781533579543,0.5713306748185656,3.4999921071653266
rgb_1720144803,bev_1720144803,10.850971752702936,-3.747092959808839,0.1089618702836631,-6.202706676344142,2.688003832430759,-0.9704027634897228,0.955521551474102,1.0331137738711953,0.0215382864154349,23.62030316799536,3.562594886079903
s3_rgb,s3_bev,3.965124246143468,6.563135032400439,0.0741096419717213,8.310810810810809,-3.625072662215352,0.2965583824028528,-0.7262624258328381,1.43,74.22436459246273,89.8379818790375,0.0
rgb_1720211440,bev_1720211440,-2.33108953519611,6.673700214870056,0.005263781129561,-4.455381093417844,1.1656258876967929,0.4895515955419545,-0.0960695754825158,1.3485011792882216,-26.903469849178464,57.07158102671085,3.640016444505963
rgb_1720232188,bev_1720232188,4.503677198511454,3.6420289364203695,0.0128331664404749,-1.2053970182942972,0.8168548741792279,-0.814386359296819,-0.1422553083966939,1.2900314566390567,-9.88133653439867,87.3927595154704,3.640016444505963
s3_rgb,s3_bev,3.965124246143468,6.563135032400439,0.2686739514149359,-4.020910944561871,-3.625072662215352,0.1775107633552337,-0.598548505015469,1.43,8.174902676275906,82.51197455303017,3.987970792397199
rgb_1694958633,bev_1694958633,0.1062640482984522,0.2991943453374722,0.4842688465762714,0.3120538680012052,0.0918255398823073,0.5494229097815896,0.0934971298297512,0.2715519883936994,0.6142602659163712,0.840710881541547,3.2447287430612275
s2_rgb,s2_bev,20.0,-20.0,0.1787004183657257,-2.8832248443981188,9.144201968335471,-0.91522572378153,0.5189336268488274,1.4198560459834737,-56.36907887394671,7.852148388879392,3.880550342715036
rgb_1694922254,bev_1694922254,0.5609107952506531,0.6683053303357187,0.1909956789938266,0.5743408866933801,0.2462830683273261,0.932179966167474,0.0428259127256076,0.0830826589842425,0.3862813412433471,0.3773990978615595,7.558749962342116
rgb_1720256069,bev_1720256069,8.894269903945222,-3.740227059242908,0.1210819091433564,-5.653385471677152,2.808942568385337,-0.7981058141025219,0.9680344710039016,1.0416193053216356,-0.3778381806470747,15.013066358960836,3.556636409540523
rgb_1694908420,bev_1694908420,0.2691041904746012,0.4995378033734649,0.2158642672667019,0.4548848950144304,0.8799106530429124,0.7343360754434306,0.5519097673241926,0.5635509848035513,0.1844716182688922,0.6642484867457172,5.018687307624917
s3_rgb,s3_bev,3.2035827392130543,6.563135032400439,0.0487718041338835,10.0,-3.625072662215352,0.2965583824028528,-0.6628609358978246,1.43,74.22436459246273,89.8379818790375,0.0
s3_rgb,s3_bev,17.018010912782465,-0.7837323017875555,0.1753179534395675,-9.483926152207436,3.1588597310603617,-0.0487391335488227,0.2268946248514276,1.1424640106890993,-89.91736471611546,11.1832495206181,3.354488671788118
rgb_1694828454,bev_1694828454,0.1834518047153696,0.7154725806940718,0.4395011351543453,0.1816120503013911,0.9812819280327052,0.235957166149356,0.9655008211140278,0.6580111872618447,0.0874282469844552,0.2252193753042987,8.42550326627643
rgb_1720151435,bev_1720151435,10.55948328823403,-4.221036071693847,0.1210347232911503,-5.653385471677152,2.819719831305332,-0.4650189400668779,0.9680344710039016,1.0321142614748595,-1.1427744355741964,19.78704846429528,0.0
rgb_1694893228,bev_1694893228,0.3650176139911834,0.2759319392893822,0.4055572585961398,0.9873555473475304,0.153969176462585,0.2608815388058693,0.671037839640626,0.2273522846122891,0.7304828785151091,0.8442656570655067,3.500108176401275
rgb_1720148308,bev_1720148308,10.654812979966689,-12.293015542551943,0.13513917024867,-5.653385471677152,2.80852418669239,-0.6727911481382235,0.9680551897516504,1.0217687135483489,-3.464291063028483,18.156984753362465,0.0
rgb_1720235480,bev_1720235480,-9.421956500978034,-3.145100880392807,0.1191568603927656,1.4724921916567195,3.1586362164026145,0.4722031094294947,-0.6260523388797081,1.016058186743564,87.89077345005677,45.50501701038366,3.171630638445434
rgb_1694896992,bev_1694896992,0.1820197013100598,0.4643951380425846,0.1186411880923292,0.9499229889148582,0.3389728421249747,0.4120215185319913,0.1292130517483358,0.290227328608259,0.6508093743257726,0.5763152351617434,3.499943329612361
rgb_1720250419,bev_1720250419,-11.331175495668468,-0.1247395823219505,0.1412259468004703,1.4724921916567195,3.12209453461859,0.4862132259869667,-0.5572254224153955,1.0160248078432434,75.62426759859625,46.04206105373499,0.0
rgb_1720227512,bev_1720227512,-7.248677008666737,5.3772569021832375,0.1593954299281511,-1.4911065625864932,-1.9713572860254047,0.4347927844178745,-0.3819712678686375,1.336572291809382,-24.79417999303644,60.19483639881618,3.640016444505963
rgb_1694827175,bev_1694827175,0.23065108564994,0.4589627601699519,0.6872430588261109,0.5822166913792114,0.7159554474564324,0.0553709640697905,0.5622163699866464,0.5545851834607862,0.730228865203493,0.8432339136267789,7.770538336070777
rgb_1694869406,bev_1694869406,0.5941149530398301,0.5982657714351558,0.2715891538344535,0.0329345282050981,0.5363527336557489,0.4908041031929933,0.1902981288354929,0.0408740173067729,0.908452291017182,0.6831163778035731,7.593667945913978
rgb_1720148877,bev_1720148877,10.641562435583468,-3.753559132337273,0.1215520228934662,-5.653385471677152,2.8064778968274435,-0.7072694274580312,0.9680344710039016,1.0416189113126346,-0.3750178314339933,18.51276372132945,0.0
rgb_1694976026,bev_1694976026,0.120361795588312,0.0342957774298655,0.3602021764328824,0.1436226050102946,0.9695460497517304,0.2991217559155035,0.3761472040817031,0.2774602486354736,0.4215496107843425,0.6866885758192697,3.429110310789898
rgb_1720227380,bev_1720227380,-7.248677008666737,5.3772569021832375,0.1607221794061031,-2.301643033234124,-1.3439084309426337,0.4347927844178745,-0.3819712678686375,1.336572291809382,-25.22716229146629,48.44695417310388,2.6020081730265305
rgb_1694946094,bev_1694946094,0.9988232788850644,0.7869504816440076,0.654445020465928,0.4966734890517585,0.3122003085369155,0.5960088591271684,0.0692120494977062,0.4712662508333257,0.4215825088133434,0.1043180121388261,3.4999855144780523
rgb_1694977450,bev_1694977450,0.1908585530084249,0.2780496886070793,0.5079537514954716,0.2196796338914562,0.3595071026737589,0.3265350392438534,0.1575889501172612,0.0153086882852118,0.2976917036008387,0.8541791035344513,0.0
rgb_1720128118,bev_1720128118,-11.238431279284018,-0.5607120613648959,0.1639806090587048,1.4724921916567195,3.154220744372793,0.4817587725412744,-0.6260523388797081,1.0160545033307462,87.89077345005677,45.70668560328059,0.0
rgb_1720133910,bev_1720133910,-11.33195758970739,-0.4517766327920753,0.1276751275420242,1.4654176171636184,3.122327310775839,0.4821422712576761,-0.5896807659688591,1.0148785429144207,56.96023109608132,43.67257892722832,0.0
rgb_1720131621,bev_1720131621,-11.331175495668468,-1.2549635535758554,0.1596176792253844,1.8659173100906687,3.154917953168056,0.4862132259869667,-0.7494983250186278,1.0160248078432434,87.8443191428581,43.17548672678716,0.0
s1_rgb,s1_bev,-0.4473262133735574,17.84285973346813,0.2794337322479043,6.48488359737949,-3.344263487998047,0.6715287476852849,0.3667396536619469,1.0636598823244543,29.55294394648916,39.993845256108216,0.0
s2_rgb,s2_bev,7.195189900285372,-14.908004242756473,0.0966857207321645,4.130637718495623,8.162888340420308,0.1648043332519941,-0.2711461190108255,1.2663898116990544,44.863673144210566,19.15086983534756,3.9857716883190974
rgb_1720173556,bev_1720173556,13.608887026038287,-8.112032285441932,0.1780230841010603,-4.051446753279564,6.467016237529244,-0.4772934511368545,0.9987940733891776,1.284207676303064,60.59514930615424,26.062645302689923,4.001495157822904
rgb_1694828961,bev_1694828961,0.5401783045778856,0.314714225570137,0.0428750214229045,0.6807321764548209,0.3099938635265551,0.3672444736235302,0.4772063201782975,0.7943095895185184,0.0407811744339838,0.5405000091639002,7.5402111353577554
rgb_1694897845,bev_1694897845,0.0677212045218262,0.0918271865962309,0.6486109371152812,0.1282788552243052,0.0149402921507634,0.3220255980692005,0.8969294037756923,0.9847605798834852,0.6574304660712471,0.3180040368469033,7.675809975424896
rgb_1720129206,bev_1720129206,-11.332825794677202,-0.4517766327920753,0.1626447699344977,-0.0313065569922326,3.15871693075807,0.4862132259869667,-0.5896807659688591,1.0160262798166848,87.89077345005677,45.88169053423234,0.0
rgb_1694878394,bev_1694878394,0.1365954556256676,0.6522324624583953,0.8762612669522402,0.2035376119841194,0.5177877012713564,0.985355302390642,0.062287669378706,0.4629271801577455,0.8218114414837951,0.4375463475870357,8.194431991754206
rgb_1720214087,bev_1720214087,-7.256470475639007,5.3772569021832375,0.1594403355670541,1.180996717409336,-1.521000435892356,0.434773754441238,-0.3752862955387895,1.3380112041086123,-25.10027119440516,47.30822159976771,2.577887793941877
rgb_1694836527,bev_1694836527,0.1318407186077216,0.2056867581347015,0.6543545223774219,0.3195095210988744,0.5306706887575209,0.5501835921198988,0.5928060849124599,0.2046930185946234,0.961662995367191,0.3244882527435004,3.4294765623493166
rgb_1720134755,bev_1720134755,-9.963457348392414,-0.4773644002772741,0.1214336542553001,2.6175250859675376,3.307258264328185,0.3077244173694806,-0.5849679862215447,1.0147067236120533,87.89077345005677,43.75019482762828,3.267294400732604
rgb_1694980864,bev_1694980864,0.1520379169943345,0.7634766968051987,0.3898772723071227,0.9029060584269236,0.6165837108561405,0.8485669145341955,0.4995461039609586,0.0084332006070285,0.8218576414299482,0.708028686102454,3.500020014364257
s2_rgb,s2_bev,8.428036060485972,-10.53829790878225,0.1734361196906745,7.705693677428722,8.785892543957235,0.6235382823749398,0.9799088785176406,1.2381030311378145,60.80483166435124,71.59953770887213,0.0
rgb_1694839670,bev_1694839670,0.5055882490661715,0.3023568323275178,0.4838983043685914,0.5552734416323836,0.0784562905195391,0.7872366985674818,0.4056981064464847,0.7810864066291575,0.13522759444097,0.976348534350967,3.397653153906653
s1_rgb,s1_bev,0.0704729988887287,12.49475749552802,0.2848071615236116,6.488215665430322,-0.7848930668313779,0.645695329038162,0.2495522524063336,1.0434927473821132,28.736598349124733,86.08352627193901,0.0
s3_rgb,s3_bev,11.87561030803422,-3.763623017729525,0.1078591132798512,-1.7931522591211504,-4.808880564098994,-0.6656750482539461,-0.4143195444944145,1.3009776582984782,89.24621322940973,9.383677589112915,3.205324551924845
rgb_1694952640,bev_1694952640,0.8570381259378017,0.0413850991179274,0.1848362028939468,0.7541815559430264,0.7138451371481339,0.1041918950889129,0.1906272312900554,0.7167129109226177,0.3027537338864139,0.4438169480477223,7.624360339795643
rgb_1720135881,bev_1720135881,-11.219712200584398,-0.4517766327920753,0.1173699590971336,1.4689108208752693,3.15871693075807,0.4814799234042284,-0.5454620192414873,1.0098741298921006,87.89077345005677,43.67257892722832,3.049772231835393
rgb_1720256017,bev_1720256017,10.641562435583468,-3.753559132337273,0.1215520228934662,-5.653385471677152,2.8064778968274435,-0.7072694274580312,0.9680344710039016,1.0416189113126346,-0.3750178314339933,18.51276372132945,0.0
rgb_1720156376,bev_1720156376,10.559245757427522,-3.737722525189135,0.1211881605485079,-5.653385471677152,2.735138938910658,-0.7067462280240802,0.9681917048298184,1.0413252706721718,-1.1674589667919832,18.124249999189693,0.0
rgb_1694835126,bev_1694835126,0.8290532830914453,0.5604637508901105,0.0400398546715212,0.3139115985209206,0.2113561449408173,0.5265364941414333,0.7905070786876833,0.3583834088100736,0.8692843228928541,0.7601371441454527,3.7382679357561615
rgb_1720216880,bev_1720216880,-7.248677008666737,5.3772569021832375,0.1537796826267916,-1.4911065625864932,-1.3439084309426337,0.3602531121219459,-0.3819712678686375,1.336572291809382,-24.79417999303644,54.29518276456376,2.777833177118021
rgb_1720135117,bev_1720135117,-11.331175495668468,-1.255720694617665,0.1596176792253844,1.4724921916567195,3.15871693075807,0.4814799234042284,-0.5454620192414873,0.9692534907387786,87.89077345005677,43.67257892722832,0.0
rgb_1720179286,bev_1720179286,16.173595113860287,-5.3855405997032335,0.1856768192077976,-1.2060484518284549,7.784466587412105,-0.3033937144918759,0.7640622006450177,1.015403948937666,45.94413204899078,35.23341968332256,3.995987282836584
rgb_1694873895,bev_1694873895,0.5388895052633185,0.084003121275185,0.8840728117770648,0.2446363119953589,0.1279456278596865,0.4675035984386635,0.8285544681688329,0.8952334133367416,0.1317095526827744,0.6091512279694357,7.538895104858699
rgb_1694832689,bev_1694832689,0.5195982985660178,0.8591061581348353,0.9663070259765842,0.7514047030368424,0.9801605232328728,0.0400616243442214,0.0903383626429803,0.0738027270571645,0.9194085387110308,0.0239929733197646,2.8357295314430373
rgb_1720255719,bev_1720255719,10.641562435583468,-3.753559132337273,0.1215522166963989,-5.653385471677152,2.806224557797295,-0.7072694274580312,0.9680344710039016,1.041614472677779,5.938733996233324,26.89666165069156,3.5727282840019527
rgb_1694924565,bev_1694924565,0.8774009923301272,0.8215185428221756,0.9527507466096224,0.7224785870146787,0.448336335466716,0.964230897664267,0.2414375902099879,0.4524716555485411,0.3220894844064649,0.3807128022396748,3.500033265757633
s1_rgb,s1_bev,-3.6606355787802016,14.722955145118732,0.0,1.3756104726391776,-8.253908945440196,-0.6175917962277262,-0.635036496350365,1.170268535087009,14.857725000223368,84.91408184997937,0.0
rgb_1720231437,bev_1720231437,-7.248677008666737,5.3772569021832375,0.1555828414347174,-1.4911065625864932,-1.3439084309426337,0.4347927844178745,-0.3819712678686375,1.336572291809382,-25.22716229146629,54.29518276456376,2.5476127004370235
rgb_1720159551,bev_1720159551,10.559245757427522,-3.737722525189135,0.1210811265674365,-5.653385471677152,2.7370841154111645,-0.7148284133064555,0.9932443870953632,1.0413252706721718,-5.846200281965707,18.124249999189693,2.716921488813056
rgb_1694980721,bev_1694980721,0.0501563931420299,0.8471662021283776,0.4475947225707122,0.8234508512012542,0.5866739857750477,0.0498546687256579,0.478793436333945,0.554936728420312,0.2627960013788037,0.7242977934436914,5.908959612977685
rgb_1694943620,bev_1694943620,0.9418415991204068,0.6939224340951994,0.4752729055517063,0.5944982513363181,0.949054132989249,0.203256994044725,0.5966552056700918,0.259879958248703,0.2378832673567795,0.2421323083367335,3.4912813163546
rgb_1694981747,bev_1694981747,0.6432384341675084,0.909955159798975,0.3846529393863039,0.8545021808821573,0.4119752229436345,0.2440628941702298,0.4471197971843043,0.8725358438511188,0.6126983318319987,0.4246899049338049,3.5014227932559563
rgb_1720229054,bev_1720229054,-7.248677008666737,5.3772569021832375,0.1555828414347174,-1.4911065625864932,-1.3439084309426337,0.4347927844178745,-0.3819712678686375,1.336572291809382,-24.79417999303644,54.29518276456376,2.5457735823729464
rgb_1694910018,bev_1694910018,0.3199416639167265,0.508814578933747,0.7895741967027763,0.6662287258620383,0.6201455454021362,0.399165461328802,0.3154866414745557,0.0177528744892693,0.3180474944031837,0.4493109228439859,3.501286951009813
rgb_1694916740,bev_1694916740,0.5626888273420976,0.6219863142512004,0.886974653192825,0.4413056236595466,0.5949540378418982,0.6619443731693883,0.0730059514535944,0.4338753068571001,0.1573759910355685,0.8769357899240453,3.93220317044134
rgb_1694837925,bev_1694837925,0.1287850577044996,0.9156806057203574,0.0137610020876294,0.6885959815654821,0.5231354770765894,0.8043567650487449,0.6882495301006516,0.95492377439032,0.6594782778136037,0.9790971508309974,6.906429084435158
rgb_1720220650,bev_1720220650,1.6536143182217735,3.569052966879987,0.201267309932994,-4.396429596370485,0.4033902233501649,-0.8509599515441002,-0.0463307797706006,1.3849697528505196,-0.3467780098701922,80.1388737545123,3.640016444505963
rgb_1720129891,bev_1720129891,-11.330574485294374,-1.264957824893397,0.1596176792253844,1.4724921916567195,3.125395982328083,0.0889320323331193,-0.5572254224153955,1.0160248078432434,62.93371011288929,43.67257892722832,3.4651727280254883
rgb_1720218571,bev_1720218571,-7.248677008666737,5.3772569021832375,0.1590861960290758,-1.4911065625864932,-4.499658448136477,0.4347927844178745,-0.3819712678686375,1.336572291809382,-24.79417999303644,53.13590055189831,3.640016444505963
rgb_1720173856,bev_1720173856,19.014269186412378,-7.17444826903807,0.1889131838744273,-0.5666360572859066,4.904512639102606,-0.4066880256425307,0.9908007286291542,1.068988677352264,67.08524138718559,20.79159119386572,4.001173633806815
s1_rgb,s1_bev,0.2297931292763344,17.453927814615767,0.2848070321965365,6.95408781666227,-3.313703727476174,0.521687717531369,0.2579819685539721,1.0401715951389063,24.128716397038342,28.128378297458383,4.306648486805028
s2_rgb,s2_bev,-6.1716746105026825,4.432486610127524,0.1365503929428693,10.0,8.996335428586711,0.3534979139449099,-0.0987686693192224,0.995935046977332,-46.77828735739186,78.49878333258792,3.9727383270703327
rgb_1720144900,bev_1720144900,8.201514113411854,-3.753559132337273,0.1137815898492992,-5.653385471677152,2.806224557797295,-0.7072487850708685,0.9680344710039016,1.0332283211648312,-1.128638040251985,26.89666165069156,2.8184846955463034
rgb_1720175983,bev_1720175983,19.050687367058494,-5.551803891851698,0.1533477639552684,-1.7797697366855552,6.337287084745952,-0.5386945920196978,0.998795387124872,1.1933984143473415,60.47320480148196,21.52413301738192,4.001564234493624
s3_rgb,s3_bev,11.87561030803422,-3.7613982098150487,0.1078591132798512,-0.5673535041350329,-4.808173401737656,-0.6656750482539461,-0.4143195444944145,1.3009776582984782,89.24621322940973,9.715686178120963,3.29851610074216
rgb_1720211748,bev_1720211748,-7.248677008666737,4.399898988876011,0.1661375425244939,-1.4911065625864932,-1.3439084309426337,0.4347927844178745,-0.3819712678686375,1.336572291809382,-24.79417999303644,54.29518276456376,2.5504712657674373
rgb_1720140747,bev_1720140747,-11.330615939975514,-0.4517766327920753,0.1273933836963809,1.469330557220328,3.1290223994396094,0.4821422712576761,-0.5896807659688591,1.0159405160808568,83.40168906766289,43.67257892722832,0.0
rgb_1720174347,bev_1720174347,16.566965000651464,-10.000032145155997,0.1882232514530117,-0.5657765171384881,6.144651595718351,-0.3870717953602743,0.9920426563396234,1.0594613973180895,59.57068233422558,25.011359835128943,3.990581395627988
rgb_1694829552,bev_1694829552,0.0301828004783019,0.1160997292833646,0.7143475574387171,0.1164890494772938,0.6373389754871139,0.101838795927765,0.5904025495406074,0.1189348678510339,0.2152272059814569,0.6021447220729659,2.670989242412304
rgb_1694921469,bev_1694921469,0.73348039763263,0.698302855027882,0.0172657333311428,0.3964015830040219,0.5512438463422198,0.586768134803867,0.2674724897887289,0.3053574708142648,0.9099510319451972,0.1683198978939281,3.5024259421800785
s1_rgb,s1_bev,-3.6606355787802016,16.308627550863367,0.1573348336122097,1.3600383084898409,-3.98867478669116,0.2540932323688672,-1.0,1.170268535087009,90.0,35.46989953160345,0.0
rgb_1694979149,bev_1694979149,0.3276745814611032,0.2592831388996298,0.4855259097185378,0.7331189379147447,0.1899690424831118,0.878623951040254,0.907320747691263,0.364335534872776,0.7808371565605375,0.363187964416485,5.136180485120732
rgb_1720164052,bev_1720164052,10.567107447940703,-4.224616819109322,0.1214853680670798,-5.653385471677152,2.736241752754145,-0.7030073198020296,0.9680344710039016,1.0217464790931472,-1.1628921395584229,23.70322769892124,0.0
rgb_1694827875,bev_1694827875,0.8032911809216121,0.4364095205400892,0.9506390239808452,0.962225839173573,0.1004185992598182,0.7152046347789099,0.5009506480569482,0.0919508646222111,0.5630030968480884,0.2663734901828332,3.499840761662829
rgb_1720212146,bev_1720212146,-2.9819509706748164,3.217167720612654,0.1490833784625865,-5.846236849933122,-0.9199332935712494,0.5878339380885471,-0.0757464064976141,1.2931913815532348,9.780528348002209,87.3927595154704,3.640016444505963
rgb_1694903479,bev_1694903479,0.4384107675676685,0.0743647750350029,0.8282982132972481,0.4554418783973073,0.2541923841109164,0.9608515840927144,0.4824089262074831,0.1607304817228559,0.3021545041277041,0.0167186388497568,7.438446381677608
rgb_1720128280,bev_1720128280,-11.223957221597,-0.5595844629414444,0.1214552044115538,1.4724921916567195,3.154220744372793,0.4817587725412744,-0.6260523388797081,1.016058186743564,87.89077345005677,45.70668560328059,0.0
rgb_1720134273,bev_1720134273,-10.348613934741484,-0.4517766327920753,0.1571961733996361,1.4692425110112488,3.15871693075807,0.4862132259869667,-0.5896807659688591,1.015232247474021,87.89077345005677,40.82351216904837,3.206232932473553
rgb_1694873810,bev_1694873810,0.7277153045040743,0.1322889640783554,0.8140494650109255,0.2389199569996343,0.6816485591467347,0.7867530092415331,0.2568485476182253,0.0554881532284625,0.5454334519644864,0.9814156132949056,7.727722629323215
s2_rgb,s2_bev,20.0,-6.887396734480059,0.3,5.545577155157112,4.18782589761252,-0.9796483361184604,0.5189336268488274,1.4198560459834737,-65.48761990738134,0.0,0.0
rgb_1694897617,bev_1694897617,0.2894903767971759,0.8159899587612952,0.7534206207368516,0.1431624018469485,0.1123591819718361,0.1977758835631314,0.5013559052889536,0.1116636316347075,0.1528978898186163,0.3440251313050452,7.361472871667757
rgb_1694892042,bev_1694892042,0.7235264574740846,0.6197487794606992,0.0276445024166418,0.308862143926584,0.6965375150551683,0.3766276002649283,0.5961506260712485,0.4690256608951778,0.3379130528671757,0.9872993450912808,3.4943263424070032
rgb_1720258402,bev_1720258402,8.201514113411854,-3.753559132337273,0.1137815898492992,-5.653385471677152,2.806224557797295,-0.7072487850708685,0.9680344710039016,1.0332283211648312,-7.438801657087396,26.566356443132605,3.323147220252408
rgb_1694844262,bev_1694844262,0.544753135549165,0.0047301798426931,0.207651985150482,0.4223103003267979,0.1575097180000607,0.461515208128574,0.1281164722588464,0.5358922448193256,0.6558546341911798,0.1750987830372939,0.0
s2_rgb,s2_bev,8.782151998257536,-10.441553815886472,0.1734233910740375,7.705693677428722,8.123448579429386,0.6317236444244725,0.8489759705497977,1.2412589906264522,63.70300053723605,71.57891274338589,1.6794026776681183
rgb_1720217993,bev_1720217993,-6.995095460999943,5.3772569021832375,0.1594403355670541,1.180996717409336,-1.3505099633070683,0.4347743336207439,-0.4230180822347407,1.3085475193753746,-25.118951960728424,55.04401131043911,2.467758267284057
s1_rgb,s1_bev,-3.6606355787802016,8.899736968959381,0.0170842824601366,0.6261257433905351,-7.0007761133599935,-0.4544596591967312,-1.0,1.118140875512541,14.857725000223368,94.89412177013908,0.0
rgb_1694870808,bev_1694870808,0.3793933098136866,0.7075968025222481,0.2880798301777095,0.2970088528411545,0.4806323833704731,0.1810518173508212,0.8990217445640046,0.9653908086491756,0.0521582260590327,0.7032266469140639,3.499993959070691
s2_rgb,s2_bev,20.0,-17.493457340540665,0.3,6.686153146032503,6.599168196370439,-0.9796483361184604,0.5189336268488274,1.4123487031700288,-56.36907887394671,7.852148388879392,1.5052362767579222
rgb_1694842580,bev_1694842580,0.6641506367898871,0.3661517212885301,0.3139858399439639,0.2012380588800078,0.3210343227748924,0.5430760599162626,0.7883564754372367,0.7346739101976236,0.0788927998936881,0.6785934349305074,6.251870688217401
rgb_1720138936,bev_1720138936,-11.130915920702687,-0.4517766327920753,0.1594335724544585,0.7998549023633377,3.1699498795432284,0.4818972151396461,-0.6331568154488246,1.0151231086172496,87.89077345005677,43.72858807408102,0.0
rgb_1720262236,bev_1720262236,15.352166524588952,-3.753559132337273,0.1222596089236011,-5.653385471677152,2.817678238476088,-0.7072694274580312,0.983830626926899,1.041614472677779,-0.5817686557802091,20.426014225845528,0.0
rgb_1720245935,bev_1720245935,-10.9880513512997,-0.757238453545849,0.1291513739183558,1.479333738145165,3.3270342492838534,0.4814799234042284,-0.3556311681348804,1.0150769995101374,87.89077345005677,46.56808350254997,0.0
rgb_1694952748,bev_1694952748,0.0008934943245156,0.2870755981256785,0.6201326854855269,0.6080101636721755,0.7494859901174306,0.7256619117194175,0.04872915399759,0.2266137347368262,0.5503710278461919,0.3252390221817679,0.0
rgb_1720149188,bev_1720149188,8.852649461323683,-3.753559132337273,0.1210236222499938,-5.653385471677152,2.7917401484212,-0.7072694274580312,0.9680344710039016,1.0393841478547652,5.938733996233324,18.49954195682225,3.5581956199281257
s1_rgb,s1_bev,-3.6606355787802016,8.899736968959381,0.0178997613365155,-0.4493910882174194,-7.0007761133599935,-0.3992110404122008,-0.5994139474710578,1.1895903016485234,7.110782439405185,89.90783965272594,0.0
rgb_1720163186,bev_1720163186,10.559245757427522,-3.705613458518009,0.1210811265674365,-5.653385471677152,2.7370841154111645,-0.7067462280240802,0.986880947229284,1.0315888265909865,-1.1628921395584229,18.124249999189693,0.0
rgb_1694923855,bev_1694923855,0.7585139398340268,0.6825594562596933,0.1490477384598402,0.5640014102959954,0.0470186559810367,0.282337452271184,0.6598529818911602,0.3690190040185375,0.1685418645657864,0.664204490339331,5.465788959031443
rgb_1720221877,bev_1720221877,-7.24779469466424,5.3772569021832375,0.1593954299281511,0.5313558615910168,-1.4839293981122168,0.4347927844178745,-0.3703865234525104,1.3680684667188896,-24.79417999303644,43.09914393665117,2.55565140289377
rgb_1694946286,bev_1694946286,0.70416344013384,0.983512013528836,0.3977805106496194,0.1255162244893511,0.5286404312662426,0.65054025470927,0.6416842200027644,0.5296190700288472,0.1484821323932398,0.2815293413712227,4.885530079475485
rgb_1720213290,bev_1720213290,-7.25641760524049,5.703800938823569,0.1594719556325411,-0.273568128907101,-1.0827810167020466,0.425876030227752,-0.1193215435535137,1.3381974595449138,-24.969885109743657,54.27517188265969,3.532486609016455
rgb_1694874762,bev_1694874762,0.6145147289838527,0.2808383899921985,0.5392941389041965,0.2222871028875425,0.6393750468225111,0.8645413092819616,0.8088884281487623,0.7386204281043726,0.5433353945288272,0.104875924108582,7.614472318011183
rgb_1720173369,bev_1720173369,16.181126039801185,-10.616257658342274,0.1942109688036148,-1.237593306544472,7.522521479733342,-0.2948940252157968,0.7062396729467832,0.9648107595202235,40.054366843016965,35.230262541396144,3.9935682334594143
rgb_1694828744,bev_1694828744,0.7000985098308389,0.6038945048223604,0.2180869614257035,0.5535418269541075,0.5751644839189364,0.9840430726447278,0.0943663427341618,0.9425492912970974,0.1192643563088019,0.2730976733042738,7.700127261799357
rgb_1694976463,bev_1694976463,0.3134496094400042,0.4268871911043019,0.2420953144546382,0.9062282824070796,0.6249927943199592,0.1985210491018318,0.6410532407800914,0.0799077998816248,0.89931216996466,0.8357675183955205,5.571014130990091
s1_rgb,s1_bev,-0.4465856713196956,12.463107347371375,0.2847997494888139,6.3513801901618265,-1.7982072195951735,0.6490354498984134,0.2745314826706022,1.0393938687447215,29.55294394648916,32.68112095082935,0.0
rgb_1694915036,bev_1694915036,0.1334331228327452,0.8734655907030547,0.2508314784959148,0.8113444396937838,0.4860722575237336,0.6231376979128589,0.914073666546717,0.9068526805087606,0.269160920256687,0.5390670721039706,7.633437029844909
rgb_1694872955,bev_1694872955,0.2740327922533212,0.1694141178090566,0.2177337113570158,0.4839274582467264,0.1166629987902134,0.0899439697291869,0.8074382620930222,0.2210385266573883,0.9346297575341732,0.041842000533244,3.5006851941264485
rgb_1694981531,bev_1694981531,0.0320920718839861,0.8226199604605193,0.2047222332358087,0.558213047996191,0.6753170759955641,0.2751578565203212,0.2586591580827727,0.958343392039159,0.2249500558636521,0.8063109106589516,7.53206093494271
rgb_1694984698,bev_1694984698,0.5807789614445995,0.6874012529537595,0.6198850482674323,0.5445566004729846,0.7594248092806537,0.6138642711987811,0.6797011350780119,0.3893359528608627,0.7744650175251315,0.971069382745071,2.892347872910804
s2_rgb,s2_bev,20.0,-6.887396734480059,0.3,6.686153146032503,-5.618214407104106,-0.9796483361184604,0.5189336268488274,1.43,-54.36200908394686,47.2221021166708,3.94093448662395
s2_rgb,s2_bev,18.92656233748623,-14.160124007207331,0.0886436222692316,8.484980606385927,8.911924362158716,-0.2587590044980323,0.3340020249300277,0.963082470969002,-24.578528998290444,3.2565601535852746,2.836585285997632
rgb_1720175038,bev_1720175038,19.94908988122119,-13.935473918849354,0.1928931996616365,-1.1950969171090833,7.54818930223006,-0.2948940252157968,0.6963229599349268,0.9584358093758876,50.26945019278864,33.85720597777279,3.996197372241818
rgb_1694920501,bev_1694920501,0.5098280146068509,0.740190168859163,0.964940800929286,0.0970427085227815,0.2262369251372307,0.7769651339473865,0.8767951203868558,0.4795618130325294,0.8745463089460054,0.6645986428524525,7.000664375339739
rgb_1720154839,bev_1720154839,10.559245757427522,-4.224616819109322,0.1214279542931493,-5.653385471677152,2.736267954855464,-0.7147044094512425,0.9680344710039016,1.031699742690982,-1.1628921395584229,23.70322769892124,0.0
rgb_1720186514,bev_1720186514,18.665224611455315,-10.018265873538684,0.1802960247774182,-0.5665585033037281,6.144651595718351,-0.3867587647656859,0.9919544647242748,1.0640552856248064,66.44990700538543,24.838286193186374,3.981129241157171
rgb_1720222496,bev_1720222496,-7.248677008666737,5.3772569021832375,0.1593954299281511,-1.4911065625864932,-1.3439084309426337,0.4347927844178745,-0.3819712678686375,1.336572291809382,-24.79417999303644,54.29518276456376,2.514321295238525
s1_rgb,s1_bev,-3.6606355787802016,20.0,0.0,1.3756104726391776,-10.0,-0.3112444783875654,-1.0,1.170268535087009,14.857725000223368,94.89412177013908,0.0
rgb_1720149946,bev_1720149946,15.63332468628851,-3.753559132337273,0.1210857163375723,-5.653385471677152,2.808352166618453,-0.7072694274580312,0.95279014322757,1.015048687583355,-0.3801872643798987,18.55067652781065,2.77290329886591
rgb_1694901061,bev_1694901061,0.9416628164104448,0.0071241793284168,0.3115045303221078,0.2873880355125543,0.6997092474790569,0.5043428562130049,0.902344821408578,0.4162696789990456,0.5644386785680078,0.3119587519935008,3.49990525364278
rgb_1720165794,bev_1720165794,8.201514113411854,-3.753559132337273,0.1137815898492992,-5.653385471677152,2.806224557797295,-0.7072694274580312,0.9680344710039016,1.0205562973093425,-0.9861387631959816,26.89666165069156,3.079729579427469
rgb_1694904225,bev_1694904225,0.4700564048311491,0.6219734198758288,0.2939822139475424,0.4229463946502012,0.039422090251736,0.6019626342071623,0.8869261885407683,0.1100905726270884,0.1971629554624954,0.737397450493867,0.0
rgb_1694946190,bev_1694946190,0.6855162997519666,0.6763003307349532,0.7578603467851529,0.914122805393978,0.3958696506846442,0.8229646786849237,0.3171019545148845,0.5328411908858207,0.8034703898877457,0.5770674501652682,3.4999855144780523
s3_rgb,s3_bev,11.875609626948387,-3.089319718988313,0.1075278212954377,-1.77820265929663,-4.808866148459842,-0.6656750482539461,-0.2786885703217121,1.3009161849585087,89.24621322940973,9.383677589112915,3.0211451155299964
rgb_1694921690,bev_1694921690,0.186297331218143,0.8225946520310002,0.8865869688202573,0.8698548775942964,0.2025284809776769,0.1841529801728254,0.1364890398594107,0.2537688374980199,0.6124206563537129,0.1548183097162712,3.498218232026714
rgb_1720243852,bev_1720243852,-11.217705343059915,-1.2549635535758554,0.1596176792253844,1.4724921916567195,3.125231707262337,0.4816964274428097,-0.5572254224153955,1.0160248078432434,88.09525823890175,43.67257892722832,0.0
rgb_1720178334,bev_1720178334,18.908876617515105,-10.018735146728288,0.1915587903961374,-0.5665795228090484,6.473062442017103,-0.3868542041727874,0.993097466457154,1.1048256175303806,67.47155189516417,24.9128763526998,3.9931279052244064
rgb_1694839210,bev_1694839210,0.9199757568033096,0.801808320141584,0.7715122922193245,0.8631783082338795,0.7450506382265858,0.6595297242397841,0.1929115568260151,0.8921136154330702,0.2383221171280515,0.9731219454468372,3.501286951009813
rgb_1720126911,bev_1720126911,-11.213425241193988,-0.5869005979661566,0.1602197081940571,1.4692887616385626,3.1270223189899227,0.4812740241672948,-0.4401263668660845,1.0159618568071709,87.68058922213686,43.68694967195545,0.0
rgb_1694912370,bev_1694912370,0.8956579193163232,0.8152189363189627,0.2319915757911554,0.6920989454271474,0.370964170371311,0.3321737192968378,0.4529441255899566,0.648272608431736,0.1059788056220868,0.3504580117503006,0.0
rgb_1720215902,bev_1720215902,-7.248677008666737,5.3772569021832375,0.1594781990645528,-1.4911065625864932,-1.3439084309426337,0.4106666609353564,-0.3819712678686375,1.336572291809382,-24.79417999303644,54.29518276456376,2.4070011445890245
rgb_1720146572,bev_1720146572,15.352166524588952,-3.753559132337273,0.1222460983964821,-5.653385471677152,2.813920775114936,-0.7072694274580312,0.95259881287326,1.0113515361941396,-0.6569460703792345,19.87011745693633,3.709757109921088
rgb_1720129046,bev_1720129046,-11.331175495668468,-0.4517766327920753,0.0936181179227836,1.4724921916567195,3.162287185014584,0.4814799234042284,-0.5462214903256783,1.0088682761859795,87.89077345005677,43.67257892722832,3.712410064454378
s3_rgb,s3_bev,11.87561489134652,-3.983405340639564,0.114916606474796,-2.817185974943364,-4.458628537668599,-0.1484044986770651,-0.3021638626315493,1.3074862190926415,89.81754450074446,20.79088354066544,3.2983232715050645
rgb_1720162472,bev_1720162472,10.749760035193404,-4.829336618867838,0.1210811265674365,-5.653385471677152,2.817981500869722,-0.492450331722876,0.9680551897516504,1.031699742690982,-17.288167842004697,23.292097821757952,0.0
rgb_1720248897,bev_1720248897,-11.331175495668468,-1.2549635535758554,0.1596176792253844,1.4725560206745405,3.15871693075807,0.4862132259869667,-0.4441822991748194,1.0160248078432434,87.89077345005677,43.672539298598494,0.0
rgb_1720253300,bev_1720253300,8.107236512488292,-2.390375740071057,0.0474750123907926,-9.05948113605345,-6.119371527721455,-0.8982104084947553,-0.4119832707140239,1.1363621827133434,-21.72182675980945,63.76803815986064,4.8621511427684805
rgb_1694918513,bev_1694918513,0.542865506660782,0.2092015332049289,0.1485616982954984,0.373856612578289,0.3613860343671764,0.4554166000819181,0.1222378119371327,0.7821396950114525,0.4359728799459438,0.4189043150515547,3.499943329612361
rgb_1694828151,bev_1694828151,0.0777498179912372,0.2830449356209927,0.7506808967291566,0.9350860700048944,0.4633861239412399,0.5814168569778793,0.7937623272029429,0.7577998647454111,0.0118447236538088,0.1857798085052371,6.643155940419871
rgb_1720212581,bev_1720212581,-7.245102903468055,5.3772569021832375,0.1594719556325411,-1.5296412296307569,-1.468741528492858,0.4339158021358407,-0.2108396672666603,1.3439225007127418,-24.75677540877024,54.27517188265969,3.4044203277412817
rgb_1720247417,bev_1720247417,-11.213425241193988,-0.4517766327920753,0.1238012914251377,1.4692887616385626,3.1699498795432284,0.4814799234042284,-0.4401263668660845,1.0150769995101374,88.98187721623617,43.75437700508703,0.0
rgb_1694907033,bev_1694907033,0.1868453110604211,0.6281737764014008,0.8219417768054178,0.5855219595547503,0.78435900118327,0.4259564387788969,0.4315535376132584,0.2522851702553598,0.3749290503150282,0.5050546680838347,3.5000792832876537
rgb_1720262087,bev_1720262087,14.920470979809714,-4.224616819109322,0.1059456292298101,-5.653385471677152,2.818545801558068,-0.7147044094512425,0.9497796280050153,1.0307489977202815,8.874144304050091,21.95846905128509,3.6236599092348496
rgb_1720169358,bev_1720169358,14.590346483331544,-10.753254092254103,0.1809420246235931,-1.238816307104532,7.07226336150417,-0.3752248672483729,0.7971523819586148,1.065305102798906,54.779990609415705,22.28391109845833,3.03920535535807
rgb_1694944100,bev_1694944100,0.7715203146897267,0.2875931681956198,0.5401678200115472,0.8693182269509288,0.8567998076823552,0.0352212885784467,0.1198296652578704,0.4106300007572085,0.7823166284815709,0.2225000039733845,5.5584185146085945
rgb_1694982760,bev_1694982760,0.0204958570896519,0.825017062319101,0.7169618005487552,0.8356960004929561,0.9925330643705756,0.116479716589099,0.4182172913607508,0.6940231506968109,0.290427887920643,0.9700680826041734,6.809437053507208
rgb_1720164463,bev_1720164463,8.777290769769735,-3.9920720254302857,0.071201984195933,-2.6477639774721045,-7.344801064415542,-0.7072694274580312,0.9852741227600296,1.1397454286771744,13.044497149570772,20.15849136974795,4.804372915214085
rgb_1720260860,bev_1720260860,16.04687846846008,-4.224616819109322,0.1214279542931493,-5.653385471677152,2.733853589108165,-0.7136196169869027,0.9680344710039016,1.041740867637942,-0.6785398129087667,20.00849827713612,0.0
s1_rgb,s1_bev,-0.6223575120678575,11.385643646815844,0.2774852224688145,6.362025568890296,-1.4674748511805706,0.6441631025105925,0.2765006991703665,1.0393938687447215,39.480354770582544,26.04883698006677,0.0
rgb_1720159915,bev_1720159915,10.74441559745189,-3.720790309874271,0.1210811265674365,-5.653385471677152,2.8011926353280963,-0.7449274313098486,0.988187253228714,1.0426023642264193,-1.1628921395584229,22.95179994307881,3.583190714474119
rgb_1694909860,bev_1694909860,0.1671683886512126,0.9288255575595366,0.0955355460382415,0.4486386445615525,0.590793301614383,0.6555330459765433,0.9743603360645136,0.6315336232934937,0.9246326923243507,0.7544818118763924,5.813647505747501
rgb_1720160220,bev_1720160220,9.034183849678044,-3.753559132337273,0.1210818256128741,-5.653385471677152,2.809336066444573,-0.7072694274580312,0.9680344710039016,1.0416193053216356,-0.3928209132150044,18.17267759271854,0.0
rgb_1720226590,bev_1720226590,-7.30951615439732,5.3772569021832375,0.1670776771862576,-1.6851215764795595,-1.3504506043462785,0.4347933696832196,-0.3811844828117303,1.3356201360101272,-25.118951960728424,58.81138463363085,2.4940017363485296
rgb_1720268560,bev_1720268560,10.559245757427522,-4.224616819109322,0.1210811265674365,-5.653385471677152,2.7370841154111645,-0.7147044094512425,0.9680344710039016,1.031699742690982,-1.1628921395584229,23.70322769892124,2.8218637607559085
rgb_1694949951,bev_1694949951,0.0110714383621733,0.5739216226890912,0.9268386203487978,0.6743089980565703,0.9640762579007418,0.6166297070748722,0.5640256248270776,0.3537840140289894,0.3348043049626746,0.4714033791652111,3.499940881695593
rgb_1720215502,bev_1720215502,-7.25641760524049,9.270052073387536,0.1594719556325411,-0.3211629733135126,-1.4927890777860924,0.425876030227752,-0.1297954346770491,1.3238033825026616,-24.969885109743657,48.690308534345775,3.530738151748723
rgb_1694903557,bev_1694903557,0.7370678461406736,0.502987790753189,0.1205833884769645,0.346359582030656,0.7028584335887841,0.2696071363203582,0.1896423720616611,0.2920011212917399,0.0689168602294627,0.4111156051276554,0.0
rgb_1694947729,bev_1694947729,0.3068183694600279,0.3049202860982527,0.3693028347035991,0.0880222541847387,0.29036929913458,0.629749483191907,0.9260903090355964,0.5935048527614406,0.3196921307853047,0.1145304448650468,7.650764468371461
s1_rgb,s1_bev,-0.6876201176887804,13.579568082366812,0.2774126215550728,6.3513801901618265,-1.7982072195951735,0.6715287476852849,0.2395568957136502,1.0393938687447215,29.55294394648916,32.68112095082935,0.0
s1_rgb,s1_bev,-3.6606355787802016,14.722955145118732,0.0024421012718192,-9.4014816425737,-9.166317704564284,-0.4544596591967312,-0.7329475257452798,1.170268535087009,14.857725000223368,100.0,0.0
rgb_1720153353,bev_1720153353,15.352166524588952,-3.753559132337273,0.1222596089236011,-5.653385471677152,2.8057053936125413,-0.7072694274580312,0.9705267302688958,1.041614472677779,-6.522025962071993,34.271954648761366,3.691805890931053
rgb_1720265351,bev_1720265351,10.641562435583468,-3.753559132337273,0.1215522166963989,-5.653385471677152,2.806224557797295,-0.7072694274580312,0.9527192497793382,1.041614472677779,5.938733996233324,26.89666165069156,3.566558815615321
rgb_1720233718,bev_1720233718,-11.330615939975514,-0.4517766327920753,0.1276907565549564,1.469330557220328,3.122327310775839,0.4821422712576761,-0.5896807659688591,1.0148785429144207,75.79262813986625,43.67257892722832,0.0
s1_rgb,s1_bev,-0.4473262133735574,17.463218031426994,0.2773894855158774,6.537207009057371,-3.074284227170498,0.432837142803353,0.2610526912429114,1.0393938687447215,29.55294394648916,26.72566000792429,4.165942710766072
rgb_1720267729,bev_1720267729,16.189610963444437,-2.7137322114777724,0.1215520228934662,-5.653385471677152,2.341713968418296,-0.7072694274580312,0.9680344710039016,1.0416149296730677,-1.2655696560400855,10.19185516336025,0.0
rgb_1694921256,bev_1694921256,0.8475632212088113,0.614725146568145,0.3364446442546008,0.9831656615954164,0.4248561118554641,0.7372290269279401,0.5503746303862069,0.4002001805321887,0.5342791278883289,0.5340691876719872,6.13031265553005
rgb_1720257640,bev_1720257640,10.53609853046438,-3.753559132337273,0.1215522166963989,-6.149109592506115,2.806040729344277,-0.984652995756158,0.9680344710039016,1.039507863949698,-0.8758334200807667,26.89666165069156,3.564404741907636
rgb_1720185070,bev_1720185070,18.67261244911729,-10.020855214345303,0.1982429169865616,-0.053505913265889,6.144651595718351,-0.3843397905594879,0.9919493470181032,1.0633385189773277,65.21831736671342,25.777316425023027,3.9986723660881385
rgb_1720137892,bev_1720137892,-11.330615939975514,-0.4517766327920753,0.1276907565549564,1.469330557220328,3.122327310775839,0.4821422712576761,-0.5896807659688591,1.0148785429144207,63.05133444110143,43.67257892722832,0.0
rgb_1694867877,bev_1694867877,0.8243640089359294,0.4344783622047933,0.2318060527710403,0.5992099767609197,0.723500957596106,0.1463504359496954,0.3571315855726029,0.2075359727032878,0.8458566632612573,0.8227718467926546,3.4999871886118767
rgb_1694844354,bev_1694844354,0.0685992191346742,0.0932086172044642,0.0626043506721096,0.1864160700160267,0.1179098157249591,0.5887070325886432,0.5374324643892272,0.3507349793664047,0.9921060610026136,0.938005493892476,0.0
rgb_1720179057,bev_1720179057,18.36657846486642,-10.771043850240758,0.1928813897113866,-1.2002076824857646,7.087519524056834,-0.2959146342423521,0.7062764054926247,0.9584358093758876,49.278974432660505,35.23307093631966,3.994738371430655
rgb_1720241130,bev_1720241130,-16.388135681328823,-1.2549635535758554,0.1630154143910701,1.6731653250064031,3.15871693075807,0.5143647501317774,-0.5896807659688591,1.0095864034134794,87.89077345005677,43.67257892722832,3.779074198241592
rgb_1720224300,bev_1720224300,-7.248677008666737,5.3772569021832375,0.1555828414347174,-1.4911065625864932,-1.3439084309426337,0.4347927844178745,-0.3819712678686375,1.336572291809382,-24.79417999303644,54.29518276456376,2.544347835781842
rgb_1694981206,bev_1694981206,0.6591207176325491,0.9864603170387838,0.5658648382851741,0.7919628493083907,0.7384569788870743,0.5823978779416734,0.6504062004438208,0.0223047762554049,0.0689934185970838,0.4454636551628251,7.659060895958101
rgb_1720131178,bev_1720131178,-11.331175495668468,-1.2549635535758554,0.1596176792253844,1.4724921916567195,3.125395982328083,0.4862132259869667,-0.5572254224153955,1.0160248078432434,75.44904935038792,43.67257892722832,0.0
rgb_1720163289,bev_1720163289,8.201514113411854,-3.753559132337273,0.1140281464276599,-5.653385471677152,2.8062122453087195,-0.7072694274580312,0.9680344710039016,1.042297286945952,1.0612256351742957,26.89666165069156,3.550041217631855
s3_rgb,s3_bev,3.965124246143468,6.569626178477192,0.0487718041338835,8.61111111111111,-4.67219308106352,-0.3757395824262324,-0.7262624258328381,1.43,13.146147956345803,92.0539592858546,3.9239241087584986
rgb_1720247616,bev_1720247616,-11.331175495668468,-0.4517766327920753,0.1596176792253844,1.4724921916567195,3.15871693075807,0.4814799234042284,-0.5454620192414873,1.008446243674747,87.89077345005677,43.67257892722832,0.0
s1_rgb,s1_bev,19.017989264616173,-2.5219599752145108,0.1557414503287661,7.2749365108279695,1.903762407401184,0.7245263066551033,0.7715133492608179,1.062561270388948,-10.291793096836912,42.6351177164964,4.92209949175478
rgb_1694838110,bev_1694838110,0.5638103623930074,0.9623656620936244,0.9387229161682872,0.101085190077682,0.2835010945469337,0.0306392208354761,0.0235366867405784,0.09330665828721,0.2711918874701061,0.3173237486320496,3.500627865444716
rgb_1694839576,bev_1694839576,0.1644221552937959,0.4105894655352381,0.669891529419988,0.9822069059130568,0.5337665583292054,0.6904943365287103,0.8717211387826398,0.6794602688076073,0.8400885954603332,0.8940983525382703,3.4992248291947368
rgb_1720172574,bev_1720172574,19.642942148876664,-4.249034233752342,0.1729419757146139,-0.676448385816597,4.985404036320302,-0.4465285367255255,0.998814330498894,1.193576320187132,60.47320480148196,17.514048437096946,4.000326242570548
rgb_1694834082,bev_1694834082,0.0183788767570839,0.9021103641836132,0.8831427822634735,0.0835963219732217,0.3433290026152727,0.2596962495133225,0.0580788019852187,0.86000398356845,0.7280801696260835,0.9575969824310394,3.5000831120961644
rgb_1720161851,bev_1720161851,7.820334475048099,-4.155623720139477,0.1137815898492992,-4.1995328739037046,2.806224557797295,-0.7034303142383056,0.9680344710039016,1.042427894970179,-8.000529210711349,19.928029985663777,0.0
rgb_1720222892,bev_1720222892,-7.248677008666737,5.475258594207823,0.1763699984907097,-1.4911065625864932,-1.3439084309426337,0.4347927844178745,-0.3819712678686375,1.336572291809382,-24.79417999303644,54.29518276456376,2.545544374299832
rgb_1694950611,bev_1694950611,0.0557965875319844,0.1572312687602086,0.6193771260708054,0.433660534336744,0.6499702199371942,0.3935367919465282,0.8229261109301098,0.0820115167762475,0.7168362246810698,0.0022626853479942,5.818384246110341
rgb_1694867793,bev_1694867793,0.5153245381106227,0.7563790283451173,0.4488227682352655,0.6865927895543382,0.1253562469895653,0.017495493605298,0.6805569634325579,0.9555679122170916,0.4272637808894801,0.5755018489295664,4.0609673980645375
rgb_1720269433,bev_1720269433,10.559245757427522,-3.761183660553325,0.1214279542931493,-5.653385471677152,2.7337051640816448,-0.7147044094512425,0.9680344710039016,1.0323016105028051,-1.1628921395584229,26.87648991649283,0.0
rgb_1720168228,bev_1720168228,14.590346483331544,-10.753254092254103,0.1861580866920814,-1.238816307104532,7.05247890637148,-0.3752248672483729,0.7972425672474139,1.064815997785466,54.779990609415705,22.28391109845833,3.996525682136281
s1_rgb,s1_bev,-0.4475119299564341,8.047257445290331,0.2848071615236116,6.351220062190308,-3.025037607349984,0.6149455704536517,0.2495522524063336,1.0393938687447215,36.55364577678503,26.648458739795583,3.5806618792188982
rgb_1694954852,bev_1694954852,0.5812517020035195,0.4871160587853348,0.593535238141233,0.9537821882863986,0.8158136157767564,0.5981312762263011,0.9143319762848948,0.2979443622068606,0.0886418036354095,0.0319478136727371,3.5001084194356853
rgb_1694975643,bev_1694975643,0.7716320969689954,0.6115426955798473,0.4059706104396275,0.1155526274799947,0.2732194619947662,0.923683361314138,0.4928327457737073,0.6290696763526225,0.1894266195161906,0.9038804158682814,5.883113784107252
s1_rgb,s1_bev,-0.4473262133735574,17.463218031426994,0.2848951181321486,6.5315535097328485,-3.0645953320742905,0.6715287476852849,0.2107045569302936,1.0393938687447215,29.55294394648916,28.36072336575184,0.0
rgb_1720155508,bev_1720155508,10.567107447940703,-2.665748485168443,0.1214853680670798,-5.653385471677152,2.737050278794726,-0.706812878244375,0.9680344710039016,1.0217464790931472,11.928237532321504,19.7298385402778,3.580277270025558
s3_rgb,s3_bev,4.662032825444476,6.563135032400439,0.2686739514149359,-3.2549449737132763,1.9074307955993104,0.1775107633552337,-0.7262624258328381,1.4275694160548416,8.174902676275906,35.61154547433586,3.382822953173775
s1_rgb,s1_bev,-0.6817703931435837,12.49475749552802,0.2848071956340013,6.488215665430322,-2.5465037433669733,0.6490095348492575,0.2785074064079382,1.0393938687447215,27.21121929972921,25.62658971433532,0.0
s3_rgb,s3_bev,8.432638211569596,-3.204642083281147,0.1078591132798512,-1.793224972396395,-4.808880564098994,-0.6656750482539461,-0.4143195444944145,1.3009895605652568,89.24621322940973,9.383677589112915,4.876858068082543
s3_rgb,s3_bev,8.305623555539581,4.0186057703139255,0.0487718041338835,10.0,-3.625072662215352,0.1775107633552337,-0.7262624258328381,1.4275694160548416,74.22436459246273,82.51197455303017,0.0
rgb_1694924018,bev_1694924018,0.2259934884029618,0.6987872150435299,0.4147535267531382,0.1976423568355885,0.9693201774041234,0.2111273935322305,0.7056703122567398,0.201553187437659,0.1539327433137626,0.5293463168711872,4.830735875985071
s2_rgb,s2_bev,20.0,-6.887396734480059,0.0886436222692316,6.686153146032503,6.429978363980233,-0.9796483361184604,0.5189336268488274,1.3722050461141122,90.0,3.2565601535852746,0.0
rgb_1694985316,bev_1694985316,0.4193537740577369,0.4042073440565685,0.9281636360737416,0.1911353818090629,0.2013935688674315,0.6397622745483081,0.6887382319308936,0.3901844785951633,0.6584136597059203,0.6429346040143161,4.687401572845123
rgb_1694978050,bev_1694978050,0.553578794221946,0.0956221517862877,0.1300099709780829,0.558861161018453,0.67805314155716,0.6552409551843187,0.8499248267143241,0.7270275489372727,0.4687138692157003,0.7284715778401378,7.553716452441825
s2_rgb,s2_bev,8.484383855046318,-12.831746223375282,0.1734446166792478,7.716476422755193,8.155460595051128,0.6387114181377198,0.981358053730887,1.2386494372851629,81.52450023920069,71.46331251449816,0.0
rgb_1720129488,bev_1720129488,-11.331175495668468,-2.4561710528827554,0.1596176792253844,1.4724921916567195,3.1539490282069487,0.4814799234042284,-0.5427369500286723,1.0088682761859795,87.89077345005677,45.84801587573356,0.0
rgb_1694948618,bev_1694948618,0.9160424412854632,0.3637210794992455,0.0511498309279544,0.5015990881926763,0.0326264865129087,0.3054176583809834,0.0753474568332062,0.5366890430981635,0.2625613372208774,0.3659378323766072,4.630001860536011
rgb_1720167802,bev_1720167802,10.559245757427522,-3.737722525189135,0.1370922165801439,-5.653385471677152,2.7370841154111645,-0.7067462280240802,0.988187253228714,1.0413252706721718,-1.1628921395584229,18.124249999189693,0.0
rgb_1720133709,bev_1720133709,-11.33979278027537,-0.4517766327920753,0.1393804991190094,2.5426379605844964,3.119129542837678,0.4821422712576761,-0.4629328552340617,1.0148785429144207,72.4600792351415,43.67257892722832,3.250891301337818
rgb_1694923004,bev_1694923004,0.2821076353597043,0.5033255984182705,0.3916140486475062,0.4097923374945534,0.3741077790425111,0.7711316503999153,0.5987404723445389,0.5956243107796622,0.2041381371310712,0.4358838370214277,3.4992248291947368
s2_rgb,s2_bev,8.428803826865465,-13.078267313869183,0.1734642758379119,7.705518075723376,8.129396100099193,0.624463506388439,0.9735967057891732,1.2411379624763983,60.64111957417137,76.67343867472016,0.0
rgb_1694981695,bev_1694981695,0.577481370074825,0.6336968142258919,0.5188106014731481,0.60830741875141,0.898223944722873,0.3708756441039659,0.88060180632806,0.589007347855232,0.9270235176241708,0.0663490632527159,3.9121208716864926
rgb_1720230288,bev_1720230288,-7.248677008666737,5.3772569021832375,0.1537796826267916,-1.4911065625864932,-1.3439084309426337,0.4574004508921911,-0.3819712678686375,1.336572291809382,-24.79417999303644,54.29518276456376,2.589386294744508
rgb_1694879076,bev_1694879076,0.4428405461260727,0.8704696730428507,0.7698072941792728,0.455084317018515,0.4331683273531884,0.5707810519847616,0.9084957563183746,0.6521071116586038,0.0701298433222652,0.7832436051882045,7.441816846646594
rgb_1694906539,bev_1694906539,0.862102868091801,0.4706279226125218,0.6938020544779506,0.8935487888634743,0.6411010636057493,0.1259864795582661,0.5701235863229327,0.3172309311037997,0.0251254876961639,0.459451198352642,3.5023304504088406
rgb_1720163537,bev_1720163537,15.299006537733192,-2.7137322114777724,0.1215520228934662,-5.653385471677152,2.806246818046919,-0.7072694274580312,0.9680344710039016,1.0429760454304466,-5.892407127841452,19.859801608823044,3.8465539629222376
rgb_1694839856,bev_1694839856,0.1352973719334109,0.5871705117431893,0.8794033158323504,0.6257105389233473,0.415767850213628,0.4977363242272643,0.7477701660137176,0.5905307948105074,0.5774905571915673,0.7632610944809841,3.499948449718447
rgb_1694980721,bev_1694980721,0.0501563931420299,0.8471662021283776,0.4475947225707122,0.8234508512012542,0.5866739857750477,0.0498546687256579,0.478793436333945,0.554936728420312,0.2627960013788037,0.7242977934436914,5.908959612977685
rgb_1720146825,bev_1720146825,7.600220697067893,-3.737722525189135,0.121461604708089,-5.653385471677152,2.736187603410709,-0.7067462280240802,0.9675416175038458,0.951151615377771,-0.706137741555338,23.26701986048535,0.0
rgb_1720253654,bev_1720253654,15.492821743189104,-3.5568048653593785,0.1215642418533542,-5.653385471677152,2.817981500869722,-0.5354927462543538,0.9680551897516504,1.031699742690982,-1.141036072183553,23.292097821757952,3.6198869023058418
s1_rgb,s1_bev,-3.6606355787802016,14.722955145118732,0.0170842824601366,1.3756104726391776,-9.166317704564284,-0.4544596591967312,-0.8875772906127037,1.3823927680625645,14.857725000223368,100.0,0.0
rgb_1694982531,bev_1694982531,0.0071976768421294,0.8233841931699566,0.1540890095895153,0.6562833125328232,0.8649592405872282,0.8378038368539408,0.8631445718067162,0.2557752731624538,0.9087202321115562,0.0887964832575989,5.179914383392707
rgb_1720261268,bev_1720261268,15.52851768297647,-3.753559132337273,0.1223248101372512,-5.653385471677152,2.7348756819191973,-0.7072694274580312,0.95259881287326,1.041614472677779,-0.7071153476122021,17.994321086751956,0.0
s1_rgb,s1_bev,-4.8437175072037455,20.0,0.0170842824601366,-0.4493910882174194,-9.049770465535696,-0.6175917962277262,-1.0,1.1895903016485234,14.857725000223368,94.89412177013908,0.0
rgb_1720170684,bev_1720170684,19.117523459605373,-5.551803891851698,0.1766290479632583,-1.7720597809531409,7.938761903529347,-0.4386141648244103,0.9987795575915372,1.2036919282658542,60.63313516675024,21.52413301738192,4.000548509991563
rgb_1694919121,bev_1694919121,0.430527445549492,0.8902551077959825,0.4267473579596172,0.7205068854477992,0.9342373884270536,0.084599905877205,0.3528929756700482,0.895418890845941,0.7678451780931872,0.0989630296150053,0.0
s2_rgb,s2_bev,8.428580574181545,-10.441553815886472,0.1427300042102922,7.705693677428722,8.123448579429386,0.6317236444244725,0.9666353354658002,1.2672240828623398,63.70300053723605,71.59953770887213,0.0
rgb_1720152000,bev_1720152000,7.820334475048099,-4.2421333337470415,0.1141993552252832,-3.988642891715512,2.737448868359545,-0.7029638198667143,0.9680344710039016,1.032022273094859,-0.6752072677785463,19.910428330708875,3.058202707538321
rgb_1694874848,bev_1694874848,0.862471671135106,0.9838006760605806,0.1340970858753352,0.1771533252858155,0.5339198285023133,0.2401069003621039,0.9208949195964892,0.9132862948089744,0.1635445460645455,0.3901588957024083,6.832717394294958
rgb_1720143747,bev_1720143747,10.452656993770256,-4.117966043445467,0.1211530323020068,-5.653385471677152,2.807453696246405,-0.685116919422392,0.9524060215399216,1.0217687135483489,-1.1628921395584229,23.292097821757952,0.0
rgb_1694943058,bev_1694943058,0.9789948592009676,0.12868883509942,0.429870122980787,0.5043726445589897,0.7119378481280786,0.4938348969874089,0.0072094544018376,0.2347266675533899,0.7271922922249475,0.6853679414492482,4.8662525416991285
rgb_1720129286,bev_1720129286,-11.211024937229253,-1.626250935989411,0.1605164129808112,1.4692887616385626,3.1678902361558023,0.4845379351345684,-0.4401263668660845,1.0150769995101374,86.69813859212206,43.75437700508703,0.0
rgb_1720231128,bev_1720231128,-3.355002630592587,5.3772569021832375,0.1594719556325411,3.0562216115948466,-0.9222072878446212,0.4347811134539552,-0.254324898390333,1.400562074971394,-24.79417999303644,54.29413265631733,3.640016444505963
rgb_1720137005,bev_1720137005,-11.213425241193988,-0.4517766327920753,0.1238012914251377,1.4692887616385626,3.1699498795432284,0.4814799234042284,-0.4401263668660845,1.0150769995101374,87.89077345005677,43.75437700508703,0.0
s1_rgb,s1_bev,-0.4939993089248879,11.222220291215628,0.2963381156554174,6.3513801901618265,-1.7982072195951735,0.6691070410780666,0.2770925862068867,1.0393938687447215,29.55294394648916,32.49517081486265,0.0
rgb_1694894432,bev_1694894432,0.8251868500434374,0.4409268044933604,0.6528162442605631,0.4271853125331654,0.6650819651509826,0.51345800836377,0.700152239385517,0.4251046098724181,0.9159863513432224,0.7387390412253751,7.325196160537133
rgb_1694888654,bev_1694888654,0.8861185235178327,0.8781581410239724,0.7043173940246776,0.1231257633834519,0.3299493710053189,0.176619155922464,0.9076586091259315,0.8513819879704386,0.5660038037948485,0.4876188229755791,6.450425176281073
rgb_1720242051,bev_1720242051,-11.330615939975514,-0.4517766327920753,0.1276907565549564,1.1806698653891523,3.122327310775839,0.4821422712576761,-0.5862928528252944,1.0148785429144207,63.05133444110143,45.73819116098067,3.091773301667451
s1_rgb,s1_bev,-0.4473262133735574,12.49475749552802,0.2848071615236116,6.491707275849925,-2.9729057053253456,0.6490095348492575,0.2495522524063336,1.0393938687447215,29.55294394648916,25.62658971433532,0.0
rgb_1720233518,bev_1720233518,-9.132452806966144,-0.757238453545849,0.1292821332686077,1.1864947293854922,3.171437481202544,0.4814799234042284,-0.3556311681348804,1.0150769995101374,87.89077345005677,46.70516671208357,3.508073561277524
rgb_1720157094,bev_1720157094,15.30280272092572,-3.753559132337273,0.1222843766236659,-5.653385471677152,2.814931913557695,-0.7072694274580312,0.9733539807033812,1.041614472677779,-0.68605889748099,19.87011745693633,0.0
rgb_1694980477,bev_1694980477,0.776445427595022,0.2747977485357025,0.8540440832579299,0.6090465407830714,0.8883112142092345,0.8490330192238649,0.4615864379928893,0.4549763285339654,0.0922908866202123,0.6223370665918554,3.500020014364257
rgb_1720237484,bev_1720237484,-11.331175495668468,-1.2549635535758554,0.1596176792253844,2.8805020339849907,3.126411675694662,0.5065946880768433,-0.5896807659688591,1.0160248078432434,73.18345027280006,43.67257892722832,0.0
rgb_1720229759,bev_1720229759,-7.248677008666737,5.3772569021832375,0.1494919731484715,-1.4911065625864932,-1.3439084309426337,0.4347927844178745,-0.3819712678686375,1.336572291809382,-24.79417999303644,54.29518276456376,2.546694311875218
s3_rgb,s3_bev,11.43642168691742,-3.742398244062621,0.1033915361218811,-6.069791269410713,-4.4823169276587285,-0.1099425938404077,0.1954356561410768,1.2913203516948468,89.24621322940973,18.88531315534958,3.206992459531877
s2_rgb,s2_bev,20.0,-6.887396734480059,0.0886436222692316,6.686153146032503,7.319034852546919,-0.9796483361184604,0.5189336268488274,1.43,90.0,3.2565601535852746,3.980750101968953
rgb_1694909139,bev_1694909139,0.3423171184818615,0.3596155513060263,0.037724119515651,0.3428725142000857,0.5799421887246129,0.3110764191508604,0.7731103495121527,0.7908453929809441,0.2546220886145119,0.9756057216583794,5.384577487939869
rgb_1694983082,bev_1694983082,0.8644210037404348,0.6546337900204288,0.3163268340220077,0.491919139071877,0.6106288054524008,0.3220690044510126,0.6102016885207326,0.224380304794994,0.7328538532720215,0.1112013638980546,5.617629723929192
rgb_1720219371,bev_1720219371,-7.248677008666737,8.62837263991791,0.1593954299281511,-1.4911065625864932,-1.3186869913670805,0.4347927844178745,-0.3819712678686375,1.336572291809382,-39.20038796782697,54.29518276456376,2.5161756535162767
rgb_1720243652,bev_1720243652,-10.305278136112872,-0.5595844629414444,0.1212825054225067,1.4723548038365344,3.154336017821997,0.4815068190320439,-0.4612723127373472,1.0150758606098242,81.23163620496183,43.80708909294042,0.0
rgb_1720256170,bev_1720256170,15.09437674629963,-4.156604169063412,0.1210811265674365,-5.653385471677152,2.817981500869722,-0.4768997788661837,0.9730218834489808,1.0104323752689175,-42.22605153598828,23.239302570610544,0.0
rgb_1720163238,bev_1720163238,15.352166524588952,-3.7537788956225775,0.1223586359142574,-5.678769760769872,2.81368938439744,-0.7072694274580312,0.9532958323704228,1.041614472677779,-1.2411713500936372,18.17074877897252,3.2232318061132235
rgb_1720224432,bev_1720224432,-7.258969949149561,5.753018543371734,0.1594635295733053,-1.6613737573423606,-0.9131314881501744,0.4408964193440996,-0.1566881609629684,1.3811397033024062,-24.7661407472835,54.39471320225224,2.913732599729761
s3_rgb,s3_bev,3.2035827392130543,6.563135032400439,0.0487718041338835,10.0,-3.625072662215352,0.2965583824028528,-0.7262624258328381,1.4275694160548416,-0.2516773560087415,85.78422586193071,0.0
rgb_1694979224,bev_1694979224,0.1312395560691078,0.4389983505400536,0.2111530293971658,0.8645589396679905,0.702434773714646,0.1644709634371819,0.4681458491617496,0.6880055756449308,0.1461765756978202,0.9012759159372324,6.014616311023582
rgb_1694898218,bev_1694898218,0.1500799677763015,0.5425690894914454,0.9707306711460756,0.6423937166321488,0.6272980349961641,0.2186396806461722,0.1336160758224773,0.5197366416814183,0.863556237630913,0.529797569441708,7.759955348484596
rgb_1694840683,bev_1694840683,0.2503359602039543,0.8081444181989526,0.6910907250449067,0.3160876094110276,0.6221823718367009,0.0820810850170407,0.2426768327191644,0.0786161457460165,0.0673026315662449,0.225383255010822,7.141184687069964
rgb_1694923755,bev_1694923755,0.7224095521881615,0.0159526626172072,0.2045128319648693,0.0112810826477768,0.8353844661533527,0.243927929119292,0.8650583488860933,0.2938308163582135,0.6237034367550034,0.5871763294652379,7.666404864126445
rgb_1694942063,bev_1694942063,0.9253473702469388,0.0857498170615298,0.4185455931873277,0.439268450679788,0.1741542265704249,0.9049477543523564,0.5334832805875592,0.8537015404712169,0.7761564128485726,0.8348844069208191,7.424805648767479
rgb_1720219416,bev_1720219416,5.535510350327559,3.569052966879987,0.1706907485920019,-4.497893696827466,1.5383551582075563,-0.814386359296819,-0.0145097104632216,1.3615095494048406,-0.4082534188048896,87.86452191329029,3.640016444505963
rgb_1720158340,bev_1720158340,15.352166524588952,-3.753559132337273,0.1222596089236011,-5.653385471677152,2.81368938439744,-0.7072694274580312,0.95259881287326,1.041614472677779,-0.68605889748099,19.87011745693633,3.0436951227266458
rgb_1694869747,bev_1694869747,0.7477797636017106,0.2744845788157724,0.8501737048670696,0.2469149461318227,0.3240374053222262,0.0499382322992074,0.4779502869946262,0.7281528390232525,0.6209611430588012,0.1316211012214793,7.7481597761025665
rgb_1694891450,bev_1694891450,0.4208764466882372,0.1944050846083982,0.8837647985000437,0.4114962201543486,0.1604937567698392,0.5214317985161134,0.2787354053128709,0.0057862256187141,0.0019113897548914,0.664205107107747,7.420868780746368
rgb_1694919342,bev_1694919342,0.1783121059622734,0.3909029053858607,0.9864549752393474,0.5767147010040614,0.7635075913103339,0.0619699488919077,0.2355407368339797,0.592181611790639,0.8365903041974055,0.5032564920808421,4.734988151463315
s3_rgb,s3_bev,11.875610254365414,-3.567837284853056,0.1174796388466954,-1.793042992027317,-4.789121138604845,-0.4997470011188839,-0.2794478175299109,1.302163128291545,88.21702420510763,20.766097065966687,3.116118552092592
s3_rgb,s3_bev,4.9671282541594985,4.0186057703139255,0.0599909514786853,10.0,-3.625072662215352,0.1104416822016456,-0.7262624258328381,1.4275694160548416,74.22436459246273,82.51197455303017,0.0
rgb_1720184575,bev_1720184575,15.714338965700977,-10.000032145155997,0.1882232514530117,-0.5656632932710313,6.144651595718351,-0.3870717953602743,0.9919430603578676,1.0594613973180895,59.57068233422558,16.54974475073314,3.994213906540709
rgb_1720215280,bev_1720215280,-7.248677008666737,5.3772569021832375,0.1537796826267916,-1.4911065625864932,-1.3439084309426337,0.4347927844178745,-0.3819712678686375,1.336572291809382,-24.79417999303644,60.39340425697313,2.543915404584671
rgb_1694840976,bev_1694840976,0.0181612798533771,0.5352305947774778,0.0910849345961378,0.5532734479825582,0.9040100924265754,0.0838225099336852,0.7655911096344036,0.8494777295346341,0.5039513024608464,0.0872717289429724,3.5531913263114263
rgb_1694955204,bev_1694955204,0.5583434392522573,0.5738859378981067,0.7573875863744128,0.5590557979320634,0.0455894618771497,0.6773120575461871,0.0414853027611621,0.951003297682546,0.2029498536102119,0.7386818303838971,3.500379324957469
rgb_1694976252,bev_1694976252,0.4375126016747417,0.3907072044162406,0.9978579978600032,0.0123223986339243,0.5105298229923326,0.7221732602469219,0.4882743243904892,0.9157576973731828,0.7943431837235676,0.5811175065318075,5.526243987802404
rgb_1720168005,bev_1720168005,16.173595113860287,-5.3855405997032335,0.1950568220848882,-1.2059698476664398,8.165465614071291,-0.3033957289852396,0.7574755970416764,1.015403948937666,45.57119478524521,32.22598628184587,3.993407659741371
rgb_1720213555,bev_1720213555,-7.927573907502719,5.4701988429357264,0.1542525629482065,-1.7302881394963805,-1.3502228507022185,0.4347954496599979,-0.4210565187203986,1.289196061078937,-22.4898371883324,58.31738721688775,2.491861851218798
s3_rgb,s3_bev,11.875610269838214,-0.2061578269331328,0.1030089850017176,-2.2862353081603928,-4.093659429086999,-0.4600414326826998,-0.3046599406048915,1.3043557145089142,89.6072116317039,20.704348450299666,3.0172040054139604
rgb_1694980423,bev_1694980423,0.4632109610925361,0.7267831580084944,0.2404845618249895,0.3386548654043687,0.9054409661650202,0.2618233764625375,0.6902811777431984,0.7736653825344871,0.6452608296337052,0.0117512923293084,6.072101338999593
rgb_1720130776,bev_1720130776,-11.215772773244243,-0.4517766327920753,0.1238012914251377,1.4722495445293244,3.1699498795432284,0.4814799234042284,-0.4401263668660845,1.0150769995101374,88.98187721623617,43.75437700508703,0.0
rgb_1694890118,bev_1694890118,0.60675161007984,0.8147939871495333,0.3984973328140384,0.5026646892921057,0.0164079608468314,0.4467461311747205,0.2911524034009355,0.233184720262302,0.4948407306896828,0.0151283995701072,3.4999962564512823
rgb_1720168563,bev_1720168563,19.0416548847822,-6.787313006457932,0.1533477639552684,-0.5666638343582733,6.472771966809887,-0.4003870985899153,0.9744184870965586,1.1362090088238952,64.44194918291154,30.00236323007677,4.00189580974202
rgb_1694983522,bev_1694983522,0.026919849305801,0.5417627312697848,0.0943354758711514,0.8171687350949189,0.3400986644402836,0.4230364378610181,0.8595105647499519,0.05337253725532,0.0524923271984559,0.4140081999673654,4.8733971151873146
s1_rgb,s1_bev,-3.6606355787802016,14.722955145118732,0.0358108742204363,1.3756104726391776,-9.049770465535696,-0.5391157438528158,-0.5994139474710578,1.1895903016485234,21.328791918078167,84.91408184997937,0.0
rgb_1720210958,bev_1720210958,-5.035339185777225,5.3772569021832375,0.1558103459119151,-1.4392320582653202,-1.498010689807046,0.434797421277405,-0.416688258892486,1.305905488618197,-25.10427449296272,43.20441605173357,3.640016444505963
rgb_1694950962,bev_1694950962,0.4646933365326994,0.2414910643610293,0.079432821599211,0.1422673604986083,0.0474186618195476,0.9229449769076984,0.954017478289166,0.4503504915411532,0.8675108258758564,0.0484017817585902,4.913627087628524
rgb_1720258861,bev_1720258861,10.559245757427522,-4.224616819109322,0.1214824909196419,-5.653385471677152,4.248786699340279,-0.7023230812849884,0.9680344710039016,1.031699742690982,-1.1628921395584229,23.70322769892124,0.0
rgb_1720124820,bev_1720124820,-10.053951922601591,-0.4517766327920753,0.1238012914251377,1.4692887616385626,3.169469102331026,0.4823250380416504,-0.4401263668660845,1.015157522585658,89.01434501740667,43.75437700508703,0.0
rgb_1720136765,bev_1720136765,-11.350561128773345,-0.4517766327920753,0.1238012914251377,2.590514173066863,3.307258264328185,0.4814799234042284,-0.6021972101226079,1.0147983871365351,81.95545311213203,43.75437700508703,0.0
rgb_1694918092,bev_1694918092,0.077098922107882,0.750403917737902,0.5680447817740528,0.3597766686632238,0.7100725311989471,0.5616007858217134,0.0644611279386188,0.5407259330379167,0.1528994782988834,0.8741083020362183,2.8144641350913915
rgb_1694982837,bev_1694982837,0.4314679449870355,0.2859571427812915,0.7182779808752102,0.2679415836321803,0.5451095340550781,0.6275642525969765,0.2081042983260638,0.4430066067145889,0.337591557510094,0.4327354980532635,7.431427868909343
rgb_1720164207,bev_1720164207,16.189610963444437,-2.7137322114777724,0.121552573109189,-5.653385471677152,2.733179549397569,-0.7072694274580312,0.9680344710039016,1.0416149296730677,-0.3519803269857533,19.859801608823044,0.0
rgb_1694907604,bev_1694907604,0.8032724819821471,0.8482062776411471,0.3749057755333419,0.2988933118029609,0.9166180646532244,0.3875870929358747,0.2940053395141975,0.262931003003559,0.7031093861538668,0.5702029433867146,3.50082356666462
rgb_1694953597,bev_1694953597,0.7937544027044213,0.2300660010928026,0.801160760916518,0.756249053692469,0.4638190453649126,0.7150792867501568,0.9900159801309968,0.308916192107368,0.9495858958284972,0.1807258960756006,4.728161354316764
rgb_1694871146,bev_1694871146,0.4788692243784517,0.774410734945571,0.5698514743934985,0.4227476569498786,0.991637091882845,0.604695022205456,0.3695803656178126,0.7532708599498537,0.0240591392903219,0.0474409032230571,7.558878888622802
rgb_1720164661,bev_1720164661,10.641562435583468,-3.753559132337273,0.1118984410784829,-5.653385471677152,2.806224557797295,-0.7772289523309058,0.9697029389952978,1.041614472677779,-1.145681925795273,22.627405497798712,3.5623691371148256
rgb_1720179361,bev_1720179361,15.596905977416045,-6.529110212134654,0.1883785878347582,-0.5434965991391767,7.090060561384572,-0.3721607948562743,0.9700963087823202,1.060516069299008,50.84267878897518,24.93894896243437,3.995967913932185
rgb_1694909701,bev_1694909701,0.1360199186409038,0.6893312807542279,0.458325905021854,0.2567148990665934,0.2549465317487079,0.3779601464301173,0.9759861611546484,0.3470676728660042,0.1146405716289172,0.9987680741010088,6.045163548804392
rgb_1720174500,bev_1720174500,16.941076456700486,-13.931166461959634,0.1920424507688369,-0.1231366710644081,7.377149078855318,-0.4541796152707058,0.585858901123224,0.971424665689946,72.29188516968253,35.270041323645415,3.98847644793188
rgb_1720168979,bev_1720168979,16.124818629761194,-9.99978997342275,0.1882234346816598,-0.5509497996403905,6.144651595718351,-0.3870717953602743,0.9919430603578676,1.0636402787436818,59.57068233422558,24.84682072080838,3.997695021401309
rgb_1720236361,bev_1720236361,-11.339161071147403,-0.4517766327920753,0.1668383719436548,1.4692887616385626,3.1699498795432284,0.0961706031093665,-0.6123413692483294,1.016020853877149,88.98187721623617,43.75437700508703,3.4693268167381186
rgb_1720231481,bev_1720231481,-7.247830696792583,5.3772569021832375,0.1605389585498981,-1.4858271928094895,-1.0907959498689337,0.4347927844178745,-0.375771807639402,1.338672262920371,-24.79417999303644,43.09914393665117,2.547675675644578
rgb_1720177195,bev_1720177195,18.99849263458016,-10.041350807085646,0.1804140564167563,-0.566583812205149,6.472771966809887,-0.3866840383005497,0.9977002758626918,1.1125240001889891,64.44188651465629,24.326811465192343,4.001060922056072
rgb_1720228657,bev_1720228657,1.5408233706023855,3.047285625807888,0.1706907485920019,-4.497893696827466,1.5376576929822434,-0.5943815130023414,-0.0973189963051778,1.2926201703985185,-0.4137138412823304,87.3927595154704,3.640016444505963
rgb_1720253024,bev_1720253024,-11.866805243660266,-0.8049948328460488,0.1238012914251377,2.5795801949631105,3.307258264328185,0.4814799234042284,-0.4401263668660845,1.0150769995101374,87.89077345005677,43.75437700508703,0.0
rgb_1720250139,bev_1720250139,-11.213425241193988,-0.532604176318916,0.161189580311112,1.473960833377868,3.1699498795432284,0.4814799234042284,-0.4401263668660845,1.016149851480609,87.82194722772343,43.75437700508703,0.0
rgb_1694925028,bev_1694925028,0.710074623806453,0.56241297560302,0.4644583123943421,0.5270889723173606,0.7847099632893719,0.2162665103581615,0.6680392806102279,0.2786911219156371,0.162231343207778,0.8416153112583971,0.0
rgb_1720168941,bev_1720168941,19.03918449430109,-9.497526571452074,0.1604829796896083,-0.5666638343582733,6.472771966809887,-0.3866827670115036,0.9976303997057756,1.112500389956793,64.33151868968497,24.326811465192343,3.99828842102964
rgb_1694844354,bev_1694844354,0.0685992191346742,0.0932086172044642,0.0626043506721096,0.1864160700160267,0.1179098157249591,0.5887070325886432,0.5374324643892272,0.3507349793664047,0.9921060610026136,0.938005493892476,0.0
s1_rgb,s1_bev,-3.6606355787802016,8.899736968959381,0.0170842824601366,1.3756104726391776,-10.0,-0.4544596591967312,-1.0,1.170268535087009,14.857725000223368,94.89412177013908,0.0
rgb_1694868121,bev_1694868121,0.5506225696611386,0.276113390232011,0.6063429943937947,0.0493765842944686,0.741003422957887,0.3934857557732629,0.6203984579225408,0.8009168369497696,0.7492910561777821,0.2796088727537492,3.673248204940109
rgb_1694844444,bev_1694844444,0.9888184716536804,0.5347504145014916,0.9177721372189218,0.6046873574846051,0.4908950901520104,0.1249895739934734,0.5940911907350327,0.0153195790367595,0.1404945614247198,0.3861409491742844,0.0
rgb_1720152574,bev_1720152574,10.564993619407304,-3.741982874648876,0.1210811265674365,-5.653385471677152,2.737724913978221,-0.7072764008355654,0.9881388847247085,1.0413252706721718,-13.593071190068358,18.13291023260174,2.6901289568558773
rgb_1720262387,bev_1720262387,10.749760035193404,-4.2272649855274125,0.1210811265674365,-5.653385471677152,2.8280841655757563,-0.5228965520366634,0.9954665970818412,1.012211007916509,-0.6616715788293703,22.972737539086904,3.600264682603641
rgb_1720255211,bev_1720255211,7.845627549305444,-4.155623720139477,0.1212359985901895,-4.045376787586327,2.806224557797295,-0.70327314268978,0.9680344710039016,1.0327365182016477,-0.6752072677785463,19.910428330708875,2.8020422586000264
rgb_1694902432,bev_1694902432,0.0279310772154568,0.7612450186693398,0.9656710074563424,0.6304059439277137,0.718578637153892,0.0373076251871534,0.2985990076255779,0.630001817065177,0.0887967473226563,0.6985812888922741,7.527034516579857
rgb_1720127918,bev_1720127918,-11.645456067387844,-0.4517766327920753,0.1238012914251377,2.590514173066863,3.307258264328185,0.4814799234042284,-0.4401263668660845,1.0083297711965464,87.89077345005677,43.75437700508703,0.0
rgb_1720180727,bev_1720180727,19.94908988122119,-12.608568290974642,0.1928931996616365,-1.6472989521994543,7.54818930223006,-0.2948940252157968,0.6324160557118785,0.9584358093758876,61.045122886931495,35.21591878395719,2.565956924552906
rgb_1694980605,bev_1694980605,0.0824403215635189,0.1976605397545692,0.5107904965904714,0.3502146225771834,0.0605648726051184,0.9703188971774138,0.9499312417532794,0.309345366716878,0.0138116642154024,0.283573052417942,3.500020014364257
rgb_1720257690,bev_1720257690,9.70940864891125,-3.753559132337273,0.1210818256128741,-5.653385471677152,2.808942568385337,-0.7072694274580312,0.9682376159170744,1.0416193053216356,-0.3778381806470747,18.49954195682225,0.0
rgb_1694909059,bev_1694909059,0.596041024219622,0.293803020250023,0.299861698687012,0.5895796011880651,0.8288185802398251,0.800697575804341,0.6460438235273946,0.9694997035535516,0.7856123489197964,0.5520659397574257,3.4989427627229754
rgb_1694983163,bev_1694983163,0.5711587537514248,0.4869311277118358,0.1059453658352156,0.0246842442112718,0.5021083485997959,0.4718754683782559,0.3551907324436537,0.9757900248532628,0.8918992639346444,0.5416556681566952,7.567798816291122
rgb_1720139098,bev_1720139098,-11.223957221597,-0.4604552506878328,0.1427409209150973,1.4724921916567195,3.154220744372793,0.4817587725412744,-0.6260523388797081,1.0160496546739306,87.7839128841263,45.70668560328059,0.0
s2_rgb,s2_bev,18.63013698630137,-6.887396734480059,0.2863325740318906,5.062117417246468,6.429978363980233,-0.9796483361184604,-0.1745741861783052,1.1463590096930936,-53.959346903937856,55.61012097834658,3.942575738764559
rgb_1720259119,bev_1720259119,7.820334475048099,-4.155623720139477,0.1137815898492992,-4.045376787586327,2.6193931375140345,-0.7034303142383056,0.9680344710039016,1.0317181136814402,-0.6752072677785463,19.910428330708875,2.7338123476931404
rgb_1694913591,bev_1694913591,0.4089347983818509,0.2377173863560785,0.1701549620273068,0.846854792869251,0.6418557549157445,0.3589537804186735,0.8536343806045944,0.8608909285202138,0.578075411420325,0.7995595187418899,7.12425816873029
rgb_1720241891,bev_1720241891,-16.689023363503182,-1.29096171564424,0.1596176792253844,1.4724921916567195,3.125395982328083,0.4862016658327495,-0.5572254224153955,1.0160248078432434,75.44904935038792,46.50005159136795,3.922612411542509
rgb_1720212891,bev_1720212891,-7.726664894740916,5.3772569021832375,0.1555828414347174,-0.5652212012469704,-1.3439084309426337,0.4347927844178745,-0.3819712678686375,1.336572291809382,-24.79417999303644,55.08186110455053,2.5023826644329805
rgb_1694918622,bev_1694918622,0.1003509605115745,0.1336556928087215,0.1934734063054942,0.1218587491079042,0.8794259715907079,0.3745504740642514,0.0271164291540537,0.1516644964997969,0.8815812128013362,0.5490954841270417,3.821570702716533
rgb_1694827811,bev_1694827811,0.4305244133183432,0.0639824343012918,0.9175289290948938,0.0248633955210182,0.9942676221672696,0.181616095392419,0.6579122191734428,0.9691952551208016,0.0200209238424593,0.6244083931025316,3.499840761662829
rgb_1720182578,bev_1720182578,19.06410074117209,-8.779818912865007,0.1533477639552684,-0.676448385816597,6.472771966809887,-0.4465285367255255,0.9987975284251012,1.1930675164941928,64.52579190186657,40.90554251763643,4.001090174323094
rgb_1720182049,bev_1720182049,18.67897584410832,-10.158053452799107,0.188200195168763,-0.6648880329146518,4.5779886638802925,-0.384185918330691,0.9919677482548028,1.0689909983497154,58.940557871756056,25.78444689733952,3.989064336099589
rgb_1694976181,bev_1694976181,0.4868938840066992,0.3154237768701819,0.3188474247919877,0.920223694021903,0.914100181775668,0.9610501312784298,0.6979372706578453,0.8949644030129817,0.7560803958896968,0.0361326613633489,4.547117972047387
rgb_1694976567,bev_1694976567,0.4112263011060236,0.0685047238933039,0.0644280838241935,0.7112315246385302,0.5934539422701587,0.582797345648513,0.1750753828472012,0.0061136740748277,0.5732695378438544,0.5732998425133732,5.801587475836695
rgb_1720221526,bev_1720221526,-7.286361091163553,5.47113876517988,0.1598109110760847,-1.4911065625864932,-1.509208991865906,0.4347721612862927,-0.4248993130411171,1.3117553169744578,-22.580195480063708,54.29518276456376,2.449437534673865
rgb_1720228260,bev_1720228260,-6.987111834646125,5.3772569021832375,0.1594403355670541,1.1481285369359977,-1.3505099633070683,0.4347743625411275,-0.4230180822347407,1.3085475193753746,-25.121920927309432,43.073478104365925,2.465698295002928
rgb_1720124860,bev_1720124860,-11.331175495668468,-1.2549635535758554,0.1596176792253844,1.4724921916567195,3.125395982328083,0.4862132259869667,-0.7226969028430739,1.0160248078432434,87.83309151015206,43.41858307763709,0.0
rgb_1694897693,bev_1694897693,0.9570663104110144,0.4387279506654847,0.7293434822206928,0.164036991562599,0.5368136807727241,0.592121161019058,0.9635255892034372,0.7809875042636143,0.0941509069846202,0.601683793328729,7.532149513358634
s1_rgb,s1_bev,-0.4473262133735574,12.49475749552802,0.2848071615236116,6.488215665430322,-0.7848930668313779,0.6490095348492575,0.2495522524063336,1.0393938687447215,31.15203836532465,25.62658971433532,0.0
rgb_1720153703,bev_1720153703,7.820334475048099,-4.155623720139477,0.1137815898492992,-4.045376787586327,2.806224557797295,-0.7034303142383056,0.9680344710039016,1.0327365182016477,-0.6752072677785463,19.910428330708875,0.0
rgb_1720241290,bev_1720241290,-11.213425241193988,-0.7949779277200584,0.1238012914251377,2.590514173066863,3.307258264328185,0.6564855959543476,-0.4401263668660845,1.0184660493045707,87.89077345005677,43.75437700508703,0.0
rgb_1694923144,bev_1694923144,0.8087579249757181,0.5685535383244742,0.4042140037653231,0.1539252806904651,0.7498470693222445,0.1122476413674222,0.3953248506074214,0.7320828679939303,0.434419036891474,0.975962775922684,3.501755749576952
s2_rgb,s2_bev,20.0,-6.887396734480059,0.2863325740318906,6.686153146032503,3.768634385270986,-1.0,0.5189336268488274,1.43,-56.36907887394671,0.0,1.6649182834651002
rgb_1720186212,bev_1720186212,19.04620720620085,-7.257701510621084,0.1533477639552684,-0.7398045785454048,6.215031608386731,-0.3866839179343616,0.9982677666475206,1.1358483837159263,64.44214523594209,24.326811465192343,3.986337879619644
rgb_1694902130,bev_1694902130,0.1854512180166957,0.1289531301946636,0.4407108184747834,0.0245280690790858,0.743617264580489,0.653987734267545,0.728654571514154,0.9744933783541592,0.7075384893766439,0.5771083807327374,3.1534976491280746
rgb_1694823961,bev_1694823961,0.8574182016583364,0.5078354025718216,0.4008252749017461,0.4251491333779074,0.039191828202491,0.7020076258699071,0.3909238355930483,0.7396288820479475,0.8738482287993078,0.8324379928420745,8.425794475934225
s2_rgb,s2_bev,8.41997730612583,-13.078267313869183,0.1734637083224667,7.716476422755193,8.129396100099193,0.7504477144007147,0.9735967057891732,1.2411379624763983,60.88215629913276,76.54025857495537,0.0
rgb_1720165431,bev_1720165431,10.514256405341452,-6.224613046508473,0.1221509882636279,-5.653385471677152,2.809466667362141,-0.7147044094512425,0.9680344710039016,1.031699742690982,-1.1628921395584229,23.70322769892124,2.717238432217764
rgb_1694874238,bev_1694874238,0.7352390180444618,0.3041036260302521,0.86921264117525,0.3694836391758931,0.4561693458900913,0.2488046105584292,0.6471570344135374,0.149105678590166,0.816326017491582,0.6515096903298612,7.735230388205156
rgb_1720178867,bev_1720178867,19.001967132603944,-7.17444826903807,0.1911849797350602,-0.5665590269411744,4.5779886638802925,-0.384185918330691,0.9924222756496976,1.06898862211866,67.08524138718559,25.78444689733952,3.98859518684538
rgb_1694890614,bev_1694890614,0.3725670055772088,0.0914172810883532,0.1739279248717871,0.1719685413529873,0.5195965465691443,0.516176508736568,0.2497415587735646,0.9009213698208398,0.8638029736579622,0.7599402529654311,7.814703261594633
rgb_1720141714,bev_1720141714,-11.8230326499207,-0.4517766327920753,0.1626895278003356,1.4692887616385626,3.1586889397849127,0.4814799234042284,-0.4401263668660845,1.0150769995101374,88.77889986880803,43.765330125666615,0.0
rgb_1720249658,bev_1720249658,-11.330615939975514,-0.4517766327920753,0.1337244534325532,1.0498667190612476,3.122327310775839,0.4822153092576018,-0.5896807659688591,1.028179470596353,63.05133444110143,43.67257892722832,0.0
s2_rgb,s2_bev,8.382758294911085,-10.30976280531489,0.1734233910740375,7.705693677428722,8.113934050644975,0.6682887107339737,0.974354138560142,1.2388686184199749,67.07220509019547,71.57891274338589,0.0
rgb_1720184957,bev_1720184957,17.027402465545237,-10.063446383113757,0.1438410880758688,-0.5657295285315449,6.144651595718351,-0.3870717953602743,0.9919422705561688,1.0594613973180895,59.57068233422558,27.22130167650672,3.991532354111679
rgb_1720182010,bev_1720182010,15.688410804727797,-6.479090476586343,0.185814847257915,-0.573313317255959,6.980652140790337,-0.2201103053458825,0.995777081721256,1.0785179842157435,67.1172340876845,24.83604282276308,4.000114064557983
rgb_1720132946,bev_1720132946,-11.33019585094758,-0.4517766327920753,0.1238012914251377,2.590514173066863,3.307258264328185,0.4814799234042284,-0.4401263668660845,1.014874707631064,87.89077345005677,43.75437700508703,0.0
s2_rgb,s2_bev,8.49603210854628,-10.441553815886472,0.1739454188030362,7.640639168283322,8.129603563557936,0.7649717289712751,0.8512422524412729,1.2186329691900193,65.79106370139328,68.15361000966409,1.7936155473007096
rgb_1720218349,bev_1720218349,-7.248677008666737,5.474088045748555,0.1663431749941231,-1.4911065625864932,-1.3439084309426337,0.4347927844178745,-0.3819712678686375,1.336572291809382,-22.4898371883324,59.29513800499488,2.5434875949671043
rgb_1720242651,bev_1720242651,-9.201221124147189,-0.4517766327920753,0.1605570670304294,6.201033303960031,3.15871693075807,0.4862132259869667,-0.5896807659688591,1.0159953957865624,87.89077345005677,43.67257892722832,3.166871641493988
rgb_1694950060,bev_1694950060,0.4541784342081462,0.8930685654845136,0.1349208213269769,0.2046248548102653,0.5376472508749949,0.2070787794668472,0.5583153754199214,0.5634740126787277,0.1813077139844574,0.6362626474995321,4.306225208586754
rgb_1720175000,bev_1720175000,15.463776880409114,-7.25845846484717,0.1533477639552684,-3.0944734375757346,6.472771966809887,-0.4465285367255255,0.9971216936175538,1.152856082161565,57.726072851883856,24.284400051436,3.999646119784624
rgb_1694957005,bev_1694957005,0.7753768215526939,0.4642180419365371,0.0982398989197036,0.1979768650106699,0.2374126980071959,0.2335612076470842,0.5730945357298924,0.5337535628154998,0.5281416136508241,0.814833742469828,3.5000420984562823
rgb_1720176393,bev_1720176393,15.76721028647291,-10.917210316448076,0.2169200507458799,-1.1951479650019152,7.513694117697433,-0.2959987646724084,0.7999047521232603,0.9899451454218504,44.84636644559231,31.32282692665629,3.992254745982924
rgb_1720123493,bev_1720123493,-11.331175495668468,-0.4517766327920753,0.1596176792253844,1.4724921916567195,3.15871693075807,0.4814799234042284,-0.5454620192414873,1.0088682761859795,87.89077345005677,43.67257892722832,3.070537704668106
rgb_1720246135,bev_1720246135,-11.205793776686788,-0.4517766327920753,0.1296386932510094,2.863486266388397,3.3123701325873576,0.4814799234042284,-0.4401263668660845,1.0150769995101374,87.89077345005677,43.75437700508703,0.0
s1_rgb,s1_bev,-0.4473262133735574,17.725372347836426,0.2773691446849218,6.48488359737949,-2.521110095487656,0.6715287476852849,0.1877163020925483,1.0636598823244543,29.55294394648916,38.54182093711193,0.0
s3_rgb,s3_bev,12.1366412864666,-3.983405340639564,0.0977764408854367,-2.8049113153865166,-5.0024852703439615,0.2355629349080319,0.2203686521924496,1.3841397847032255,88.44399069709014,19.378382833386592,3.667088143640656
rgb_1720239086,bev_1720239086,-11.331175495668468,-0.4385122486144617,0.161400316489897,1.4724921916567195,3.15871693075807,0.4858494492093956,-0.581249082728194,1.0160248078432434,87.89077345005677,43.68323071119832,0.0
rgb_1720186137,bev_1720186137,14.29152910072083,-10.02120374554191,0.188200195168763,-0.5652261573095156,4.5779886638802925,-0.6132042061050871,0.9920387671348536,1.0691562075497805,59.57068233422558,25.88563445645288,4.000631378100996
rgb_1720220298,bev_1720220298,-9.138067130908588,8.361484997174607,0.1548283822159186,-1.4911065625864932,-1.3439084309426337,0.4347927844178745,-0.3819712678686375,1.336572291809382,-39.059809242438526,54.29518276456376,2.578737916121252
rgb_1720175721,bev_1720175721,19.94908988122119,-12.608568290974642,0.1942490554078127,-0.1187985823008084,7.7742140937493,-0.3167899004257357,0.6361078626820953,0.9584358093758876,48.94454914261172,35.26525636894397,2.555175383824923
rgb_1694822749,bev_1694822749,0.4692913548755154,0.6907784533993343,0.3357587119362616,0.9245303027605232,0.5040030182325576,0.0141236611692781,0.3085240961436487,0.3951807677855189,0.5141162586905618,0.5765936114935566,7.50381470942872
rgb_1694913427,bev_1694913427,0.3091862170642458,0.129399767424555,0.2297593538899363,0.2026872946614574,0.4152806130060027,0.618224509077528,0.1794674986883676,0.1912601352470964,0.8185517538928695,0.216325037118977,4.074547738541363
s2_rgb,s2_bev,8.41997730612583,-13.078267313869183,0.1734637083224667,7.716476422755193,8.129396100099193,0.7504477144007147,0.9716692064728424,1.2411379624763983,60.76388581004768,68.45271010757696,0.0
rgb_1720235840,bev_1720235840,-13.12740040607419,-0.4517766327920753,0.1238012914251377,2.4923621649087107,3.307258264328185,0.4814799234042284,-0.4401263668660845,1.0150769995101374,87.89077345005677,43.75437700508703,0.0
rgb_1694979004,bev_1694979004,0.8113235689148386,0.3806926989014683,0.1035275293133859,0.2051694574285449,0.6900602606355164,0.5383989905347133,0.5375003524618013,0.3935058310229182,0.3790138734832834,0.2867350735091626,6.840197930958816
s2_rgb,s2_bev,20.0,-6.887396734480059,0.3,6.686153146032503,4.18782589761252,-1.0,0.8556339635491641,0.995935046977332,-24.578528998290444,3.2565601535852746,0.0
rgb_1694841169,bev_1694841169,0.1331076360963582,0.1394004277105126,0.982015059042932,0.7288889221591052,0.896253364609781,0.8832421849879579,0.1225382755620854,0.3637879007620169,0.9873181677442412,0.827573843683718,7.694968511622402
rgb_1694952193,bev_1694952193,0.1841532363109708,0.1565358200635759,0.2696671554639134,0.3951444590393607,0.1936398948124285,0.0878391604883327,0.1002236227200248,0.1160049617001796,0.5392808322977859,0.9952808019021832,5.444469060833984
rgb_1720126228,bev_1720126228,-11.331175495668468,-0.5715573399204068,0.1632243206892512,2.8805020339849907,3.24235869307625,0.484070950361035,-0.6236640771345097,1.0160248078432434,87.89077345005677,43.67257892722832,0.0
rgb_1720125021,bev_1720125021,-11.331146156033173,-1.2549635535758554,0.1279171145755356,1.4698074721374876,2.476365861089839,0.4862132259869667,-0.4106439280131183,1.0160248078432434,87.89077345005677,43.67257892722832,0.0
rgb_1720130494,bev_1720130494,-11.212307452211292,-0.3173811805732853,0.1238012914251377,1.4692887616385626,3.1714119190998584,0.4050699711720265,-0.4401263668660845,1.016022042293726,87.83713828504526,43.75437700508703,3.5456757709562976
rgb_1720128158,bev_1720128158,-11.130915920702687,-1.3921676447025175,0.1238012914251377,1.4724921916567195,3.1699498795432284,0.4814799234042284,-0.4044639928271146,1.0150769995101374,87.89077345005677,43.75437700508703,0.0
rgb_1720239206,bev_1720239206,-11.314072127822056,-0.3415588337403186,0.1285697152322299,1.4724004095470065,3.1583888291948288,0.481402654633285,-0.6260523388797081,1.0160699826035575,88.98155368736457,43.86030733828197,0.0
rgb_1694839120,bev_1694839120,0.5738742063569497,0.1391867260501583,0.6775601170894382,0.1969028895914911,0.3727899400054897,0.1417685819183739,0.915164594559739,0.4280945862762061,0.7075617740282845,0.399606363929606,3.501286951009813
rgb_1720245054,bev_1720245054,-11.213425241193988,-0.4517766327920753,0.1238012914251377,2.590514173066863,3.170539584120265,0.4814799234042284,-0.4401263668660845,1.0547917930709034,87.89077345005677,43.75437700508703,0.0
s3_rgb,s3_bev,11.87561030803422,-1.380777081759895,0.1078591132798512,-1.7931522591211504,-4.808880564098994,-0.6656750482539461,-0.2779041345049469,1.3007592717231322,89.24250218651281,9.383677589112915,2.9294989452632434
s3_rgb,s3_bev,3.965124246143468,4.0186057703139255,0.0487718041338835,9.10293787844808,-3.625072662215352,0.2965583824028528,-0.7262624258328381,1.43,46.86874149215878,82.51197455303017,0.0
s2_rgb,s2_bev,18.03773790090409,-16.593226698256732,0.1149434760183183,9.059826924845076,7.622717357794436,0.6840040312315576,0.4089335817860098,0.9707423245407858,52.34587049625682,19.409529387163275,2.8980556556868406
rgb_1720226634,bev_1720226634,-7.248677008666737,5.3772569021832375,0.156885697053505,-1.4911065625864932,-1.5210638865533035,0.4347927844178745,-0.3819712678686375,1.3351842956668054,-24.79417999303644,54.29518276456376,2.5409186861787294
rgb_1694837268,bev_1694837268,0.4040643219692544,0.6973599684893634,0.774194144115624,0.071636542354845,0.5402833495619986,0.5870746656408546,0.7460534356608789,0.8842302196640014,0.6729445797465605,0.0353566056905381,7.706437230736767
rgb_1694833807,bev_1694833807,0.426377599936247,0.4329280093209975,0.5765994618132166,0.1643271441662583,0.0508579796463848,0.3879617523920733,0.9690916349567316,0.0683458612935955,0.406768821090928,0.8691420541948403,3.5023304504088406
rgb_1694982548,bev_1694982548,0.3202858017426532,0.3216662555102971,0.970198195883376,0.2752547261857129,0.7879071045852931,0.154306492669515,0.1174946542167363,0.8415322064150804,0.10108882138924,0.4103646209728074,3.7896702593326688
s2_rgb,s2_bev,8.48068252359672,-8.812948713009035,0.1734446166792478,7.716476422755193,8.155460595051128,0.6351196151754455,0.9738526755346956,1.2386494372851629,80.7685450102407,71.46331251449816,0.0
rgb_1694901520,bev_1694901520,0.4281886944305354,0.0665772805591955,0.4354953672415532,0.256721953058018,0.9327155016566911,0.6576269415637249,0.9835171979993884,0.5608487246894613,0.847115748853071,0.9951635873636844,3.500586428175944
rgb_1720223510,bev_1720223510,-7.248677008666737,8.361484997174607,0.1593954299281511,-1.4911065625864932,-1.3439084309426337,0.4347927844178745,-0.3962127432328006,1.336572291809382,-23.901411817294417,54.29518276456376,2.4896202295456336
rgb_1694839027,bev_1694839027,0.1439084747045387,0.0633135908606038,0.3453592543590845,0.1520353800288201,0.0785035648440994,0.31714224194532,0.6003870512402063,0.041103004003128,0.6071787765768198,0.813701011109682,6.999979386957214
s2_rgb,s2_bev,7.1238077123499695,-12.817966012540335,0.1734446593568037,7.7071334654319585,7.318904535525895,0.7554161537224371,0.9718111458848336,1.2411379624763983,60.6610435226694,71.57363746321455,0.0
rgb_1694829104,bev_1694829104,0.1619902315237757,0.6055961218066638,0.078027515861569,0.2431641306072403,0.6599110910592326,0.1842805270722326,0.4092547478250169,0.7690047476139955,0.7866131150676605,0.6043314205624838,7.661987572870426
rgb_1694892552,bev_1694892552,0.0711793732905956,0.3662645837037849,0.859608109025388,0.624835171104228,0.8705229746409252,0.3497271433079074,0.5193319337121065,0.2669919135508004,0.0382401055425313,0.1261104978689016,7.571167870487928
rgb_1720167698,bev_1720167698,10.559245757427522,-3.735894173051012,0.1214377797982093,-5.653385471677152,2.737069514140513,-0.7066652312598732,0.988187253228714,1.0413252706721718,-1.164375787838992,18.124249999189693,0.0
rgb_1694897994,bev_1694897994,0.3992159920047555,0.1702066531095987,0.9831082181191804,0.0014206897188249,0.4630849964982406,0.0821030303647119,0.1920336271336995,0.989885250191493,0.6956985497941308,0.2396494629346545,7.503140531621199
rgb_1720142943,bev_1720142943,8.201514113411854,-5.712192505747041,0.1137815898492992,-5.653385471677152,2.806224557797295,-0.7072694274580312,0.9680344710039016,1.0332283211648312,-0.98795233463062,26.89666165069156,0.0
s2_rgb,s2_bev,8.41997730612583,-12.940139921855204,0.1829360480259159,7.705300935037378,8.129548195183588,0.7504477144007147,0.9707878489947108,1.2421892640199856,60.73381712995368,75.19902276063151,0.0
rgb_1720186439,bev_1720186439,18.925467743374465,-9.684793984475878,0.1418291525664276,-0.676448385816597,3.6238652543421,-0.4465285367255255,0.9988021401272204,1.193036214160514,60.630231142925965,24.08801989897379,4.000153973951092
s2_rgb,s2_bev,20.0,-6.887396734480059,0.0886436222692316,6.686153146032503,6.429978363980233,-0.9796483361184604,0.5189336268488274,1.4198560459834737,-65.48761990738134,3.2565601535852746,1.5330652598071528
rgb_1694977946,bev_1694977946,0.2346404490213312,0.1421532802914447,0.5563863232071682,0.3330082831241127,0.9224657748301004,0.3718096325145327,0.1201651266535155,0.3311920692217519,0.0076751319736638,0.6918831772676871,3.1905964014406725
rgb_1720250539,bev_1720250539,-15.99630646559317,-2.2485810673716387,0.1281137326030004,3.4155609683503148,3.303443221679625,0.3935913252062937,-0.4586853572443036,1.0150769995101374,87.89077345005677,43.75437700508703,0.0
rgb_1694890866,bev_1694890866,0.6271601986762858,0.5005685760703351,0.8570808291682629,0.2251834526437588,0.7182487492078425,0.6680560859590384,0.6554419394677723,0.9108951035988072,0.3906182087734567,0.1335392781027597,7.916301562491019
rgb_1720213378,bev_1720213378,-10.27720721911203,5.3772569021832375,0.1594719556325411,1.2892211076254725,-0.9222072878446212,0.4347811134539552,-0.3759567148271798,1.3727531675264966,-24.79417999303644,52.20467391542755,2.6177305139026963
s3_rgb,s3_bev,11.87561489134652,-2.9934905004797763,0.114916606474796,-2.9945476513142832,-4.399188360513404,-0.2486271314910921,-0.3021638626315493,1.2997710402208171,89.39031237890131,20.79088354066544,3.1218385225452714
s3_rgb,s3_bev,11.87561030803422,-3.7326299504923774,0.1171511797966096,-1.7930300872732,-4.789121138604845,-0.261641494494856,-0.2786885703217121,1.302163128291545,89.24621322940973,20.59288611448137,3.1121413906859736
s1_rgb,s1_bev,-3.6606355787802016,20.0,0.0,1.3756104726391776,-10.0,-0.5390349111893877,-1.0,1.170268535087009,9.100298410968506,94.89412177013908,0.0
rgb_1720153605,bev_1720153605,10.559245757427522,-3.674923799031312,0.1210811265674365,-5.653385471677152,2.816016330059867,-0.7067462280240802,0.988187253228714,1.0413252706721718,16.03882557336115,18.124249999189693,3.563673476498713
rgb_1720266252,bev_1720266252,15.352166524588952,-4.606900823537893,0.1224266202589478,-5.653385471677152,2.81368938439744,-0.7072694274580312,0.95259881287326,1.041614472677779,-0.6612855611520132,19.87011745693633,2.359788613741528
rgb_1720253501,bev_1720253501,10.567107447940703,-4.224616819109322,0.1214853680670798,-5.645125019360936,2.736241752754145,-0.7034664679184495,0.9680344710039016,1.0212173607781196,-1.1628921395584229,23.70322769892124,0.0
s2_rgb,s2_bev,20.0,-6.887396734480059,0.1695652173913043,6.686153146032503,4.956282841327992,-1.0,0.8556339635491641,0.995935046977332,-24.578528998290444,0.0,0.0
rgb_1720137409,bev_1720137409,-11.331175495668468,-1.2549635535758554,0.1596176792253844,1.4724921916567195,3.125395982328083,0.5084522802948308,-0.5572254224153955,1.0160248078432434,88.02322208668798,43.67257892722832,0.0
rgb_1694916567,bev_1694916567,0.7357924822041778,0.8196833770835004,0.6527774712621326,0.7980412152481365,0.3140914790686611,0.4497192105806697,0.7045694458769428,0.0037493259651417,0.1190525017673096,0.5551983570580735,4.870861428105223
rgb_1720166361,bev_1720166361,10.636355685042597,-3.737722525189135,0.1210775786205012,-5.653385471677152,2.7370841154111645,-0.70727872912528,0.9783153129214824,1.0413252706721718,-0.3887759574047607,18.44642297739245,0.0
s1_rgb,s1_bev,-3.6606355787802016,20.0,0.0178997613365155,-1.4021673051386008,-8.253908945440196,-0.4544596591967312,-1.0,1.401123654912717,14.857725000223368,94.89412177013908,0.0
rgb_1694827811,bev_1694827811,0.4305244133183432,0.0639824343012918,0.9175289290948938,0.0248633955210182,0.9942676221672696,0.181616095392419,0.6579122191734428,0.9691952551208016,0.0200209238424593,0.6244083931025316,3.499840761662829
rgb_1720255263,bev_1720255263,10.576209718816774,-3.753559132337273,0.1215520228934662,-5.653385471677152,2.8159342759115766,-0.7072694274580312,0.9680344710039016,1.0416189113126346,-0.3750178314339933,18.446996815134884,0.0
rgb_1694921836,bev_1694921836,0.2631108967934032,0.0092797811924904,0.9427089345689986,0.4753231086615231,0.2970767963591526,0.2833075474014483,0.5377995321177022,0.0765663970942617,0.907119845636648,0.4803492450579428,3.498218232026714
rgb_1694872523,bev_1694872523,0.8526093226926391,0.913215368524172,0.1388822083811697,0.2130025728661871,0.4567929219443281,0.6600539086847182,0.9932993121942189,0.0175528678302882,0.5287908942718181,0.4137341379326363,7.000653387968868
rgb_1694956467,bev_1694956467,0.5594221115770361,0.7711658213937953,0.1796697854528979,0.3717351117524285,0.4051722152850243,0.0008751926583698,0.1756344091306446,0.5375325701885268,0.7337467707253353,0.049494525240279,5.146147869448851
rgb_1694890036,bev_1694890036,0.869279255283921,0.2753982998683085,0.3092289990082409,0.815244538682588,0.5586865712656599,0.6567722147197019,0.4483068114323354,0.2288843546963886,0.0319310297023125,0.4367395398816024,7.369252607153808
s2_rgb,s2_bev,20.0,-14.160124007207331,0.2763162510561785,6.686153146032503,6.429978363980233,-0.9796483361184604,0.5189336268488274,1.3722050461141122,-24.578528998290444,3.2565601535852746,1.7606144043893812
rgb_1694916214,bev_1694916214,0.7346465213203388,0.5530823493083779,0.7076809890075454,0.9378713484579916,0.8062548284736646,0.5010455170890755,0.6450745015760425,0.1102761526517026,0.6010695880145435,0.4669916860847052,3.499980650859906
rgb_1720150311,bev_1720150311,7.820334475048099,-4.155623720139477,0.1137815898492992,-4.214889150016554,2.806257107094634,-0.703386795580647,0.9680344710039016,1.0335117030423284,-0.6731731597506183,19.910428330708875,2.8511455732262445
rgb_1720250780,bev_1720250780,-11.33796941916922,-0.4517766327920753,0.1238012914251377,1.514333106283809,3.1598833260669945,0.4814799234042284,-0.4374985491747534,1.0081094330596254,88.98187721623617,43.68020951288023,0.0
rgb_1720177801,bev_1720177801,19.005788011662,-7.17444826903807,0.188200195168763,-0.5665590269411744,4.5779886638802925,-0.384185918330691,0.9920626224973136,1.068988677352264,67.08524138718559,25.78444689733952,3.987497087950605
s1_rgb,s1_bev,-3.6606355787802016,14.722955145118732,0.0170842824601366,1.3756104726391776,-7.0007761133599935,-0.4544596591967312,-0.6613142879229302,1.118140875512541,14.857725000223368,100.0,0.0
rgb_1720131741,bev_1720131741,-11.331175495668468,-3.753690495643657,0.1596176792253844,1.4724921916567195,3.15871693075807,0.4822877034606856,-0.7518650231639139,1.0164226669968983,89.47651509944927,43.97100726075287,0.0
rgb_1720215812,bev_1720215812,-10.17161827981626,5.3772569021832375,0.1426291119844803,-1.4911065625864932,-1.3439084309426337,0.4347927844178745,-0.3819712678686375,1.336572291809382,-24.79417999303644,54.29518276456376,2.6065243444039465
rgb_1694979693,bev_1694979693,0.474990442433752,0.3168777857479423,0.7625905186306352,0.420599086345058,0.8732383048664827,0.2042203603104474,0.4410254181040623,0.5174659241281053,0.3428990278967861,0.5602887910852595,6.362541116030668
rgb_1694827464,bev_1694827464,0.464387336692955,0.4521009260083635,0.2695850011802697,0.695522680404469,0.0223876604728539,0.2999193331132035,0.3172894948927529,0.4132088197449849,0.2146332970104493,0.4704547508792074,3.760581919376153
s2_rgb,s2_bev,20.0,-6.887396734480059,0.3,5.545577155157112,6.429978363980233,-0.9796483361184604,0.5189336268488274,1.4198560459834737,-65.48761990738134,7.852148388879392,0.0
s1_rgb,s1_bev,-3.6606355787802016,8.899736968959381,0.0170842824601366,1.3756104726391776,-9.166317704564284,-1.0,-1.0,1.170268535087009,14.857725000223368,84.91408184997937,0.0
rgb_1694915514,bev_1694915514,0.7493953320832372,0.5731150868142733,0.8065271480947014,0.4165839350822237,0.2063054338417782,0.9443893880568608,0.5708094403591821,0.6750044051543415,0.660227579435393,0.3587345269058889,3.500787260343837
rgb_1720229406,bev_1720229406,-6.995095460999943,5.3772569021832375,0.1594403355670541,1.180996717409336,-1.521000435892356,0.4347743336207439,-0.4230180822347407,1.3085475193753746,-25.118951960728424,43.073478104365925,2.465765163213881
s1_rgb,s1_bev,-0.4473262133735574,17.463218031426994,0.2773894855158774,6.48488359737949,-3.344263487998047,0.6715287476852849,0.2495522524063336,1.0393938687447215,29.55294394648916,26.72566000792429,0.0
rgb_1720229230,bev_1720229230,-7.248677008666737,8.361484997174607,0.1593954299281511,-1.4911065625864932,-1.3439084309426337,0.4347927844178745,-0.3819712678686375,1.336572291809382,-39.059809242438526,54.29518276456376,2.5440739076845
rgb_1694958157,bev_1694958157,0.548564086139331,0.8174441762641494,0.1443027839233114,0.2714787395944611,0.8984187620024101,0.0972692758340898,0.536750907604453,0.7115139101274618,0.9754389372330268,0.8216427649454822,5.594709560540636
s3_rgb,s3_bev,11.990334735055123,-3.983405340639564,0.100521389163614,-6.092405565539748,-4.999896100144583,-0.1290212122952725,0.1876761124665396,1.2503669200596217,89.24621322940973,30.823112272675253,3.3263207763000224
rgb_1720151183,bev_1720151183,10.641562435583468,-3.753559132337273,0.1215520228934662,-5.653385471677152,2.8062628047354146,-0.7072694274580312,0.8545219865333558,1.0416192959607722,-0.3749732777141474,18.417368545823308,3.563091777182199
rgb_1720168826,bev_1720168826,17.54770537161758,-10.93481048382418,0.185701204538151,-1.195222882557294,7.545689530182869,-0.3052935450952692,0.7933441395542322,1.013698887702079,44.91199906410961,36.69864383928372,3.998081383676468
rgb_1720123452,bev_1720123452,-11.077680910302416,-1.2549635535758554,0.1589491173670513,0.7032788185688315,3.15871693075807,0.4862132259869667,-0.3856575531454892,1.0151260187811175,87.89077345005677,43.76873654198822,3.4017006900287696
rgb_1720169923,bev_1720169923,16.632464309584186,-8.112032285441932,0.1778053169625434,-4.051446753279564,6.467016237529244,-0.4465285367255255,0.9987956404375598,1.284207676303064,60.630231142925965,25.609455364324617,4.00031263179599
rgb_1694979442,bev_1694979442,0.8405438802975351,0.116169151069042,0.7558917767964662,0.3280884431170607,0.0072919452649652,0.6396633032494433,0.3458893335928747,0.8896663627871858,0.934691543071437,0.2018009607490442,7.741883679997922
rgb_1694867621,bev_1694867621,0.5079113004023869,0.4968909162620422,0.4794692794049284,0.8281272418110378,0.4391515251574452,0.1288530759399514,0.1634742624464631,0.9390992561370096,0.3664295745879056,0.3576645111342487,6.750907338518458
rgb_1694915378,bev_1694915378,0.300869671714766,0.2236042112926088,0.8288809804250629,0.8855833840883222,0.8589908341686338,0.5463956516511947,0.0621980652251834,0.8675975408564328,0.5992179351559758,0.8042111775643418,3.506572688793575
rgb_1720176931,bev_1720176931,18.930974624085323,-13.931166461959634,0.1928547543377669,-0.1190947331054701,7.040740736453319,-0.3156659336355599,0.636125844035959,0.9627428388086176,69.08852753397059,35.27170180936248,3.988297311091577
rgb_1694976567,bev_1694976567,0.4112263011060236,0.0685047238933039,0.0644280838241935,0.7112315246385302,0.5934539422701587,0.582797345648513,0.1750753828472012,0.0061136740748277,0.5732695378438544,0.5732998425133732,5.801587475836695
s3_rgb,s3_bev,3.2035827392130543,2.787161911366635,0.0487718041338835,8.222337145871991,-6.7665909216965225,0.1775107633552337,-0.7262624258328381,1.4275694160548416,74.227126689589,82.51197455303017,3.0210107846757563
rgb_1720169471,bev_1720169471,19.04724453926454,-5.260526879892824,0.1659238424869011,-3.0944734375757346,6.72195347066959,-0.3866839179343616,0.984289385530398,1.141323100874461,64.43943081071856,24.326811465192343,4.001780322291519
rgb_1720151798,bev_1720151798,10.559245757427522,-3.739194205023999,0.1210811265674365,-5.653385471677152,2.740875619838434,-0.7072306502890822,0.988187253228714,1.0412903874645012,-0.3738709689239954,18.124249999189693,0.0
rgb_1720269170,bev_1720269170,15.89636129556147,-3.753559132337273,0.1222596089236011,-5.653385471677152,2.806065255352061,-0.7072694274580312,0.95259881287326,1.0346473619787282,-0.750779906927832,28.99306994560891,3.6797792318780167
rgb_1694978591,bev_1694978591,0.962361842603581,0.2880240900166231,0.2801929682177153,0.8743449804103943,0.1581809704075411,0.6191503483155302,0.8841511000769994,0.451727575348724,0.5585726204083776,0.2964345793841416,3.4999855144780523
rgb_1694944292,bev_1694944292,0.876668746654394,0.0480388508774592,0.1111667252476767,0.1534817838382625,0.8826219203834533,0.7401188100257747,0.6733473515430699,0.4550359620507477,0.9393308699404588,0.1589190575703387,6.573178657921962
rgb_1720154118,bev_1720154118,10.567107447940703,-4.224616819109322,0.1214853680670798,-5.653385471677152,2.7362347585464946,-0.7030073198020296,0.9680344710039016,1.0407473077326743,-0.6580865602147554,19.78704846429528,0.0
s3_rgb,s3_bev,11.875609544571809,-3.763623017729525,0.109474817630999,-1.412336616500113,-4.808880564098994,-0.5989689502904341,-0.2523340071095028,1.2906847936386343,89.24621322940973,9.383677589112915,3.031918142047884
rgb_1720221395,bev_1720221395,-7.248677008666737,5.3772569021832375,0.1541000534384261,-1.4911065625864932,-1.3439084309426337,0.4347927844178745,-0.3819712678686375,1.336572291809382,-24.79417999303644,54.29518276456376,2.5458663743689587
rgb_1694951462,bev_1694951462,0.0667920936576035,0.6695949955836697,0.0622470687699255,0.6218024965073983,0.5210420921495322,0.385041307717926,0.2283925192440496,0.6952706270697447,0.8824850006249072,0.7750235259007924,3.402734008577929
s3_rgb,s3_bev,11.87561489134652,1.918991307979052,0.1021548704125923,-2.9967554081277985,-4.45534027286948,-0.1484044986770651,-0.3288935907638475,1.3074862190926415,89.24621322940973,20.79088354066544,4.779678044854747
s3_rgb,s3_bev,11.87561489134652,-3.983405340639564,0.1141367848760622,-2.9967554081277985,-9.150367300614755,-0.4921120972473192,-0.3021638225652847,1.3046643708525472,89.38796517803274,20.71095431503273,3.207131184508161
rgb_1694835868,bev_1694835868,0.9062476209448448,0.4047864922018622,0.916140639273134,0.2844904270835515,0.6838296240813,0.7660760667217742,0.4863002125613268,0.3524723428812375,0.2028731628775103,0.9731844366582272,4.360545915926293
rgb_1720260652,bev_1720260652,12.332218359859858,-4.150166182513516,0.1215520228934662,-5.653385471677152,2.816817549826583,-0.7153484474608531,0.9680535538477686,1.0474728920994918,-0.3750178314339933,18.31786345136413,3.629088049918887
rgb_1720212846,bev_1720212846,-7.245079557964667,6.272325073824479,0.1592684986033201,1.1801080866557907,-0.9222072878446212,0.434781869829911,-0.3759567148271798,1.369979193449113,-21.358875760216904,54.29413265631733,2.6414465816052406
rgb_1694889374,bev_1694889374,0.9914764606921116,0.5828126237421262,0.998261353687752,0.4256260556729514,0.3583957542876037,0.4877665987537294,0.863553566920121,0.6673912276683348,0.849522933867737,0.7497132613902278,7.449172201354055
rgb_1694977547,bev_1694977547,0.1767530530557493,0.8008436201912423,0.8957513874996667,0.3695760140563587,0.0753117853000084,0.8572615672998607,0.3504803775169781,0.6320632177925416,0.8076056263818713,0.4378928982296588,3.4999506890825827
rgb_1720124298,bev_1720124298,-11.130915920702687,-0.4517766327920753,0.1250151788195815,1.4724921916567195,3.314459334893794,0.4814799234042284,-0.58056105743158,1.0150769995101374,87.89077345005677,43.7518291680059,0.0
rgb_1720133348,bev_1720133348,-11.213425241193988,-1.1836418379014404,0.127176727548662,2.590514173066863,3.307258264328185,0.4814799234042284,-0.5699259464465545,1.015988704060648,87.89077345005677,43.75437700508703,0.0
rgb_1720181142,bev_1720181142,18.67261244911729,-7.386755125229351,0.1843345226418914,-0.566576286079453,6.144651595718351,-0.3885466002428046,0.9919547443408676,1.0641140042848174,65.94371958237988,25.759698371278954,3.997888770167751
rgb_1694946666,bev_1694946666,0.7279789897890432,0.2421793854336339,0.1640125275167909,0.1431974554907454,0.5466965193658291,0.7074338133604517,0.9308542905658914,0.2188907626625451,0.8882536313130476,0.9701902613345182,5.074199241577923
s3_rgb,s3_bev,3.965124246143468,6.563135032400439,0.0487718041338835,-3.2549449737132763,1.9074307955993104,0.201167830482872,0.8278381464289895,1.1714117812659632,23.97644231187061,96.33126066365456,3.3942254587226084
rgb_1694919121,bev_1694919121,0.430527445549492,0.8902551077959825,0.4267473579596172,0.7205068854477992,0.9342373884270536,0.084599905877205,0.3528929756700482,0.895418890845941,0.7678451780931872,0.0989630296150053,0.0
rgb_1694896992,bev_1694896992,0.1820197013100598,0.4643951380425846,0.1186411880923292,0.9499229889148582,0.3389728421249747,0.4120215185319913,0.1292130517483358,0.290227328608259,0.6508093743257726,0.5763152351617434,3.499943329612361
rgb_1694834843,bev_1694834843,0.4228080713836514,0.9983554909199286,0.1602224063875524,0.0523064282318643,0.4726377719193638,0.6465583540778981,0.4234009822733866,0.4926753430043649,0.0623770582724986,0.0648798889344369,3.49998472569554
rgb_1720217948,bev_1720217948,-6.984086103953073,5.28623300727309,0.1542525629482065,-0.9645516428143868,-1.3439084309426337,0.4347927844178745,-0.4208448857479367,1.3111445920154554,-22.4898371883324,56.67818642464376,2.4516097819163494
rgb_1694979841,bev_1694979841,0.6577141117274246,0.4458437804140522,0.3503949730872551,0.6681901022215118,0.6960355746692957,0.8408535308382735,0.4504240559145295,0.3684572241126254,0.8710749921780696,0.3652348197757961,7.656316677624178
rgb_1720263898,bev_1720263898,15.299006537733192,-2.6355123930182103,0.1215520228934662,-5.653385471677152,2.689562317839308,-0.7072223439456475,0.9680344710039016,1.0416149296730677,-7.197409946929909,19.87864662060712,3.802740032156681
rgb_1694923553,bev_1694923553,0.1133406204084167,0.4161684662893985,0.7353427847444937,0.3776955688762342,0.2362445293666095,0.4561951869907172,0.2494375308184503,0.0233688263922353,0.8660495490956861,0.3672216094609926,7.54326960785734
rgb_1694913181,bev_1694913181,0.910889782829888,0.9098510337276596,0.1436745235959404,0.0058575087404189,0.6063168611189599,0.033400952847711,0.8729097271392144,0.0473423154717066,0.6111225515526661,0.911293834579566,5.894584417451758
rgb_1694902357,bev_1694902357,0.2356010754746113,0.4420528239353906,0.4745405301084037,0.9098847148942268,0.5997846496509325,0.0628329378671737,0.5909967949128284,0.2500514593451375,0.8515423970234101,0.9087360128435672,11.889863551759662
rgb_1720230552,bev_1720230552,-6.656086481878148,5.376580859831645,0.1542989666689315,-1.4911065625864932,-1.3439084309426337,0.4347927844178745,-0.3819712678686375,1.336572291809382,-22.4898371883324,54.29518276456376,2.542277145937991
s1_rgb,s1_bev,-12.56367118673771,10.960367594721449,0.0478963981605154,3.9744738486609417,6.378935262047584,0.9460278804326584,0.2733206110879556,0.9868824491374288,38.41647036196798,89.8077395027923,3.2558424008454105
rgb_1694942514,bev_1694942514,0.1617826876452733,0.2716798031099313,0.4968288011823871,0.7793440655479748,0.8944443806769352,0.32496251360218,0.4544316173266354,0.9934808648135732,0.3397204913620718,0.119720523138029,3.42849301536734
rgb_1720146929,bev_1720146929,15.352166524588952,-3.753559132337273,0.1222596089236011,-5.653385471677152,2.81368938439744,-0.7072694274580312,0.95259881287326,1.041614472677779,-0.68605889748099,19.87011745693633,0.0
rgb_1720258759,bev_1720258759,10.641562435583468,-3.753559132337273,0.1215520228934662,-5.653385471677152,2.726268493220374,-0.7072694274580312,0.9680344710039016,1.0416189113126346,-0.3750178314339933,18.45931640085027,0.0
rgb_1720124378,bev_1720124378,-11.22405676117809,-0.5595844629414444,0.1214552044115538,2.532542106994578,3.3125094816702507,0.4817587725412744,-0.3277650807752627,1.016058186743564,87.89077345005677,43.826670797702256,0.0
rgb_1720159500,bev_1720159500,0.6013265319443661,-3.753559132337273,0.1141995075714032,-5.653385471677152,2.8139200394484742,-0.7072508108637865,0.95259881287326,1.013819302330063,-0.6590171353126095,19.87011745693633,4.326882423209145
rgb_1694919426,bev_1694919426,0.4731640266104568,0.5986636805613931,0.8191434814448402,0.2628681107295849,0.239406966308037,0.2370550484531863,0.524007540092052,0.4153682053189362,0.8367034010778331,0.576108315413149,5.246191393504696
rgb_1720131218,bev_1720131218,-11.213425241193988,-0.263839220218653,0.1238012914251377,2.590514173066863,3.1411753319026943,0.486786465622347,-0.435588492373068,1.0150769995101374,87.89077345005677,43.75437700508703,0.0
rgb_1720133750,bev_1720133750,-11.578069604443591,-0.3812094453853021,0.1227293013254527,1.4800720096593167,3.176141476451102,0.3685794507833213,-0.4316248250810079,1.0150769995101374,89.997334803781,43.75437700508703,3.597233254245884
rgb_1694919510,bev_1694919510,0.9596571332548172,0.0329437616379847,0.2551031205220605,0.6168452617471611,0.642210112405122,0.9182985957129672,0.1363716908575208,0.3421921339398237,0.1100872733222622,0.251467042112357,3.5023304504088406
rgb_1694951905,bev_1694951905,0.1884846236128419,0.7859786426405502,0.2572462016457983,0.6970656110389225,0.8025856547694485,0.0788000863932371,0.2962747582588197,0.8282496197711847,0.5446212054378143,0.6355384799330785,4.680730361297819
rgb_1694919590,bev_1694919590,0.4067766035725878,0.9697304038650778,0.0508792939613186,0.7877034623426733,0.4363155521955876,0.7108482607712805,0.3350929201077975,0.7277408578202299,0.9092340483392264,0.9482684902319078,3.5023304504088406
rgb_1694976920,bev_1694976920,0.95331557953103,0.724193968994234,0.7221900847988181,0.0918896502257099,0.4932924431592543,0.5561652524006856,0.5992498862653517,0.7034272577499024,0.2495286439464312,0.8180860920498471,3.5009988038060404
rgb_1720237965,bev_1720237965,-11.331146156033173,-1.2549635535758554,0.1279171145755356,1.4698074721374876,2.476365861089839,0.4862132259869667,-0.4106439280131183,1.0160248078432434,87.89077345005677,43.67257892722832,0.0
rgb_1720214795,bev_1720214795,-7.247830696792583,5.3772569021832375,0.1540291620457048,-1.4870334397238167,-1.3101674512305692,0.4347927844178745,-0.3769539906814164,1.3363654188432164,-24.79417999303644,43.09914393665117,2.574525156276109
rgb_1720137691,bev_1720137691,-11.331175495668468,-1.2549635535758554,0.1596176792253844,2.3913926482295444,3.125395982328083,0.4862132259869667,-0.6615101662946273,1.0160248078432434,75.44904935038792,43.67257892722832,0.0
rgb_1694825124,bev_1694825124,0.0345924961363086,0.1029370116877671,0.5543344467703254,0.609779215461514,0.6888263867754396,0.5252754764089672,0.9152749227668842,0.9360322624349844,0.7421237762478587,0.5822457265527019,0.0
rgb_1694833065,bev_1694833065,0.7702575224663839,0.0040277126485638,0.2526447546980785,0.9459560164639186,0.1512565588839334,0.9708651210009076,0.5088049042110429,0.4616338171920761,0.764370553291307,0.4022767546782788,3.4999691381288573
rgb_1694957580,bev_1694957580,0.649956118570355,0.9379388063523764,0.4983319492518189,0.6981535644424635,0.5931604126888974,0.0129485946924158,0.1898082877193208,0.7727119787231066,0.6750047070781902,0.8323970538579172,5.038600987206307
rgb_1720222010,bev_1720222010,-7.248677008666737,5.3772569021832375,0.146510709721517,-1.4911065625864932,-2.6391905940745177,0.4347927844178745,-0.3819712678686375,1.336572291809382,-25.22716229146629,54.29518276456376,3.640016444505963
rgb_1694828670,bev_1694828670,0.6018536978302883,0.4550873528294574,0.5863542176701637,0.362038239373852,0.663431294374899,0.7139560652875002,0.074058773575372,0.4662671105665497,0.8491089358963484,0.4579569067363486,7.601883541020453
rgb_1694978729,bev_1694978729,0.2948022338613829,0.4922946115263182,0.3081423391575917,0.3214349327055462,0.548258781926569,0.2245498913466865,0.2469752298313016,0.3097329081633134,0.1885226949522896,0.1989231241295447,6.587081438599129
s3_rgb,s3_bev,3.965124246143468,6.563135032400439,0.0487718041338835,10.0,-3.625072662215352,0.1775107633552337,-0.7262624258328381,1.43,8.174902676275906,82.51197455303017,2.7062740042369646
s2_rgb,s2_bev,18.63013698630137,-6.887396734480059,0.2863325740318906,5.062117417246468,6.429978363980233,-0.9796483361184604,0.5189336268488274,1.4198560459834737,-4.4958800266844605,7.852148388879392,0.0
rgb_1720140385,bev_1720140385,-11.331175495668468,-1.2549635535758554,0.1309199289289166,3.0961139508379425,3.125608643369944,0.4839261873163865,-0.5896807659688591,1.00905019795888,88.05315631377175,43.67257892722832,0.0
rgb_1694976252,bev_1694976252,0.4375126016747417,0.3907072044162406,0.9978579978600032,0.0123223986339243,0.5105298229923326,0.7221732602469219,0.4882743243904892,0.9157576973731828,0.7943431837235676,0.5811175065318075,5.526243987802404
rgb_1694975744,bev_1694975744,0.2632518478857337,0.3017063557882949,0.7631931545554814,0.818542213066534,0.6585663713069173,0.1413445074481972,0.7880833539370306,0.1540520856324111,0.3673438005934729,0.0161009488473998,3.4912813163546
rgb_1694888487,bev_1694888487,0.4240284645118611,0.3360198088519953,0.6070926960796229,0.0717771927236887,0.6756431832244184,0.5379558565493591,0.1896856632951614,0.4579328100617033,0.9637763667172952,0.3835830296213665,7.462321445032176
rgb_1720222320,bev_1720222320,-7.248677008666737,5.3772569021832375,0.1537796826267916,-1.4911065625864932,-1.3439084309426337,0.4347927844178745,-0.3819712678686375,1.336572291809382,-24.79417999303644,61.48884178768546,2.5478206898484563
rgb_1720148054,bev_1720148054,8.073417296146129,-3.753559132337273,0.1140037542461318,-5.653385471677152,2.806224557797295,-0.7072694274580312,0.9680344710039016,1.0319839349622364,-0.6791479382141716,31.461342610036265,3.3075773501781165
s3_rgb,s3_bev,11.875610264856476,2.367998590989337,0.1075278212954377,-0.4159379923821121,-7.059793380084058,-0.6656750482539461,-0.2786885703217121,1.300933541367317,89.24621322940973,9.383677589112915,4.779645256642613
s1_rgb,s1_bev,-0.4473262133735574,17.463218031426994,0.2848071615236116,6.711347889336023,-4.082640718688988,0.6715287476852849,0.2495522524063336,1.0393938687447215,29.55294394648916,26.62415918208476,4.549879851425813
rgb_1694982741,bev_1694982741,0.9470124904317144,0.8770423313080712,0.2552127060906811,0.9760957254844748,0.4707383810914944,0.3563717648560794,0.1275154536357577,0.3738776261690461,0.8444092324408461,0.5800616063543828,3.7896702593326688
rgb_1694920501,bev_1694920501,0.5098280146068509,0.740190168859163,0.964940800929286,0.0970427085227815,0.2262369251372307,0.7769651339473865,0.8767951203868558,0.4795618130325294,0.8745463089460054,0.6645986428524525,7.000664375339739
rgb_1720225976,bev_1720225976,-7.248677008666737,5.3772569021832375,0.1655681631473637,-1.4499128678276565,-1.3439084309426337,0.4347927844178745,-0.3739045903397752,1.3368335952988049,-24.73973377431944,60.19483639881618,2.5771397997760275
rgb_1720221571,bev_1720221571,-7.248677008666737,5.3772569021832375,0.1589117655533806,-1.4911065625864932,-1.3439084309426337,0.4347927844178745,-0.3819712678686375,1.337744408299161,-24.79417999303644,54.29518276456376,2.550196255204664
rgb_1720135760,bev_1720135760,-11.331175495668468,-0.4517766327920753,0.1596176792253844,1.4724921916567195,3.15871693075807,0.4095766870455177,-0.5896807659688591,1.0160248078432434,87.89077345005677,43.67257892722832,3.281451131840328
rgb_1694893399,bev_1694893399,0.1165804672809885,0.3027435725631345,0.7211419287127794,0.1877317621161619,0.0123842323882913,0.9520931302124078,0.4814462450195913,0.008800891027575,0.391782338412265,0.9906581752207266,7.000443981218334
rgb_1694823653,bev_1694823653,0.8359911569590244,0.5757931625140045,0.4437140589209731,0.8989539373871341,0.7387359730144106,0.0355647599043901,0.5094950919224018,0.1443566929262585,0.8949647041140815,0.4155042103308671,6.579041492621412
rgb_1694829326,bev_1694829326,0.51055220419521,0.5745608437253688,0.0662523724221409,0.8372116315323042,0.94876979628146,0.3310880223508244,0.6250024826199498,0.4404952947560959,0.8978507277982491,0.8043667109287808,7.458011970244759
rgb_1720255462,bev_1720255462,8.250571338797265,-3.753559132337273,0.1215522166963989,-5.653385471677152,3.3561319616663,-0.8525853742239189,0.9680344710039016,1.041614472677779,-0.8758334200807667,26.89666165069156,3.5482442068619413
s1_rgb,s1_bev,-3.6606355787802016,20.0,0.1573348336122097,-6.499205381501714,-7.0007761133599935,-0.4544596591967312,-1.0,1.170268535087009,14.857725000223368,94.89412177013908,0.0
rgb_1694829479,bev_1694829479,0.138024130269208,0.8792800694795774,0.0799162037230671,0.1718899674544641,0.6635424778069798,0.3295237289660072,0.092836700957129,0.2360121754323866,0.7579617697611417,0.7882634165960356,3.2531556160794577
rgb_1720231173,bev_1720231173,-6.006359083694237,5.3772569021832375,0.1494919731484715,-1.4911065625864932,-1.3439084309426337,0.4347927844178745,-0.3819712678686375,1.336572291809382,-38.80534981797328,54.29518276456376,3.640016444505963
rgb_1720234399,bev_1720234399,-10.49682359435862,-0.4517766327920753,0.123894567088967,1.4724371396714453,3.153862037862844,0.4814804338905933,-0.355437871325349,1.015122982603864,87.89077345005677,43.75437700508703,0.0
rgb_1720164358,bev_1720164358,16.189610963444437,-2.7137322114777724,0.1211037807853946,-5.653385471677152,2.7398347648571946,-0.7072694274580312,0.9939864140853748,1.0416149296730677,-0.3519803269857533,19.859801608823044,0.0
rgb_1720246576,bev_1720246576,-11.330610899664157,-0.4517766327920753,0.1276907565549564,1.472442772186671,3.122327310775839,0.4821140362709977,-0.5896807659688591,1.046816864273029,75.90813990260594,43.67257892722832,0.0
rgb_1720179171,bev_1720179171,19.874424864646883,-7.144489340280359,0.1768436457451509,-1.7801485268411668,6.656370537547332,-0.4441043699170175,0.9987955155981064,1.2863944173932562,28.06518940472411,21.24756411413212,4.000322166873053
rgb_1720219903,bev_1720219903,-7.248677008666737,5.3772569021832375,0.154317136868207,-1.4911065625864932,-1.3439084309426337,0.4347927844178745,-0.3819712678686375,1.336572291809382,-24.79417999303644,54.29518276456376,2.5449536004951656
rgb_1694838201,bev_1694838201,0.517887329924162,0.0039292602148814,0.2446001937357487,0.6629542296966343,0.3050596346875065,0.2593201921044301,0.4481411680104852,0.6844983334666863,0.0772044975955967,0.236973130950679,3.499925437553715
rgb_1720164306,bev_1720164306,8.733826660682467,-3.753559132337273,0.0929983163393429,-5.653385471677152,2.806376095283189,-0.4778697574505141,0.9680344710039016,1.0416189045361866,-0.3778381806470747,18.414053153343403,0.0
rgb_1694976463,bev_1694976463,0.3134496094400042,0.4268871911043019,0.2420953144546382,0.9062282824070796,0.6249927943199592,0.1985210491018318,0.6410532407800914,0.0799077998816248,0.89931216996466,0.8357675183955205,5.571014130990091
rgb_1694890700,bev_1694890700,0.9234422135555164,0.5775024328488794,0.7845683553958694,0.7023314548407041,0.7085463754706198,0.6346370453182196,0.5935546528818548,0.8771451303370466,0.0437787363792721,0.0576547149307957,7.333851013340345
rgb_1694904070,bev_1694904070,0.1070496773437668,0.634604552387232,0.3353887219574273,0.7799394467254332,0.6863243863938351,0.8603966115197595,0.9034668885598948,0.241318444081793,0.8666517724361084,0.3951444389709089,0.0
s2_rgb,s2_bev,17.29348281639154,17.019094276150383,0.1530626665012382,8.19384246629722,3.3673266189499635,-0.3722077596594096,0.3657688748796271,1.1009342519895042,78.07755684363323,0.0414624556335008,3.3009612300030566
rgb_1720269804,bev_1720269804,8.929757616944428,-3.753559132337273,0.1215522166963989,-5.653385471677152,5.989013931427081,-0.7072694274580312,0.9680344710039016,1.041614472677779,-0.8758334200807667,18.784698128751057,4.84384618414333
rgb_1694915447,bev_1694915447,0.4902351994357685,0.9386693704703098,0.6887380468455522,0.7510549887732517,0.9691121725227584,0.0280018637378453,0.1935087738613298,0.549194229637914,0.4113552523269227,0.6911112713105182,3.500787260343837
rgb_1720230862,bev_1720230862,-7.258984674928747,5.753018543371734,0.1594743134524899,-1.6256844995537083,-0.9110973399026284,0.4294920414840459,-0.1025611096686044,1.3774141519696448,-31.37405630370595,46.70027368289984,3.5328764170037834
rgb_1694838110,bev_1694838110,0.5638103623930074,0.9623656620936244,0.9387229161682872,0.101085190077682,0.2835010945469337,0.0306392208354761,0.0235366867405784,0.09330665828721,0.2711918874701061,0.3173237486320496,3.500627865444716
rgb_1694952748,bev_1694952748,0.0008934943245156,0.2870755981256785,0.6201326854855269,0.6080101636721755,0.7494859901174306,0.7256619117194175,0.04872915399759,0.2266137347368262,0.5503710278461919,0.3252390221817679,0.0
rgb_1694867451,bev_1694867451,0.636784364399713,0.1473042941556116,0.603312802968647,0.7785450270373426,0.3980578313436702,0.738755001593405,0.0389372130283571,0.7526911780886069,0.0993595765536242,0.7834572172966894,6.826044924420227
rgb_1720175305,bev_1720175305,18.9988134032982,-10.018741920280236,0.1465946485960348,-0.5666516406137401,6.472771966809887,-0.3866839937415435,0.9970664528934194,1.1130346288366109,64.33151868968497,19.06279583827052,3.989992918191486
rgb_1720264690,bev_1720264690,7.865103415758096,-3.746738792876549,0.1137815898492992,-4.045376787586327,2.806224557797295,-0.7034303142383056,0.9680344710039016,1.0327365182016477,-0.6752363339276144,12.578897949543247,3.101534843929257
rgb_1694982760,bev_1694982760,0.0204958570896519,0.825017062319101,0.7169618005487552,0.8356960004929561,0.9925330643705756,0.116479716589099,0.4182172913607508,0.6940231506968109,0.290427887920643,0.9700680826041734,6.809437053507208
rgb_1694899280,bev_1694899280,0.1078186628045783,0.8956732593382529,0.1129467044409632,0.0861920262937055,0.5913048935399718,0.9005642298580547,0.2442966909147926,0.1072282148308281,0.583756099195589,0.8686655901574589,4.705171750034778
rgb_1694834274,bev_1694834274,0.2829980215938441,0.6161497421769818,0.811823355629943,0.7050812724646001,0.9902655785919964,0.161836619278637,0.0854020294588294,0.5051489949834778,0.0384521145130841,0.0145373535543025,3.5000831120961644
rgb_1720172461,bev_1720172461,15.76721028647291,-6.06883842349408,0.2319110732089988,-1.2371486721032916,8.526873760100568,-0.296924782086742,0.7986342514131555,1.066786196492861,45.22347755669364,31.314034627233816,0.0
rgb_1720223817,bev_1720223817,3.327319560252405,13.524517264555044,0.2621824205183707,-9.364185358868,5.989060454590081,-0.4766889535925325,-0.3617434932786074,1.0894672952333648,-24.70706693271533,99.98173029282287,3.640016444505963
rgb_1720263948,bev_1720263948,10.559201221357805,-3.715183967551052,0.1210733150313227,-5.653385471677152,2.7370841154111645,-0.7067462280240802,0.988187253228714,1.0683863210872144,-1.1628921395584229,18.124249999189693,3.6146811173319646
rgb_1694980901,bev_1694980901,0.4303316715534346,0.2417364034239302,0.6728876349806442,0.7509982653654105,0.0776221385788046,0.4265176989202353,0.9578999677588728,0.936857106271632,0.7742545784999011,0.6769517811204664,3.500818023010261
rgb_1720267110,bev_1720267110,8.201514113411854,-3.826236453631566,0.1151318493085808,-5.653385471677152,2.8064714122087544,-0.7072487850708685,0.9680344710039016,1.041538064912516,-1.017189754151076,27.55191668040584,0.0
rgb_1694869492,bev_1694869492,0.1168791622515731,0.2890754084233968,0.5394461536374233,0.4260170700963324,0.4569203179233816,0.7674340552402672,0.3785316929670169,0.4020008876646658,0.1528794185396497,0.8928948099825479,7.001628761695848
rgb_1720127032,bev_1720127032,-11.213425241193988,-0.4517766327920753,0.1238012914251377,1.4342677189111654,3.1033939172751985,0.4814799234042284,-0.4401263668660845,1.0150769995101374,88.98187721623617,43.75437700508703,0.0
rgb_1694886979,bev_1694886979,0.2425326653907089,0.5523102339971615,0.7093938956048399,0.1661271162051658,0.3220555849300863,0.0010872258576702,0.674609329839437,0.7732068821794417,0.0299740791890994,0.544899060418181,3.500045968483212
rgb_1720171435,bev_1720171435,18.67510532382577,-10.018735146728288,0.1597917910981891,-0.5665764138128289,6.144651595718351,-0.3868542041727874,0.9919544647242748,1.068855026811026,64.45284752806629,24.9128763526998,3.993866908068381
rgb_1720122568,bev_1720122568,-12.801870316294066,-1.2444942255804108,0.1596176792253844,3.406182854223108,3.178121451885364,0.4862286752898677,-0.5465000191996385,1.0088682761859795,87.89077345005677,43.67257892722832,0.0
rgb_1720219682,bev_1720219682,-6.995095460999943,5.3772569021832375,0.1594372731938192,-1.503009564970304,-1.5334712355996274,0.4347743336207439,-0.4230180822347407,1.3085475193753746,-27.411976371954665,54.28052219589393,2.38282723656772
rgb_1694975644,bev_1694975644,0.2168001597371158,0.6877127930401561,0.3125331964103783,0.7125420786532783,0.1986817983450862,0.3637896298060754,0.2281280731890458,0.3876179342478584,0.45309175290562,0.1890146707248619,3.49160774135119
rgb_1694976846,bev_1694976846,0.0438281521442973,0.1512846800133752,0.5112509144086161,0.4617225523159605,0.9968210901516013,0.1167553742310659,0.8552400356155889,0.6882629223432265,0.7505187822094181,0.3702181499883039,5.347279271087932
rgb_1720241530,bev_1720241530,-11.331175495668468,-0.4517766327920753,0.1596176792253844,1.4724921916567195,3.15871693075807,0.4862132259869667,-0.5896807659688591,1.0160248078432434,87.89077345005677,43.67257892722832,0.0
rgb_1720249858,bev_1720249858,-11.211102883581136,-0.4517766327920753,0.1301147888999657,1.4693189505940136,3.160252395130156,0.4862132259869667,-0.5890579686176609,1.0151507202288457,87.89077345005677,43.6803286990786,0.0
rgb_1694941910,bev_1694941910,0.2318234307340737,0.2410466972163615,0.8731076957862085,0.0982580907000816,0.8342270854245865,0.0326117745891482,0.2645830735000192,0.6218975374035753,0.6951424474639124,0.2847523661975134,4.95324261793446
rgb_1694925366,bev_1694925366,0.5273719534683986,0.007139065166915,0.3558868400546786,0.0350758035433932,0.3041617474032033,0.3336337305298088,0.5296752754374647,0.0654666642173348,0.5770900385999138,0.4722317794242782,7.526281294044959
rgb_1720256575,bev_1720256575,8.201514113411854,-3.753559132337273,0.1137815898492992,-5.653385471677152,2.806224557797295,-0.7072694274580312,0.7731447171227661,1.0332283211648312,-0.98795233463062,25.99769070137422,3.509731334676645
rgb_1720246415,bev_1720246415,-11.349137146002311,-0.46725029872308,0.1134879819841808,2.590514173066863,5.067419961986037,0.4853391587908164,-0.4401263668660845,1.0150769995101374,87.89077345005677,43.4486191231246,0.0
rgb_1694911172,bev_1694911172,0.5943989306132059,0.9286586556092684,0.9317847190520162,0.6584369571062848,0.6760915157921779,0.8699270250896121,0.0315787328301124,0.8281429050872774,0.1272829288020542,0.7070215331053532,4.074642843305229
rgb_1694833532,bev_1694833532,0.7144653495571988,0.5743308546386062,0.0080136687308437,0.3697368249755161,0.5101809103504693,0.7029159939167741,0.5194334538920975,0.6808942706222215,0.2943285439101863,0.5583385106311108,3.5023304504088406
rgb_1694840038,bev_1694840038,0.5860957734666756,0.2844444011574314,0.405089867833507,0.9195018148187216,0.2092893351596375,0.0831811345913211,0.1275631663681479,0.7444288134028235,0.6504785668508795,0.1309518096863045,7.141184687069964
s1_rgb,s1_bev,-2.2681934304541467,17.831323810366875,0.2853074643055217,6.48488359737949,-3.071284928035632,0.5310852225833347,0.1877163020925483,1.0636598823244543,-53.941270474000255,29.23854358816557,0.0
rgb_1694870889,bev_1694870889,0.2828133084423099,0.6828397879933461,0.5106482506628709,0.0858333661730594,0.04669965623912,0.9158156867609372,0.8995971846708456,0.9968648760301247,0.1444288518934827,0.1371460848557153,7.535967411719602
rgb_1720143095,bev_1720143095,13.085216765494614,-3.764791140364871,0.1210811265674365,-5.653385471677152,2.7312075144460763,-0.6799130899974671,0.9680551897516504,1.0324126262766782,-1.1628921395584229,17.690218277657703,0.0
rgb_1694827630,bev_1694827630,0.2794190805757696,0.9890571647672564,0.8986085341075699,0.3453610298303277,0.1916426253000247,0.1499950721997829,0.9991334007945896,0.4877974467005572,0.1176464817241953,0.7164191750586811,4.013944308259714
rgb_1720250980,bev_1720250980,-11.331175495668468,-1.2644643838718324,0.1596176792253844,1.4724921916567195,3.125395982328083,0.4862132259869667,-0.6236162352451973,0.9836013600828948,87.83818343340471,42.06966724100335,0.0
rgb_1694838936,bev_1694838936,0.6468273335434334,0.1241752353675804,0.2786425376286195,0.8459908239740827,0.1712650562061203,0.232599967508204,0.9759084831337376,0.8301724983301385,0.6067951110559262,0.503781375368276,6.999979386957214
rgb_1694887487,bev_1694887487,0.0432747549699521,0.2955631837153819,0.1931888870041923,0.1062491395691614,0.3255868107563326,0.8139025990302131,0.4865193081510558,0.0568779184288222,0.7809766003026349,0.7982419492123995,5.742708464512028
rgb_1720229539,bev_1720229539,-7.257862878388465,5.753018543371734,0.1424928458748457,-1.3093120249825212,-0.9324185392027058,0.4895515955419545,-0.1018733535123288,1.4279103010188157,-24.76596521551972,52.76960567650034,3.378893988368308
rgb_1694894348,bev_1694894348,0.4643273867877653,0.571258164819492,0.8435171513037895,0.1227064669589504,0.890835673837023,0.8241502626117588,0.6800617306084149,0.5373437248993937,0.0299733362923569,0.581542362160964,7.464325816142589
rgb_1720222452,bev_1720222452,-7.223441353130834,5.3772569021832375,0.1594403355670541,1.180996717409336,-1.5179414659051569,0.4347743336207439,-0.4240640267693505,1.322853768602408,-25.118951960728424,43.073478104365925,2.474637802206501
s3_rgb,s3_bev,12.069440232851882,6.563135032400439,0.1911089112705517,-3.2549449737132763,1.9074307955993104,0.201167830482872,0.8278381464289895,1.1714117812659632,-62.02497740182166,96.33126066365456,2.6138242465928583
rgb_1720258348,bev_1720258348,7.790674267200014,-3.753559132337273,0.079797933898003,-5.653385471677152,2.0416722924799373,-0.7072707546572239,0.9489139113463064,1.0113515361941396,-18.60713362669196,19.87011745693633,0.0
rgb_1720147594,bev_1720147594,10.567107447940703,-4.224616819109322,0.1214853680670798,-5.653385471677152,2.7362347585464946,-0.7030073198020296,0.9680344710039016,1.0407473077326743,-0.6580865602147554,19.78704846429528,0.0
rgb_1694917180,bev_1694917180,0.5614577779021928,0.0615103356385136,0.730444271076968,0.8714184207881657,0.410258886935042,0.2440055680850892,0.2020807001730975,0.6134512898177298,0.8327419568766695,0.4127004067547752,4.806894003416724
s1_rgb,s1_bev,-0.4473262133735574,12.49475749552802,0.2848071615236116,6.488215665430322,-0.7848930668313779,0.6490095348492575,0.2495522524063336,1.0393938687447215,29.55294394648916,25.62658971433532,0.0
rgb_1694975949,bev_1694975949,0.8681270988526167,0.0083144572548645,0.4549260740213496,0.1836859140923427,0.629784886629074,0.2097448144667714,0.1981286417320745,0.6660224256443416,0.494266901155926,0.340056393993313,7.31625097740941
rgb_1720175757,bev_1720175757,19.159392372968064,-7.621074554248349,0.1802960247774182,-0.565409503283707,6.143956748913631,-0.3538917331769297,0.955293160767462,1.0640863065423918,66.44990700538543,20.02451043016593,3.997890041955879
rgb_1720159248,bev_1720159248,8.786343052510382,-0.1405253238493955,0.1142726543067697,-5.653385471677152,2.7372314482285205,-0.7123342611014887,0.9660883182417928,1.0338648196704476,4.264087565747516,23.620232096926514,3.0367764688871417
rgb_1720216123,bev_1720216123,-7.245079557964667,5.3772569021832375,0.1594719556325411,1.280478611924929,-0.9222072878446212,0.4347811134539552,-0.3759567148271798,1.3727531675264966,-24.79417999303644,54.29413265631733,2.614484007563261
rgb_1694892380,bev_1694892380,0.0782101225513296,0.2353437803275578,0.4749139270091923,0.1926582454354348,0.8059862574425437,0.9604725442635484,0.1747170680779003,0.7801480192147808,0.6968508725016368,0.6113812340990715,3.50130447786618
s3_rgb,s3_bev,11.875614382880414,-3.763623017729525,0.139009121710601,-1.7931522591211504,-4.808880564098994,-0.6656750482539461,-0.2980538926975005,1.307390028450789,89.25477208219192,9.41642528897754,3.1749399885754923
rgb_1720268456,bev_1720268456,10.312314979803713,-4.155623720139477,0.1143626799951145,-4.661318248690906,2.806260171692836,-0.7034303142383056,0.9680344710039016,1.0327365182016477,-0.6752072677785463,18.55925271068872,0.0
rgb_1720141998,bev_1720141998,-11.331175495668468,-1.2549635535758554,0.1596176792253844,1.4724921916567195,3.125395982328083,0.4862132259869667,-0.6745932619362421,1.0294132065704853,75.44904935038792,43.71807806517484,0.0
rgb_1720151897,bev_1720151897,10.559245757427522,-3.752648290328288,0.1210811265674365,-5.653385471677152,2.7370841154111645,-0.7066616367679188,0.988187253228714,1.0413252706721718,-1.1628921395584229,18.239320321000086,0.0
rgb_1720181407,bev_1720181407,18.777511501929148,-13.931166461959634,0.2100095347760318,-0.1187873946561506,7.24861853416018,-0.5179290282020382,0.6288242908638586,0.9593486448800038,87.09500753047837,35.271622737975704,3.994387515263077
rgb_1720257439,bev_1720257439,10.788613623665563,-4.929187357324325,0.1214853680670798,-5.653385471677152,2.74135606902896,-0.706161363330871,0.9680344710039016,1.0319532554601567,-6.019839972871381,27.21189595391216,0.0
rgb_1694923950,bev_1694923950,0.3748149317418051,0.9511938320675828,0.7605938431697884,0.3827609450717247,0.2559152951539533,0.0857306167756383,0.310330643328662,0.9496414926134422,0.685746324848603,0.4268919984764856,3.6327961739151338
rgb_1720245134,bev_1720245134,-11.331175495668468,-1.2549635535758554,0.1595940559237519,1.4724921916567195,3.1586871342696003,0.4830353810797085,-0.5896807659688591,1.008499742613944,82.34277588422245,43.67257892722832,0.0
rgb_1694948326,bev_1694948326,0.8843710809580553,0.4509315404834856,0.6290188387351835,0.3983794791365138,0.7849688378533594,0.8043488767945797,0.6402515622736938,0.0433920773939827,0.974468056189614,0.7384133133295426,3.414835081916373
rgb_1720182956,bev_1720182956,18.912670472766223,-9.49828135278425,0.1418291525664276,-0.676448385816597,6.467763519564436,-0.4465285367255255,0.9987935621973842,1.193036214160514,60.630231142925965,24.940445148026644,4.00008666628827
rgb_1720261938,bev_1720261938,10.567107447940703,-4.224616819109322,0.1214853680670798,-5.653385471677152,2.802464098780618,-0.707266468876294,0.954040024374662,1.0414986648041795,-0.6580865602147554,18.267706240706367,0.0
rgb_1720136363,bev_1720136363,-11.331175495668468,-1.2549635535758554,0.1596176792253844,2.8805020339849907,3.15871693075807,0.5065946880768433,-0.5753365467820342,1.005372639078013,87.89077345005677,43.74390280129997,0.0
rgb_1720148773,bev_1720148773,10.641562435583468,-3.753559132337273,0.1215520228934662,-5.653385471677152,2.8064778968274435,-0.7072694274580312,0.9680344710039016,1.0416189113126346,-0.3750178314339933,18.41240233403594,0.0
rgb_1694909701,bev_1694909701,0.1360199186409038,0.6893312807542279,0.458325905021854,0.2567148990665934,0.2549465317487079,0.3779601464301173,0.9759861611546484,0.3470676728660042,0.1146405716289172,0.9987680741010088,6.045163548804392
rgb_1694892894,bev_1694892894,0.6071623900321996,0.6486591141532895,0.9546847977536472,0.6240222524378729,0.5133315263913821,0.5435030886966,0.3447286980874045,0.1505907305746358,0.3785042835051141,0.3748470066839078,3.5006844310236462
rgb_1694898294,bev_1694898294,0.4297705463319986,0.3378217431133622,0.6006579544423102,0.1972848584710858,0.6172997901834882,0.140938623759358,0.3021779486097364,0.2511751495669345,0.3865613366548207,0.2171650858988489,7.456498341972018
rgb_1720264491,bev_1720264491,10.641562435583468,-3.753559132337273,0.1215332670038222,-5.653385471677152,2.806224557797295,-0.7072694274580312,0.9680344710039016,1.041614472677779,-0.8758334200807667,26.12269771563133,0.0
rgb_1720230112,bev_1720230112,-7.248677008666737,5.3772569021832375,0.1537796826267916,-1.4911065625864932,-1.3439084309426337,0.4347927844178745,-0.3819712678686375,1.336572291809382,-24.79417999303644,54.29518276456376,2.543310143073697
rgb_1720123935,bev_1720123935,-9.175090262207243,-0.757238453545849,0.1291513739183558,1.479333738145165,3.3270342492838534,0.4814799234042284,-0.3556311681348804,1.0150769995101374,87.89077345005677,39.781368662514666,0.0
rgb_1694907277,bev_1694907277,0.9195232662423044,0.8242860609872971,0.5138224696772681,0.8955162638059562,0.324497970703523,0.6978589196764079,0.3202498943464205,0.6564865185586553,0.0616744338201732,0.5421160459673892,3.5000792832876537
rgb_1720140304,bev_1720140304,-11.330615939975514,-0.4517766327920753,0.1276907565549564,1.1806698653891523,3.122327310775839,0.4821422712576761,-0.5862928528252944,1.0148785429144207,63.05133444110143,45.73819116098067,0.0
rgb_1694898968,bev_1694898968,0.5348539189775448,0.0398004951654858,0.5770487672691172,0.0627656368167629,0.6795344341683965,0.4514028858041392,0.598146320170908,0.2242256684910254,0.0361548964222649,0.3455610827438674,7.534892658741565
rgb_1694926134,bev_1694926134,0.3953612179615861,0.4053998183491974,0.4540519984296071,0.2844696605312611,0.922605157179182,0.3030784285652528,0.6266276694343363,0.8054737649749194,0.9576391048753776,0.045899227792391,3.91008352885852
rgb_1720167646,bev_1720167646,16.97674942298118,-3.753559132337273,0.1226695627819575,-5.653385471677152,2.81368938439744,-0.7072694274580312,0.95259881287326,1.041614472677779,-1.176317947231837,19.87011745693633,2.6051248125675253
rgb_1694870729,bev_1694870729,0.9560097386007672,0.6036418946100135,0.7849494097510393,0.5539472522436893,0.541640909900274,0.5848818409952163,0.305490782724538,0.3638975096811141,0.430300381305705,0.3581630807927319,3.499993959070691
rgb_1694901674,bev_1694901674,0.4289930551978441,0.6253026828693318,0.7601683499602634,0.9204899942293068,0.82408015229497,0.710949733660847,0.8875588865957972,0.3665463736379036,0.4529340397404421,0.5785037945801776,3.500586428175944
rgb_1694868804,bev_1694868804,0.2255537765455599,0.3561795999197885,0.9438112502508208,0.7153427488588144,0.6935143768876567,0.2454193569772913,0.0962440012870876,0.9239177688458136,0.0177265728407716,0.7147682150190032,7.339762310225573
s1_rgb,s1_bev,-0.4473262133735574,19.178323297482702,0.2848071615236116,6.488896811330488,-0.6753426523877124,0.6475948617972553,0.1765622740529036,1.061892683078942,29.55294394648916,26.724415749362567,0.0
rgb_1720179437,bev_1720179437,17.995891333033867,-10.77078490413356,0.1878095232196805,-1.196399906383025,7.508979957055061,-0.2963829327758497,0.7987411600581413,1.0201576346369023,44.09502986675725,34.22631084091807,4.000148038849107
rgb_1720156836,bev_1720156836,15.56168090895696,-4.224616819109322,0.1215633001691718,-5.653385471677152,2.7370841154111645,-0.7591842440589698,0.9680344710039016,1.031699742690982,-1.1628921395584229,20.01886017910287,3.6215457799974495
rgb_1694828523,bev_1694828523,0.9647493015428066,0.8462960340668341,0.7515015797945033,0.1692901027240242,0.6672164302013512,0.7082027672047009,0.2516180241405198,0.9729317545200048,0.329928145836561,0.085990544123506,8.425996608086455
rgb_1694910583,bev_1694910583,0.9065378127280518,0.4862326436153228,0.5480257307763623,0.629212003369963,0.8875232238293255,0.8086744870962823,0.2370723451478416,0.4551424009691003,0.0746578102694114,0.4793036974269772,7.443753392890746
rgb_1694925300,bev_1694925300,0.4074614886233497,0.7829674706954283,0.5503785030247045,0.5524711274702071,0.344625139517445,0.7637834281735298,0.6004753309962696,0.8551509767320479,0.8705715556077097,0.5997259182701384,6.989905877702926
rgb_1720164410,bev_1720164410,10.6611562360628,-3.753559132337273,0.1137815898492992,-5.653385471677152,2.806224557797295,-0.7072694274580312,0.9680344710039016,1.0332283211648312,-0.8558004331887474,40.57152465809989,0.0
s3_rgb,s3_bev,3.965124246143468,4.0186057703139255,0.0487718041338835,10.0,-3.625072662215352,0.1104416822016456,-0.6664448693800191,1.43,13.146147956345803,92.0539592858546,0.0
rgb_1694889713,bev_1694889713,0.5270069763390602,0.221231028268424,0.3806620339996946,0.3948938674090201,0.8093357946036157,0.3221751661681191,0.8833504077200007,0.6449459970476393,0.3309873278753468,0.8377106326902276,7.527303453873554
s3_rgb,s3_bev,14.879770472174444,-3.747673490900073,0.1078591132798512,-1.7931522591211504,-4.662253779392887,-0.6656750482539461,-0.2786885703217121,1.3007592717231322,89.24283343406555,9.383677589112915,3.207236904668712
rgb_1720238766,bev_1720238766,-11.321601340546746,-0.3945908322280473,0.1565787697272916,1.469197341268201,3.1254002462495976,0.4861113886924613,-0.7478515889706998,1.0160248078432434,88.8875145119182,43.69200500420991,0.0
rgb_1694942939,bev_1694942939,0.0716757772765616,0.2304394826381259,0.2397858868223952,0.4030926132199139,0.7075888118650177,0.8328177403307486,0.7589483718872212,0.0622371967748754,0.0687500619097826,0.6616338669212116,3.500901444362784
s3_rgb,s3_bev,11.875610264203114,-0.2822103167222778,0.1077412980586291,-1.77820265929663,-4.808880160506519,-0.6656750482539461,-0.2820477410126821,1.300918996514744,89.18689490371494,9.383677589112915,3.0206611368336187
rgb_1694833898,bev_1694833898,0.493514208338996,0.48560677675947,0.9593124321867348,0.0621435523995215,0.9692221190617498,0.3007941267470772,0.3787208167297613,0.2575302020518486,0.2157878902549944,0.4232155546475642,3.5023304504088406
rgb_1694982449,bev_1694982449,0.1850946616630679,0.5488635808876815,0.7985884476067016,0.2686313875565019,0.5952284317341474,0.6472228279665999,0.4781465947934646,0.8588790548021806,0.6470211724438738,0.334632200868898,3.7896702593326688
rgb_1720147341,bev_1720147341,8.852649461323683,-3.753559132337273,0.1210792054649663,-5.653385471677152,2.7372314482285205,-0.7072694274580312,0.9680344710039016,1.0393841478547652,5.938733996233324,18.49954195682225,3.5580906572635
rgb_1694922462,bev_1694922462,0.2470899768328279,0.8155458366318352,0.0774935827487449,0.992557726217718,0.1670161219299867,0.7085494634012366,0.1331983202319805,0.3755630478420088,0.8855176638705462,0.1489947017116569,5.550455485914738
rgb_1720239407,bev_1720239407,-11.331175495668468,-1.2549635535758554,0.1596176792253844,1.4724921916567195,3.15871693075807,0.5143647501317774,-0.5896807659688591,1.008499742613944,87.89077345005677,43.67257892722832,0.0
rgb_1694890283,bev_1694890283,0.922885565763442,0.2804872509444299,0.6701765679550533,0.4645137697560743,0.7288797758343936,0.3909080522731155,0.2021927080403914,0.6189078674132081,0.2981530958450386,0.9075235304518732,5.075848384428529
rgb_1720167030,bev_1720167030,8.847841404439293,-2.5021714847928287,0.1166956091100211,-3.31276222106618,1.1663236403517256,-0.973545725713622,0.9678227185685232,1.042069956165797,4.375054897092312,28.82403593564964,4.908828337822073
rgb_1720222408,bev_1720222408,-7.248677008666737,5.3772569021832375,0.1537767489358398,-1.4911065625864932,-0.6289323219444043,0.4347927844178745,-0.3819712678686375,1.3941385219033535,-24.79417999303644,54.29518276456376,2.561690075216577
rgb_1694956126,bev_1694956126,0.0365203393982674,0.869097926577332,0.569486412814055,0.3348386407522206,0.4467300136402871,0.235391307344747,0.5739735509348962,0.7984749603505455,0.8612927776706554,0.6773447332891387,3.9121774166663448
rgb_1694867706,bev_1694867706,0.946627030438808,0.8229681082008381,0.5020402767740604,0.8564436648977942,0.3965309731575043,0.7764018234743337,0.4383452402913326,0.476958105918453,0.6759561359710754,0.0385733246260329,4.013615848280454
s2_rgb,s2_bev,7.957963637418125,-10.51688738871998,0.1734220337388825,7.705692145976517,8.123448579429386,0.6317236444244725,0.964851985758136,1.2672240828623398,63.69805254640727,68.05261383237769,0.0
rgb_1694835500,bev_1694835500,0.7797882823804171,0.059156705684993,0.7896165062971343,0.3467627320137165,0.2100063713452171,0.2477264591437564,0.8341873436555696,0.112295126362007,0.8177932036412697,0.3496420058575685,3.49918254653548
rgb_1720137771,bev_1720137771,-11.216510090368129,-0.4517766327920753,0.1243710726128912,1.4692884792994203,3.1699498795432284,0.4814799234042284,-0.463991356083662,1.0148762485995868,87.89077345005677,43.75437700508703,0.0
s1_rgb,s1_bev,-0.4473262133735574,12.49475749552802,0.2848071615236116,6.488215665430322,-0.7848930668313779,0.6490095348492575,0.2495522524063336,1.0393938687447215,29.55294394648916,25.62658971433532,0.0
rgb_1720129448,bev_1720129448,-11.331175495668468,-0.380592650133714,0.1183198665602869,2.832542167871132,3.15871693075807,0.5127693276523679,-0.5862672935491561,1.0065145136078957,87.89077345005677,43.67257892722832,0.0
s3_rgb,s3_bev,3.965124246143468,6.563135032400439,0.0487718041338835,10.0,-3.625072662215352,0.1775107633552337,0.5291069128259291,1.43,8.174902676275906,82.51197455303017,3.988759010627681
s1_rgb,s1_bev,-3.6606355787802016,20.0,0.1573348336122097,-6.0200437087207535,-7.0007761133599935,-0.4544596591967312,-0.7329475257452798,1.170268535087009,90.0,94.89412177013908,0.0
s3_rgb,s3_bev,3.965124246143468,4.0186057703139255,0.0487718041338835,10.0,-3.625072662215352,0.2965583824028528,-0.7262624258328381,1.43,90.0,89.8379818790375,3.4334475082403566
rgb_1720238526,bev_1720238526,-11.330091137742968,-1.7462237044093527,0.1596176792253844,1.4724921916567195,3.15871693075807,0.4862132259869667,-0.5894805966134219,1.016011761923156,87.89077345005677,43.67257892722832,0.0
s3_rgb,s3_bev,11.87561489134652,-3.0073123394225583,0.1175822617622788,-2.8500845234602017,-4.3998162140272985,-0.2495544874287719,-0.3021638626315493,1.3073403010793838,89.24544170919377,20.77024708344001,3.2070247220359467
rgb_1720246496,bev_1720246496,-9.175090262207243,-0.8385021985797536,0.1291513739183558,3.070956552860162,3.3270342492838534,0.4814799234042284,-0.1736782852429098,1.0150769995101374,87.89077345005677,46.56808350254997,2.626988046869072
rgb_1720221219,bev_1720221219,-6.515819892780419,5.3772569021832375,0.1595631961762225,-1.4911065625864932,-1.3439084309426337,0.4347927844178745,-0.3819712678686375,1.336572291809382,-24.79417999303644,53.49731730989701,2.554613106034408
rgb_1720269119,bev_1720269119,10.666549098943882,-3.7749322605351097,0.1222527484740478,-5.653385471677152,2.736267954855464,-0.7141260503628248,0.9553021934201984,1.031699742690982,-1.1628921395584229,18.76370820932376,3.6298104928883865
rgb_1720166466,bev_1720166466,11.275847076889448,-4.117966043445467,0.1210811354208839,-5.653385471677152,2.8074349773407885,-0.6853904476730132,0.9680346086254203,1.022117138918249,-1.1628921395584229,23.292097821757952,0.0
rgb_1694954466,bev_1694954466,0.3449853209596027,0.5625614719296088,0.1950867313530575,0.9173954191548772,0.9484629024438012,0.1696142631466077,0.1727576342091525,0.8031813502578479,0.7045466168982741,0.7758915765817886,3.5007541970791647
rgb_1720126027,bev_1720126027,-11.331175495668468,-0.4517766327920753,0.1596176792253844,1.4724921916567195,3.15871693075807,0.4852821641839455,-0.6260523388797081,1.0096370121673457,87.89077345005677,45.81035182744976,0.0
rgb_1720251501,bev_1720251501,-11.213425241193988,-0.4517766327920753,0.1238012914251377,1.5275590563008556,3.302354067466148,0.4814799234042284,-0.4401263668660845,1.0150769995101374,88.98187721623617,43.75437700508703,0.0
s2_rgb,s2_bev,8.41997730612583,-8.663781015388468,0.1709025710466589,7.716476422755193,8.129360923438101,0.7504477144007147,0.9718111458848336,1.2380656829514454,60.72384562087419,67.89769309025687,0.0
rgb_1694891710,bev_1694891710,0.9714382969867678,0.2123597029543178,0.5192298182261785,0.8020418693923563,0.2527605152235254,0.4271871282956718,0.5278520336305226,0.458133645000463,0.2636052094372478,0.1507038216856482,3.4996692067973245
rgb_1694912370,bev_1694912370,0.8956579193163232,0.8152189363189627,0.2319915757911554,0.6920989454271474,0.370964170371311,0.3321737192968378,0.4529441255899566,0.648272608431736,0.1059788056220868,0.3504580117503006,0.0
rgb_1694894089,bev_1694894089,0.8709245362740219,0.974728749505518,0.7497339163175344,0.3024573980350235,0.6350805458298292,0.7092532454776009,0.2336801483281922,0.5481735939701007,0.2392004826740271,0.5969712770447441,7.370926343795072
rgb_1694942585,bev_1694942585,0.8167800431104248,0.4873344003938107,0.7905856438183688,0.1971266104796426,0.8521103582582622,0.2165796727072951,0.7158604220810658,0.5540522990998089,0.8139982293612682,0.2854874475129574,3.301888487990225
s3_rgb,s3_bev,3.965124246143468,4.0186057703139255,0.0409470779992982,8.61111111111111,-4.67219308106352,-0.3757395824262324,-0.7262624258328381,1.43,74.22436459246273,82.51197455303017,3.89230038284004
rgb_1720166669,bev_1720166669,8.201514113411854,-3.7414436301380434,0.1137815898492992,-2.9158144542040807,2.806224557797295,-0.6254998147082717,0.9680613247081084,1.0317431866399709,-1.1307818840686394,22.632397334941874,3.5497881910297107
rgb_1720128603,bev_1720128603,-11.209533640762174,-0.4517766327920753,0.154908751003559,1.4724921916567195,3.15871693075807,0.4814799234042284,-0.5459740393646175,1.0088682761859795,87.89077345005677,43.67257892722832,3.141375492254602
rgb_1694922547,bev_1694922547,0.1815183720875243,0.5448120397861458,0.0448822293529054,0.0062895698283852,0.2511472468599254,0.4096366046009394,0.7257385346143034,0.9379866822661608,0.4285566887137662,0.6051758227757164,5.5804366614147005
rgb_1720254705,bev_1720254705,10.641562435583468,-3.753559132337273,0.1215522166963989,-5.653385471677152,2.806224557797295,-0.7072694274580312,0.9680344710039016,1.1406567507975294,12.928634513323049,26.560252892750107,3.562937480056164
rgb_1694896753,bev_1694896753,0.082521291229145,0.2225510422550649,0.6084527048321415,0.4346776493985596,0.8969257639040162,0.2545323008553313,0.7486938467062451,0.8786214518108358,0.3909693887447565,0.3667383518787618,0.0
s1_rgb,s1_bev,-0.4492165436992863,17.71652945051083,0.2846870031962179,6.485045603693088,-2.985343518068147,0.4507695134741565,0.019336249549601,1.0394523157854405,29.55294394648916,25.86128918644232,0.0
rgb_1720128643,bev_1720128643,-11.331175495668468,-1.2549635535758554,0.1596176792253844,2.8805020339849907,3.126411675694662,0.5065946880768433,-0.5896807659688591,1.0160248078432434,73.18345027280006,43.67257892722832,0.0
rgb_1720233199,bev_1720233199,-11.331175495668468,-0.4517766327920753,0.1596176792253844,1.4724921916567195,3.15871693075807,0.4852821641839455,-0.6260523388797081,1.0160248078432434,87.89077345005677,45.81035182744976,0.0
rgb_1720232012,bev_1720232012,-7.248677008666737,5.3772569021832375,0.155854360432917,-1.4911065625864932,-1.3439084309426337,0.4347927844178745,-0.3655068893152076,1.336572291809382,-24.79417999303644,54.29518276456376,2.6039975828550763
s3_rgb,s3_bev,3.965124246143468,4.0186057703139255,0.0487718041338835,10.0,-3.625072662215352,-0.0269882141498787,-0.7262624258328381,1.43,74.22436459246273,89.8379818790375,0.0
rgb_1694901444,bev_1694901444,0.302820983747081,0.5773807682961616,0.5937609125188211,0.9997149624543512,0.0827149054668163,0.7854836170252333,0.7265210972472601,0.3054735348861647,0.8660161809800535,0.1049050024161392,3.5004790312442755
rgb_1720266406,bev_1720266406,6.030626293116459,-2.838775894117177,0.1082948169803398,-4.045376787586327,2.806419633690684,-0.6844929994677791,0.9680344710039016,1.0327365182016477,-0.3833740914069494,19.910428330708875,4.853775733794672
rgb_1720236401,bev_1720236401,-14.343854066782484,-0.4517766327920753,0.1238012914251377,1.4724921916567195,3.1699498795432284,0.3348536724002295,-0.4044639928271146,1.0150769995101374,87.89077345005677,43.75437700508703,3.72484843253385
rgb_1720232715,bev_1720232715,-7.214336807062127,5.3772569021832375,0.1655681631473637,-1.4911065625864932,-1.3629209255778072,0.4347927844178745,-0.3821897199939701,1.336572291809382,-41.08135725843788,45.088479982522905,2.549105124122757
rgb_1720134514,bev_1720134514,-15.99630646559317,-2.2485810673716387,0.1281137326030004,3.4155609683503148,3.303443221679625,0.3935913252062937,-0.4586853572443036,1.0150769995101374,87.89077345005677,43.75437700508703,0.0
rgb_1694956585,bev_1694956585,0.1156511650651229,0.6344180481126318,0.1027632793141899,0.7003477853359411,0.6629822631714162,0.5532153462929802,0.3247588617861819,0.1021700437481946,0.1221308637141537,0.1946403179874034,5.07350844509715
rgb_1694908337,bev_1694908337,0.2509957380279771,0.9749460963363374,0.3305100272049452,0.4902709478255163,0.4580693917180322,0.9508155367678934,0.3722975037268187,0.9373097520811308,0.2281919011451729,0.987778312051936,6.584173853299802
rgb_1694942106,bev_1694942106,0.794481497830046,0.2794044862919466,0.9270123457350514,0.6439122356844457,0.4272617774580299,0.7819856943763492,0.5844064508257713,0.1311054306945036,0.650218664445782,0.8450443736988263,7.617287742132295
rgb_1720253250,bev_1720253250,8.201514113411854,-3.753559132337273,0.121066246396073,-5.653385471677152,2.806224557797295,-0.7072694274580312,0.9680344710039016,1.032614580222073,-0.98795233463062,26.89666165069156,0.0
s1_rgb,s1_bev,-0.4473262133735574,17.98788006343289,0.2920937096767965,6.49325297448484,-3.302716615261703,0.6715287476852849,0.2172472966176679,1.0636598823244543,29.55294394648916,27.34860296591227,0.0
rgb_1720265248,bev_1720265248,10.567107447940703,-4.224616819109322,0.1144390761624805,-5.653385471677152,2.736241752754145,-0.7030073198020296,0.9680344710039016,1.0217464790931472,-1.1628921395584229,21.65635576288915,0.0
rgb_1694868206,bev_1694868206,0.8742048592457186,0.3794658491464936,0.9098222845763754,0.0135245856755027,0.2963114690704829,0.5479220003704586,0.19347065455828,0.3210060271014332,0.1192790126671327,0.6418971713387059,7.420709038628229
rgb_1694892810,bev_1694892810,0.2488430598144743,0.2307315705344816,0.1687031049119678,0.0384106519974263,0.2909857359928682,0.2542665645783395,0.2709776955822731,0.0113868473877698,0.1939647577526017,0.968430088347998,3.5006844310236462
rgb_1720232540,bev_1720232540,-7.257862878388465,5.753018543371734,0.1424928458748457,-1.3093120249825212,-0.9294608350188476,0.4895515955419545,-0.1018733535123288,1.4218415834833216,-24.76596521551972,52.76960567650034,3.3537440496088826
s1_rgb,s1_bev,0.0704729988887287,12.49475749552802,0.2848071615236116,5.3747757875165005,-0.7848930668313779,0.645695329038162,0.3584374648010073,1.0393938687447215,28.682722944107407,79.34215211779073,3.0158649884201494
rgb_1694909940,bev_1694909940,0.941000591244838,0.5369325347353717,0.2980726051191713,0.4109556139751753,0.7725881633112281,0.3867498283243972,0.7857189133391356,0.7216293207412459,0.81354334919802,0.3529823820628797,3.501286951009813
s1_rgb,s1_bev,-3.6606355787802016,20.0,0.0,1.3756104726391776,-10.0,-0.4835763427929522,0.2877927591729683,1.170268535087009,14.857725000223368,94.89412177013908,0.0
rgb_1720157404,bev_1720157404,16.189610963444437,-2.7137322114777724,0.1215520228934662,-5.653385471677152,2.8064778968274435,-0.7072694274580312,0.9680344710039016,1.0416149296730677,-0.3519803269857533,19.859801608823044,2.965925339808188
rgb_1694833065,bev_1694833065,0.7702575224663839,0.0040277126485638,0.2526447546980785,0.9459560164639186,0.1512565588839334,0.9708651210009076,0.5088049042110429,0.4616338171920761,0.764370553291307,0.4022767546782788,3.4999691381288573
s2_rgb,s2_bev,20.0,-20.0,0.1695652173913043,5.545577155157112,9.144201968335471,-0.9796483361184604,0.5189336268488274,1.3875175461141125,88.79801678679273,7.852148388879392,3.9852819505022734
rgb_1694838201,bev_1694838201,0.517887329924162,0.0039292602148814,0.2446001937357487,0.6629542296966343,0.3050596346875065,0.2593201921044301,0.4481411680104852,0.6844983334666863,0.0772044975955967,0.236973130950679,3.499925437553715
rgb_1694888569,bev_1694888569,0.4068894775462718,0.3461726431999502,0.6585904678552832,0.6854811689528273,0.5192708912649691,0.1444927880481574,0.4502256397706398,0.5729490536743558,0.9713471428088284,0.6266886586607878,7.72115052141084
rgb_1720135077,bev_1720135077,-11.331175495668468,-1.2476166619563926,0.1596176792253844,2.8805020339849907,2.4117883326919465,0.5065946880768433,-0.6449170014598088,1.0160248078432434,87.89077345005677,43.67257892722832,0.0
rgb_1720175683,bev_1720175683,19.2042742946344,-4.2490343895040645,0.1533477639552684,-0.676448385816597,4.399235216634342,-0.4465285367255255,0.9988843952338196,1.1935766593819568,60.47320480148196,17.517977105272724,4.000145941012959
rgb_1694910667,bev_1694910667,0.7948282881235169,0.6855760009396741,0.8518566844423118,0.1710933551221084,0.3483175602773907,0.3075178149889918,0.9419043999143036,0.2665913065148276,0.9432946415192112,0.9597523823921578,7.319427798787991
rgb_1720241370,bev_1720241370,-11.331175495668468,-0.4517766327920753,0.1202852374565867,2.0989298138285086,3.3322094735378123,0.6146207526017629,-0.4488907518662371,1.015093102806757,87.89077345005677,45.81035182744976,0.0
s1_rgb,s1_bev,-3.6606355787802016,16.308627550863367,0.0,3.417781550810421,-3.98867478669116,0.2540932323688672,-1.0,1.170268535087009,90.0,58.85628194514278,0.0
rgb_1720171360,bev_1720171360,19.0416548847822,-7.25845846484717,0.144566861067812,-0.5666638343582733,6.472771966809887,-0.3866839179343616,0.9971216936175538,1.1362090088238952,64.44194918291154,24.326811465192343,4.001736187659136
s3_rgb,s3_bev,3.965124246143468,6.563135032400439,0.0487718041338835,10.0,-3.625072662215352,-0.0269882141498787,-0.7262624258328381,1.43,90.0,82.51197455303017,0.0
rgb_1694907841,bev_1694907841,0.9295740810534022,0.2002482256208534,0.8882882163896475,0.8798797755568689,0.9677522137512914,0.0338501717223891,0.6695236237317381,0.8555796926850942,0.7211011899814617,0.677537352673501,3.239568047995962
rgb_1720136805,bev_1720136805,-11.213425241193988,-0.4517766327920753,0.1238012914251377,2.590514173066863,3.307258264328185,0.4814799234042284,-0.4401263668660845,1.0150769995101374,87.89077345005677,43.75437700508703,0.0
s1_rgb,s1_bev,-0.2688804366260484,12.310574603107682,0.2774852224688145,6.488153076881907,-1.4674748511805706,0.6706075398420168,0.2495522524063336,1.0393938687447215,39.48967589513259,26.04883698006677,2.9774762152877097
rgb_1720145458,bev_1720145458,7.820334475048099,-4.1779222294994245,0.1211480333322121,-4.045376787586327,2.806218919893549,-0.7035968098947362,0.984725885512191,1.0334121682239172,-0.6752072677785463,18.44674153181327,3.544489092654954
s2_rgb,s2_bev,20.0,-18.925886143931265,0.2523052464228935,6.686153146032503,7.485387334956485,-0.9796483361184604,0.5189336268488274,1.4198560459834737,-4.4958800266844605,7.852148388879392,3.9686069340200514
rgb_1694868121,bev_1694868121,0.5506225696611386,0.276113390232011,0.6063429943937947,0.0493765842944686,0.741003422957887,0.3934857557732629,0.6203984579225408,0.8009168369497696,0.7492910561777821,0.2796088727537492,3.673248204940109
rgb_1720225932,bev_1720225932,-7.258800545451336,5.753018543371734,0.1594743134524899,-1.6256844995537083,-1.0446230780142702,0.4395766699542578,-0.0960695754825158,1.3913510851808486,-24.81811621390011,47.62789184315199,3.533857650433633
s2_rgb,s2_bev,8.839076580272827,-9.21180224182722,0.1734233910740375,7.705693677428722,7.4392754762730435,0.6181976637505201,0.972094501585438,1.238805491377667,63.70300053723605,71.57891274338589,3.73860406373228
rgb_1694841841,bev_1694841841,0.9895790476989764,0.4862212801251322,0.0402601299775595,0.7306685287355983,0.8393259451091044,0.6819645020633035,0.369608333370786,0.7298497851349214,0.6222044040315856,0.2602930260866127,4.5788430562150095
rgb_1694869993,bev_1694869993,0.8885201476885872,0.8845051685549012,0.0237002254498931,0.34278356450502,0.1666293140712036,0.3307802138503907,0.7587551029933898,0.048396863001168,0.9620173185687874,0.3603616652941876,3.1915553761629605
rgb_1720233160,bev_1720233160,-11.223957221597,-0.5595844629414444,0.1214552044115538,1.4724921916567195,3.154220744372793,0.4817587725412744,-0.6260523388797081,0.997082173210302,87.89077345005677,45.70668560328059,0.0
rgb_1694904070,bev_1694904070,0.1070496773437668,0.634604552387232,0.3353887219574273,0.7799394467254332,0.6863243863938351,0.8603966115197595,0.9034668885598948,0.241318444081793,0.8666517724361084,0.3951444389709089,0.0
rgb_1694823455,bev_1694823455,0.9515135652955332,0.8406396156756796,0.9095348885317468,0.1399778765835007,0.2122686674238454,0.661500078134461,0.3103911783847928,0.0101711359096815,0.3941003145740398,0.7949097112955631,3.499840761662829
rgb_1694822670,bev_1694822670,0.7365400801768865,0.3282424213558248,0.3253955983036727,0.6555635489081677,0.1953323449037277,0.9573808166666632,0.7303425310948258,0.3257071714230708,0.8804934583121088,0.057248903500643,7.779296880985904
s2_rgb,s2_bev,8.782151998257536,-10.441553815886472,0.1740299063574165,7.705693677428722,8.005671005542283,0.6872242638623778,0.8489759705497977,1.2541794428640138,63.68364154215194,71.6869177506822,3.1419210824535804
rgb_1720256523,bev_1720256523,8.906692231883127,-3.753559132337273,0.1224266202589478,-5.653385471677152,2.808679278196113,-0.7072694274580312,0.9536336897996284,1.041614472677779,-0.6612855611520132,20.57988289711187,3.273876280167254
rgb_1720149695,bev_1720149695,15.638285196855117,-3.753559132337273,0.1222071707696599,-5.653385471677152,2.820332668489261,-0.704710858840999,0.95259881287326,1.03574340991328,-0.68605889748099,19.87011745693633,3.33879962296536
rgb_1720248337,bev_1720248337,-15.794671690720238,-1.2549635535758554,0.1527946271173036,1.4724921916567195,3.125395982328083,0.4798471437648191,-0.4477570283630796,1.015083420623293,76.91997419186052,45.42236756257451,0.0
rgb_1694975799,bev_1694975799,0.9988426461054128,0.7000586220194576,0.8196779291091555,0.647511003090366,0.6281081260472898,0.6209166117714324,0.9077590650348508,0.157682186230514,0.148632104978557,0.5741038108503693,5.995339234797581
rgb_1694951087,bev_1694951087,0.9430462516526388,0.8423157398766465,0.2390723152579267,0.4937644439715213,0.3182348926412316,0.5261776249618627,0.5767691148701398,0.8289616962362091,0.1716205341130993,0.0722871910687437,4.994357950240026
rgb_1720240449,bev_1720240449,-11.223957221597,-0.5595844629414444,0.1214552044115538,1.4724921916567195,3.1582836999922748,0.4814775415095149,-0.4381621950098766,1.016058186743564,88.86066476722942,36.68069311599914,0.0
rgb_1694893059,bev_1694893059,0.0309272592009396,0.5431747016063186,0.8327036613012069,0.1554208373035881,0.0163676148626792,0.2165903941539697,0.4149822599574445,0.0501529166630357,0.1399090634189518,0.5959814038229196,7.530901276714356
rgb_1720235080,bev_1720235080,-11.213425241193988,-0.4517766327920753,0.1238012914251377,2.590514173066863,2.757249280324846,0.4814799234042284,-0.4401263668660845,1.0159608027301272,87.89077345005677,43.75437700508703,0.0
rgb_1694914752,bev_1694914752,0.7911299884819692,0.6691285188495559,0.2285351185620452,0.6425573156567835,0.8290294318830186,0.3446772324320193,0.4725236948986696,0.9479554777256454,0.0808373533749701,0.295941286934262,4.007429994885355
rgb_1694841365,bev_1694841365,0.3733708565932233,0.856208857286132,0.8945537669285597,0.5551396628218829,0.7666638571506529,0.5705507017064246,0.7657682266675638,0.7250611940794621,0.4516202616068805,0.0217976256092954,7.811049790489969
rgb_1720133188,bev_1720133188,-11.333644504374671,-0.3209255016362817,0.1547373609899594,1.4724921916567195,3.15871693075807,0.4852821641839455,-0.4832689029593723,1.0160248078432434,87.89077345005677,43.80407122334356,0.0
rgb_1720263290,bev_1720263290,10.567107447940703,-4.224616819109322,0.1214853680670798,-5.653385471677152,2.7530442277718485,-0.7026773222761176,0.9698924011706308,1.0217464790931472,-1.281036225870125,23.70322769892124,0.0
rgb_1694979535,bev_1694979535,0.1797130116144647,0.4373784440486832,0.8343579798113455,0.4569739045017967,0.3411747220928544,0.2462984513223033,0.3572180032887067,0.0895458569757122,0.1098643181078146,0.8443230970652957,4.830247228611759
s1_rgb,s1_bev,-3.6606355787802016,16.308627550863367,0.1573348336122097,1.3600383084898409,-6.676836726291892,0.2540932323688672,0.2877927591729683,1.170268535087009,14.857725000223368,94.89412177013908,0.0
s3_rgb,s3_bev,13.224383505402727,12.81878634522696,0.2686739514149359,10.0,5.373686306542907,-0.967326812731105,0.5291069128259291,1.43,8.174902676275906,82.51197455303017,2.956114234458973
rgb_1720253703,bev_1720253703,10.396087214240731,-4.271048714883039,0.1210811265674365,-5.653385471677152,2.7370841154111645,-0.7006759615973732,0.9962392324691276,1.031699742690982,-1.1836227141256046,23.70322769892124,3.6002103599536253
rgb_1694981449,bev_1694981449,0.1572779554991696,0.1022173933384037,0.2453461224102963,0.6349454311777741,0.0681599177130355,0.7953605108546022,0.1474012977207359,0.0518399754742764,0.9897470333002756,0.2203115614210892,6.3656247541754585
rgb_1720150259,bev_1720150259,10.641562435583468,-3.753559132337273,0.1215522166963989,-5.653385471677152,2.8051846067936204,-0.7072694274580312,0.9680549146462916,1.041614472677779,-0.8758334200807667,26.89666165069156,0.0
rgb_1694902053,bev_1694902053,0.4017417626332866,0.6439426159111981,0.7880166876751395,0.9306907794439708,0.1675364601766436,0.6577426418241138,0.2096154831784212,0.0375842759534681,0.0537438226180787,0.7235946601064899,8.400230732585284
rgb_1720267782,bev_1720267782,16.189610963444437,-2.7292067808343248,0.1215553265744914,-5.653385471677152,3.124203947226416,-0.7072694274580312,0.9680344710039016,1.0416149296730677,-0.6626782040522272,19.776954401710395,0.0
s1_rgb,s1_bev,-0.4473262133735574,17.463218031426994,0.2779346411175324,6.711548795975047,-3.0467698079379444,0.7191726116018962,0.2543969334546172,1.0393938687447215,29.135502114049515,26.541493575059985,0.0
rgb_1694895182,bev_1694895182,0.87177714868152,0.0619180899343325,0.0408710605678032,0.2742026134581201,0.9659200759573324,0.9827998347761095,0.4219394310633344,0.3119129031500499,0.0602992577509891,0.5725744501691179,5.0439591645095465
s1_rgb,s1_bev,-0.6876201176887804,16.930287345765493,0.2794583781342427,9.377973607137443,-3.056419241962182,0.6715287476852849,0.1938287785592516,1.0393938687447215,29.55294394648916,32.68112095082935,0.0
s3_rgb,s3_bev,11.87563816039534,-3.124373308088497,0.1021043471677767,-2.3619380217642982,-4.866079200840381,-0.1780528469564657,-0.3023962054981278,1.3478745850574918,89.24621322940973,20.797232719485336,3.1746522483431274
s1_rgb,s1_bev,-0.4473262133735574,17.463218031426994,0.2773894855158774,6.48488359737949,-3.1297027961713493,0.6715287476852849,0.2495522524063336,1.0393938687447215,53.01697191428934,26.69053755506309,0.0
rgb_1694903106,bev_1694903106,0.8495696194754222,0.9601798807452064,0.2719861227770846,0.7281658129133854,0.5821238084683832,0.286295460205958,0.9157143421602814,0.1942241423076451,0.5196979190260999,0.5376909338018742,7.350102233369203
rgb_1694842299,bev_1694842299,0.155973912085,0.2610334118464895,0.0284628594413326,0.3549011256441697,0.6421210887454132,0.3563544046068007,0.8572242243500005,0.083838509595898,0.5681843243414273,0.3686234088667575,5.446226637052007
s2_rgb,s2_bev,20.0,-6.887396734480059,0.0886436222692316,-2.8832248443981188,7.319034852546919,-0.9796483361184604,0.5189336268488274,1.3722050461141122,90.0,3.2565601535852746,3.9936213730375374
rgb_1720250259,bev_1720250259,-11.213425241193988,-0.4517766327920753,0.1238012914251377,2.590514173066863,3.977160426946877,0.4814799234042284,-0.4401263668660845,1.0150769995101374,88.53061045926577,43.75437700508703,0.0
s3_rgb,s3_bev,11.875610269838214,-0.2061578269331328,0.1035852583268498,-2.2862353081603928,-4.218171044697165,-0.4600414326826998,-0.3046599406048915,1.3043557145089142,89.6072116317039,20.704348450299666,3.032821349018082
rgb_1694889206,bev_1694889206,0.4264273100935537,0.4324474403346328,0.5040379981328167,0.2845996363580647,0.7384125615825351,0.6416402294409502,0.1275098167709284,0.9578512993369762,0.0014972632864099,0.0308298391757666,3.4999871886118767
rgb_1720171928,bev_1720171928,16.072752069533436,-10.022015806551565,0.1882196183698604,-0.5657242726462179,6.144651595718351,-0.3870717953602743,0.9919290593957832,1.0594613973180895,59.57068233422558,25.190687293279133,3.996581749145612
s3_rgb,s3_bev,11.87561489134652,-3.983405340639564,0.102417137130576,-2.9967554081277985,-5.274471710918931,-0.1081271665541628,-0.3021638626315493,1.3293067841868116,89.24621322940973,20.79088354066544,3.0854655084382063
rgb_1720135639,bev_1720135639,-11.130915920702687,-0.4517766327920753,0.1574063370004902,1.4309125806827403,3.1699498795432284,0.4814799234042284,-0.5544074810670901,0.9991153628953052,87.89077345005677,43.66794971500403,0.0
rgb_1694956348,bev_1694956348,0.2894451074137593,0.7321638076034241,0.1264374858949445,0.6934731686535252,0.2315956337335235,0.5835782736785441,0.1980888804265483,0.1747399074167722,0.4882644316177156,0.9050890569100026,4.443549069191083
rgb_1720229715,bev_1720229715,-7.24779469466424,14.133734904318167,0.1594859398784956,0.6954088718729423,-1.521000435892356,0.434697379771698,-0.6381946106593184,1.3409213521076986,-24.976045233731824,43.15851430098137,2.071114573389671
rgb_1720242571,bev_1720242571,-11.213425241193988,-0.4517766327920753,0.1238012914251377,1.4692887616385626,3.1699498795432284,0.4814799234042284,-0.4401263668660845,1.0150769995101374,87.89077345005677,43.75437700508703,0.0
rgb_1694896835,bev_1694896835,0.052402494414113,0.151448239312489,0.876560222104888,0.2783517166370209,0.2476277139201729,0.1932031793580325,0.1102918953842866,0.6292371284347545,0.9057383257237768,0.5238824034046097,6.999956654900172
rgb_1720122889,bev_1720122889,-11.213425241193988,-0.4517766327920753,0.1238012914251377,2.590514173066863,3.307258264328185,0.4814799234042284,-0.4401263668660845,1.0204852087736698,87.89077345005677,43.75437700508703,3.191084696583294
rgb_1694978698,bev_1694978698,0.3636022087820656,0.2562735418831906,0.7768981951488908,0.2059534791474456,0.4695779183984259,0.6617555442836721,0.633613156735266,0.8725025095392595,0.3737291011499563,0.3662055745239472,6.360348359351257
rgb_1694910504,bev_1694910504,0.4506986595532133,0.37327159323557,0.7400663197887953,0.8949881483440755,0.036204482016364,0.1569727512977766,0.8915037937177256,0.0834794687713749,0.4367737459366233,0.2731935417253008,3.5001311679738216
rgb_1694911091,bev_1694911091,0.887865616101557,0.3365876419465187,0.55739563609673,0.1955647885015938,0.7200721700203631,0.2715759564744968,0.3611826215824431,0.1580686033380691,0.5716410584870459,0.6623291486358962,3.640300323865626
rgb_1694976181,bev_1694976181,0.4868938840066992,0.3154237768701819,0.3188474247919877,0.920223694021903,0.914100181775668,0.9610501312784298,0.6979372706578453,0.8949644030129817,0.7560803958896968,0.0361326613633489,4.547117972047387
rgb_1720143045,bev_1720143045,15.299006537733192,-2.6355123930182103,0.1215520228934662,-5.653385471677152,2.689562317839308,-0.7072223439456475,0.9680344710039016,1.0416149296730677,-7.197409946929909,19.87864662060712,3.817712485720231
rgb_1720238846,bev_1720238846,-9.175090262207243,-0.757238453545849,0.1291513739183558,1.479333738145165,3.3270342492838534,0.4814799234042284,-0.3556311681348804,1.0150769995101374,87.89077345005677,46.56808350254997,3.0827908910217934
s1_rgb,s1_bev,-0.0417711542089982,18.44142485688137,0.2780598826716144,6.4905074783261325,-3.6516986991282407,0.6713501215292137,0.2825275448773867,1.0406106434136095,34.18273951498524,23.86369071172407,3.8817508026318817
rgb_1720134635,bev_1720134635,-11.331175495668468,-1.2728495444604064,0.1207785452822411,2.8805020339849907,3.15871693075807,0.5065946880768433,-0.5896807659688591,1.0160248078432434,87.89077345005677,43.672670310641806,0.0
rgb_1720234639,bev_1720234639,-11.331175495668468,-1.2549635535758554,0.0967062240363512,1.4724921916567195,3.15871693075807,0.5143647501317774,-0.6041325415235216,1.008499742613944,87.89077345005677,43.67257892722832,3.974577670032132
rgb_1720214662,bev_1720214662,-7.248677008666737,5.3772569021832375,0.1589145336734329,-1.4911065625864932,-1.3439084309426337,0.5504945955728526,-0.3819712678686375,1.336572291809382,-24.79417999303644,66.72446813098965,2.890259776641714
rgb_1694868039,bev_1694868039,0.1213467222718464,0.2002471300608382,0.6920423505123545,0.2464646245607405,0.0655088070686675,0.6481973382183103,0.321661879724454,0.0013134065384837,0.6571234600868816,0.4151190331791942,7.621323564727255
s2_rgb,s2_bev,20.0,-6.887396734480059,0.3,6.686153146032503,6.429978363980233,-1.0,0.5189336268488274,1.4198560459834737,-65.48761990738134,3.2565601535852746,1.4865224711353988
rgb_1694975874,bev_1694975874,0.7840594518551692,0.5202411375675458,0.286372022758629,0.1829506152166746,0.8851435519720309,0.3507659768120592,0.8356696912480248,0.5341621536423832,0.0295355014676422,0.1600128439016855,6.393082411540686
rgb_1720240369,bev_1720240369,-11.330615939975514,-0.4517766327920753,0.1277522971918806,1.4780342268335307,3.122327310775839,0.4821507101951923,-0.5896807659688591,1.014849902865648,86.9282443696259,43.67257892722832,0.0
rgb_1720142503,bev_1720142503,10.749760035193404,-4.161392109019699,0.1273637333536892,-5.653385471677152,2.810782971352195,-0.4873866428119552,0.968035319495522,1.031699742690982,-1.1628921395584229,23.71015956707852,0.0
s1_rgb,s1_bev,-3.6606355787802016,8.899736968959381,0.0178997613365155,-0.4493910882174194,-9.049770465535696,-0.3820649454882749,-1.0,1.1895903016485234,14.857725000223368,94.89412177013908,0.0
s2_rgb,s2_bev,20.0,-6.887396734480059,0.0886436222692316,6.686153146032503,9.549756192518686,-0.9796483361184604,0.5189336268488274,1.3722050461141122,90.0,3.2565601535852746,0.0
s3_rgb,s3_bev,11.875610268668597,-3.2915488165472944,0.1075278212954377,-1.77820265929663,-4.808880564098994,-0.6656750482539461,-0.2776166333203148,1.3008500725554777,89.24621322940973,9.383677589112915,3.025213066220436
rgb_1720160883,bev_1720160883,10.567107447940703,-2.7242078793725355,0.1214853680670798,-5.653385471677152,2.736241752754145,-0.5636063969784061,0.9772421348526614,1.0217464790931472,-1.1628921395584229,19.7298385402778,3.5785800679878594
rgb_1694899506,bev_1694899506,0.7448593106839395,0.3068997622590813,0.9651263023066012,0.2196913124539501,0.8917397520258503,0.1034066299525389,0.5039954394307433,0.9428331882158512,0.2959545534288743,0.9970806167831254,3.499855368898254
rgb_1720248416,bev_1720248416,-11.213425241193988,-0.4517766327920753,0.1238012914251377,1.4692887616385626,3.1699498795432284,0.4814799234042284,-0.4401263668660845,1.0130008661617242,87.89077345005677,43.75437700508703,0.0
s2_rgb,s2_bev,20.0,-17.493457340540665,0.0886436222692316,6.686153146032503,6.429978363980233,-1.0,0.8556339635491641,1.3722050461141122,81.38755980861242,7.812368809621723,3.9709037550000352
rgb_1694909780,bev_1694909780,0.1965822264288369,0.5710563348031418,0.6735578632678237,0.6885779417053672,0.1527062645915277,0.9933384218610678,0.5281608128366241,0.6842964544691615,0.7519940362793678,0.0264098187834248,6.043554137276464
rgb_1694953177,bev_1694953177,0.2300794589131213,0.242913066183769,0.5024017720182459,0.4250020495508048,0.4067652479981384,0.6401178502400845,0.1986158038850843,0.3410360106962192,0.0066119073119091,0.1001621113296895,4.693294444543916
rgb_1720248697,bev_1720248697,-11.331175495668468,-0.3177978912904642,0.1596176792253844,1.4724921916567195,3.4694008253613813,0.4852821641839455,-0.6260523388797081,1.0161003806798743,87.89077345005677,43.623991890555565,0.0
rgb_1720179589,bev_1720179589,15.643415054817224,-6.479090476586343,0.1858707693669698,-1.0563514921701227,6.980652140790337,-0.3588787849447342,0.9956664384132246,1.0605109743836811,66.42718766976259,24.83604282276308,3.9965788624080383
rgb_1694920796,bev_1694920796,0.1301299626755304,0.7278460793045411,0.3732078197662938,0.3211612169474099,0.5063998762028736,0.1572959841491021,0.3010127296383313,0.3588289475927113,0.8583331378867961,0.5935194046664161,0.0
rgb_1720168788,bev_1720168788,19.04724453926454,-7.258458330657454,0.1700344785244431,-0.6173578999334701,8.521243383497577,-0.3866839179343616,0.984289385530398,1.141323100874461,64.4393540569157,24.326811465192343,4.000586527035085
s3_rgb,s3_bev,16.589159056435758,-3.983405340639564,0.1004928717482631,-7.264906309741602,-6.608841540404439,-0.2830170368666325,0.2004605847231522,1.2891110619118296,86.18539523115862,26.32081009016053,3.0382468570649865
rgb_1720141553,bev_1720141553,-11.213425241193988,-0.4517766327920753,0.1238012914251377,2.590514173066863,3.307258264328185,0.4814799234042284,-0.4401263668660845,1.0150769995101374,87.89077345005677,43.75437700508703,0.0
rgb_1720153300,bev_1720153300,13.379385781086334,-4.224616819109322,0.1210811265674365,-5.048963827126288,2.7370841154111645,-0.7147044094512425,0.9680532137932104,1.031699742690982,-1.1628921395584229,20.67542831556752,0.0
rgb_1720230420,bev_1720230420,7.003624687485491,-7.188083720391338,0.0678088080959446,-1.804857768530768,0.2233807470924969,-0.1174226772979607,-0.3471353293095407,1.1328189823002806,-27.393101052316496,93.16271721994669,3.640016444505963
rgb_1694897225,bev_1694897225,0.0282864431169163,0.4231179538490901,0.0704938496071271,0.5963020804637897,0.5367208359837347,0.9079870330955656,0.8034505963497673,0.0430464652417205,0.8671075078097062,0.4771246758877574,3.4999414337151475
rgb_1720175418,bev_1720175418,18.16408334017777,-10.771043850240758,0.1861723900158697,-1.2484631838987583,7.860538926186891,-0.3547080342170098,0.7634896547754113,1.01671915574997,47.03721381882474,28.227046558439262,3.992214681637576
rgb_1720169433,bev_1720169433,16.08878014406821,-11.0764420289339,0.1423560009936514,-0.5650954302491726,6.144651595718351,-0.3870717953602743,0.9920387755589428,1.0594613973180895,57.1881106905949,24.97711117459135,3.995937729910227
s2_rgb,s2_bev,18.92656233748623,-14.160124007207331,0.0,8.484980606385927,-10.0,-0.2587590044980323,0.3340020249300277,0.963082470969002,-24.578528998290444,47.2221021166708,3.936945892206461
rgb_1720225534,bev_1720225534,-7.248677008666737,5.3772569021832375,0.1466592164038108,-1.4911065625864932,-1.3439084309426337,0.4347927844178745,-0.3819712678686375,1.336572291809382,-24.79417999303644,50.02183144706655,2.5413960624640746
rgb_1694871488,bev_1694871488,0.4272299207128698,0.2864170611309409,0.6819848629932075,0.8427792937525168,0.0063109073904515,0.0296706250484674,0.2262641524154062,0.949840067427688,0.539552412762525,0.7218053811119827,4.631232976807007
rgb_1720259896,bev_1720259896,8.201514113411854,-4.162467830117496,0.0804802898043835,-5.653385471677152,2.806224557797295,-0.7030339666726833,0.9680344710039016,1.0455483136606811,-0.98795233463062,32.339779199414224,0.0
rgb_1720182769,bev_1720182769,15.694753769321103,-5.990159321709164,0.1899075197887576,-1.1993282490098576,6.980652140790337,-0.2797086991546921,0.7856841785996886,1.060220186709231,25.915794557982338,31.205335317323325,4.00006118897492
rgb_1720150467,bev_1720150467,10.559245757427522,-4.246845120184862,0.1210811265674365,-5.653385471677152,2.7358463092808947,-0.7147044094512425,0.9680344710039016,1.031699742690982,-0.2264636375159341,23.32350309964269,2.5717650677447743
rgb_1720141149,bev_1720141149,-10.373317913431958,-0.4517766327920753,0.1498498106912694,1.4691391609089166,3.1699498795432284,0.4814799234042284,-0.6334673772946885,1.0150769995101374,87.89077345005677,43.91425954776504,0.0
rgb_1694949382,bev_1694949382,0.4843866144031213,0.6565614426330507,0.6072925450815291,0.3861766224653737,0.1207787529426694,0.9164765118782126,0.3143095389493439,0.8280005572232029,0.8545352708426289,0.0951811835379098,5.036758811692724
rgb_1720150728,bev_1720150728,15.299006537733192,-3.737801210353752,0.1215214632196616,-5.653385471677152,2.81572686491948,-0.7143810245838563,0.9526967369134254,1.0416149296730677,-0.3519803269857533,19.860090054688744,2.815872782426293
rgb_1720267012,bev_1720267012,15.299006537733192,-2.7137322114777724,0.1215520228934662,-5.653385471677152,2.8064778968274435,-0.7029996840552163,0.9680344710039016,1.0197363607333605,-0.3519803269857533,19.859801608823044,0.0
rgb_1720234319,bev_1720234319,-11.331175495668468,-1.2549635535758554,0.1596176792253844,2.8805020339849907,3.15871693075807,0.5065946880768433,-0.5896807659688591,1.0160248078432434,87.89077345005677,43.67257892722832,0.0
rgb_1694982845,bev_1694982845,0.6147386615437004,0.1506253176903353,0.9017854351409104,0.9002109808536464,0.7515293549080564,0.4429338713344617,0.3816235573020894,0.9066351275227792,0.8118662134640255,0.9709045664447608,4.630978036262072
rgb_1720262691,bev_1720262691,10.559245757427522,-4.224616819109322,0.1215701665433803,-5.653385471677152,2.973125867826294,-0.307797050669649,0.9680344710039016,1.031699742690982,-1.1628921395584229,27.52854390297352,1.5914674281757653
rgb_1720219149,bev_1720219149,-7.248677008666737,5.3772569021832375,0.153748909982038,-1.4911065625864932,-1.149018294018644,0.4347927844178745,-0.3819712678686375,1.336572291809382,-24.79417999303644,54.29518276456376,2.5445934563585
rgb_1694986007,bev_1694986007,0.2160958002906435,0.830729317541826,0.852564904428836,0.1463997945331515,0.8675174098122757,0.7698807684316022,0.0222479622251799,0.9375094641959612,0.4345152210878774,0.4581693416268623,4.603956297792618
rgb_1720132866,bev_1720132866,-13.573662362884509,-0.5595844629414444,0.1214552044115538,1.4724921916567195,3.154220744372793,0.4817587725412744,-0.4126988051640985,1.016058186743564,87.98597759073527,45.70668560328059,0.0
rgb_1720235560,bev_1720235560,-11.331175495668468,-1.2549635535758554,0.1596176792253844,1.4724921916567195,3.125395982328083,0.5084522802948308,-0.5572254224153955,1.0160248078432434,88.02322208668798,43.67257892722832,0.0
rgb_1694943254,bev_1694943254,0.3598055633470867,0.5495345866372814,0.6780384760381717,0.2087464739763278,0.7243528622200123,0.7150286440054393,0.2857660206706457,0.0760627860795575,0.2492102332391051,0.4226176264930231,2.798406839250628
rgb_1694893485,bev_1694893485,0.4392733587905344,0.3653497449356925,0.1669525957353974,0.6474988054863985,0.5117061760970489,0.1486358426192583,0.8517480120928448,0.4621279440374878,0.9665560782708514,0.9300270041450424,3.9121208716864926
rgb_1694955204,bev_1694955204,0.5583434392522573,0.5738859378981067,0.7573875863744128,0.5590557979320634,0.0455894618771497,0.6773120575461871,0.0414853027611621,0.951003297682546,0.2029498536102119,0.7386818303838971,3.500379324957469
rgb_1694873473,bev_1694873473,0.5708552693389819,0.2686261308112383,0.0988637808923796,0.0134360232628079,0.0781042479015904,0.4939023543049737,0.4117441851199312,0.3362221750350861,0.8183120940650712,0.1759688646492301,3.9121208716864926
rgb_1720143845,bev_1720143845,16.189610963444437,-2.5295410804723453,0.1215520228934662,-5.221892898335606,2.8064778968274435,-0.7072694274580312,0.9680344710039016,1.0416149296730677,-0.3519803269857533,19.859801608823044,3.788142421430975
rgb_1720171059,bev_1720171059,19.615296715306904,-4.2490343895040645,0.1533477639552684,-0.676448385816597,4.985404036320302,-0.5536351829799552,0.7600039703336223,1.1935763100301764,60.47320480148196,17.517977105272724,3.996932913524772
rgb_1720256323,bev_1720256323,8.852649461323683,-4.022827236831175,0.1210792054649663,-5.653385471677152,2.824530440588504,-0.7072694274580312,0.9680344710039016,1.046638325279213,13.463367665321996,18.011179921206093,3.557260992159793
rgb_1694825269,bev_1694825269,0.1199036191756091,0.6670977624669306,0.969954748734745,0.6936476333471044,0.5103924364123658,0.6201946603542101,0.0007004074822457,0.7570130767640184,0.8446820896947573,0.6091089576176342,6.409482474527025
rgb_1720179665,bev_1720179665,16.115343386148645,-6.479090476586343,0.185814847257915,-1.064914637918415,6.980652140790337,-0.2829060633316398,0.995777081721256,1.0605109743836811,66.39536370171984,24.83604282276308,3.981900719872973
rgb_1694841560,bev_1694841560,0.111901079200018,0.7512636700840537,0.2519852777739352,0.540830636011164,0.6434157894824211,0.3825349756277676,0.0691594830363452,0.8927485574645941,0.7497162535498839,0.6966780599710088,7.535501048154126
rgb_1720246937,bev_1720246937,-11.200647264035888,-1.2549635535758554,0.1612178244988325,1.4725912381281887,3.975793192716699,0.4866632626975611,-0.729734549929274,1.0158434635936149,87.83309151015206,42.099025467419885,0.0
rgb_1694898294,bev_1694898294,0.4297705463319986,0.3378217431133622,0.6006579544423102,0.1972848584710858,0.6172997901834882,0.140938623759358,0.3021779486097364,0.2511751495669345,0.3865613366548207,0.2171650858988489,7.456498341972018
s1_rgb,s1_bev,-0.4473262133735574,12.49475749552802,0.2848071615236116,6.488215665430322,-0.7848930668313779,0.5888845041227924,0.2495522524063336,1.0393938687447215,29.55294394648916,25.62658971433532,0.0
rgb_1720183519,bev_1720183519,19.903641340344777,-13.096293541031784,0.1920619179837575,-0.1203475744191671,9.9542407849764,-0.3890651395825858,0.4866865686922932,0.9406563490781163,64.13872694503576,48.56606303026193,3.0108134357061327
rgb_1694905749,bev_1694905749,0.6747177896011758,0.6464237952285654,0.6356076397594959,0.8723339644099787,0.9569842556579308,0.3506399789987002,0.0406945724790742,0.8655666987057752,0.2718453941259136,0.3554340414666893,3.492064558031187
s1_rgb,s1_bev,-0.4478624860085816,6.666012329423246,0.2774852224688145,6.488153076881907,-1.4674748511805706,0.6439941661954627,0.2495522524063336,1.0393938687447215,39.48967589513259,25.708320795344783,2.955569105770412
s1_rgb,s1_bev,-3.6606355787802016,14.722955145118732,0.1573348336122097,1.3756104726391776,-7.0007761133599935,-0.4544596591967312,-1.0,1.118140875512541,14.857725000223368,94.89412177013908,0.0
rgb_1720242011,bev_1720242011,-11.33062598387807,-0.3209255016362817,0.1596176792253844,1.4724921916567195,3.15871693075807,0.4852821641839455,-0.6260523388797081,1.0161407083569582,89.81102698551342,45.81035182744976,0.0
rgb_1694912050,bev_1694912050,0.8117641442779423,0.9780748740516622,0.3782777611476645,0.3953151630063318,0.8252382694501968,0.3184251932269681,0.0128006331536746,0.2583677217857548,0.8262099192524694,0.464198034224747,0.0
rgb_1720184348,bev_1720184348,15.67093067890361,-10.733727016559374,0.185814847257915,-1.199334164207805,6.980652140790337,-0.2797086991546921,0.8473477608572704,1.060220019998806,42.75632519030029,24.19432076849085,3.977349019920805
rgb_1694842485,bev_1694842485,0.3708017228723146,0.4134872614744531,0.7246483796588394,0.0141200958819274,0.0305039673041633,0.548624874509197,0.1356609320007663,0.5285508307954504,0.540315377935594,0.2783044638186347,5.896026905407028
rgb_1720248136,bev_1720248136,-11.189010142205271,-1.2581099964619646,0.1596176792253844,5.605272271774375,3.15871693075807,0.5065946880768433,-0.5896807659688591,1.0160248078432434,87.89077345005677,43.67257892722832,0.0
s1_rgb,s1_bev,-0.4466071814075541,12.49475749552802,0.2848071615236116,6.488215665430322,-0.7848930668313779,0.6434173397148804,0.2495522524063336,1.0393938687447215,29.55294394648916,25.7702276824947,2.9982838377297303
rgb_1720136885,bev_1720136885,-11.130915920702687,-0.4802514575771113,0.1238012914251377,1.4724921916567195,3.0671939376268007,0.4815029292767396,-0.5535701646287675,1.0150769995101374,87.89077345005677,43.75437700508703,0.0
rgb_1694980044,bev_1694980044,0.927814488421606,0.5587427527868981,0.043847774203059,0.2114827760539583,0.9384857152106072,0.542530313549553,0.5370709421801874,0.5995949452111422,0.0680425115713755,0.6236859031271265,5.437085816257143
rgb_1720150102,bev_1720150102,10.43773266840148,-4.117966043445467,0.1210811354208839,-5.653385471677152,2.8086319443921486,-0.5090025303954768,0.956556275257527,1.0214939273340142,-26.248526573372,19.433106839387985,0.0
rgb_1694823041,bev_1694823041,0.5612565673568476,0.7604139368795353,0.0354397121146597,0.1844534506290033,0.5005469968839181,0.4140845026650778,0.0384466680015954,0.2902416036466384,0.5774936140833633,0.5422171943006564,3.760581919376153
rgb_1720180233,bev_1720180233,18.91341912054167,-9.572922060119406,0.1533477639552684,-0.6552365618155438,6.369568781746587,-0.4465285367255255,0.9989041797784032,1.1935745822305974,60.75490877732622,17.312100519216237,4.00015637008564
rgb_1694888319,bev_1694888319,0.9339674047814988,0.2347105517569645,0.7367300889333487,0.3978805258780723,0.4336553489640153,0.1353860361136826,0.0328039805777023,0.4074967518020221,0.4399063242734978,0.589028680944803,7.745131973942391
rgb_1694842677,bev_1694842677,0.6042192606788835,0.5684626102177739,0.1462871506610317,0.4526742508286443,0.6327039391939467,0.7080834582026654,0.9064705077017318,0.2721516247966646,0.4694732315019917,0.5019117889005162,6.251870688217401
rgb_1720177460,bev_1720177460,15.92438107657101,-10.771043850240758,0.1943358535616873,-1.2064146588061837,7.522521479733342,-0.2918053917791,0.6944728666574087,1.015403948937666,49.39882039432342,33.583348228070726,3.994121492854187
rgb_1720137530,bev_1720137530,-11.213425241193988,-1.350247352178183,0.1238012914251377,1.4692887616385626,3.1699498795432284,0.4860234558351619,-0.4401263668660845,1.016250702892922,76.26520186732469,43.75437700508703,0.0
s2_rgb,s2_bev,20.0,-20.0,0.2523052464228935,5.545577155157112,9.144201968335471,-0.9796483361184604,0.5189336268488274,1.4123487031700288,-56.36907887394671,7.852148388879392,3.727470937102408
rgb_1694895265,bev_1694895265,0.515348418772707,0.8159734127962373,0.9198124359129844,0.1116543595120519,0.7313298814418093,0.3734695375635264,0.7423781004324999,0.0724216101099702,0.33657237750101,0.1847173988811499,6.831296422036512
rgb_1694977355,bev_1694977355,0.2895915422191054,0.8357369434197714,0.1771380799897045,0.3709686604842817,0.8356250875889327,0.9231572292468472,0.7517276312814242,0.5709479842619969,0.5857440676614638,0.5422166599059869,3.110035475312262
rgb_1720132344,bev_1720132344,-11.331175495668468,-1.2549635535758554,0.1596176792253844,3.047302853491725,3.15871693075807,0.4842498808834157,-0.5896807659688591,1.0160248078432434,87.89077345005677,43.67257892722832,0.0
s3_rgb,s3_bev,13.224383505402727,12.81878634522696,0.2686739514149359,-3.2549449737132763,1.9074307955993104,-0.967326812731105,0.5291069128259291,1.4275694160548416,51.03125040092922,35.61154547433586,0.0
rgb_1720132143,bev_1720132143,-11.330615939975514,-0.4517766327920753,0.1276907565549564,1.469330557220328,3.167235033694059,0.4821422712576761,-0.5896807659688591,0.9893801616602328,64.5391389072521,43.67257892722832,3.0789697344506144
rgb_1694829829,bev_1694829829,0.9019249845367124,0.5485453949605424,0.4710366311585855,0.0069007816301509,0.5644093144021713,0.8950025533005256,0.5036350126011054,0.952577446070616,0.2297130796403702,0.3345831443568379,1.148051929564153
rgb_1694942795,bev_1694942795,0.1200859341673997,0.6134062729240888,0.7502109748312135,0.7119639478755276,0.4622772084525303,0.7771341293685283,0.5221377821813419,0.0243189417658403,0.8889036220959035,0.4616927381112888,7.551757927747464
s1_rgb,s1_bev,-0.4473262133735574,17.463218031426994,0.2773894855158774,6.48488359737949,-3.344263487998047,0.6715287476852849,0.2495522524063336,1.0393938687447215,28.368821619440183,26.72566000792429,0.0
rgb_1720176698,bev_1720176698,-16.81089100887323,-14.80879413279046,0.0842907301291108,0.1807853712193274,0.3183777807412351,-0.5229344182791396,-0.9980546979437884,0.9828967516895392,-36.38209258489341,45.10104564062451,3.961343383558074
rgb_1694978193,bev_1694978193,0.4332290690468722,0.8097673851709395,0.260830497795856,0.7944711086358718,0.3574737566872109,0.0029668567721644,0.2887914336479151,0.3914481982570534,0.5250969178315633,0.578953706737723,5.296978381577153
rgb_1720232232,bev_1720232232,-7.248677008666737,5.3772569021832375,0.1593954299281511,-1.4911065625864932,-1.3439084309426337,0.4347927844178745,-0.3819712678686375,1.336572291809382,-24.79417999303644,54.29518276456376,2.546254472760017
s2_rgb,s2_bev,18.92656233748623,-14.160124007207331,0.2763162510561785,6.686153146032503,6.429978363980233,-0.9796483361184604,-1.0,1.3722050461141122,-65.48761990738134,3.2565601535852746,3.9428696791008577
rgb_1694981285,bev_1694981285,0.5990300897194322,0.2386637039497537,0.1329582905878543,0.2779931394522884,0.1645248129494521,0.4094630300743899,0.3607277320998295,0.3172396246213136,0.7451610895139429,0.4481602501715876,6.2646090892795865
rgb_1694887982,bev_1694887982,0.7054584302173749,0.28242532306378,0.9221715953681496,0.5248737005771574,0.4605321512669439,0.7706894855357171,0.7298425390725484,0.5453229386803422,0.0487180110359113,0.5657201049419144,3.500054777337528
rgb_1694890532,bev_1694890532,0.1161565714615846,0.2832389170794948,0.2397724236200968,0.2763683027327966,0.2315414612729373,0.6663579968909106,0.993316281782398,0.6006711237026023,0.3666845831644213,0.0421306506546828,3.500002863811717
rgb_1720138052,bev_1720138052,-9.72871699311136,-0.4618514092647956,0.1596176792253844,1.4724921916567195,3.157366487962588,0.5059266944477625,-0.5896807659688591,1.0147896970283714,87.89077345005677,43.77874064088756,3.2597687725396947
rgb_1694985714,bev_1694985714,0.7796272022666401,0.0820342115065074,0.9454917051610532,0.3663556978108733,0.2896562444069177,0.9104090817694478,0.8765003569200354,0.4958193140382749,0.9674240640801678,0.5199735429903416,3.500130044900992
rgb_1694874325,bev_1694874325,0.9734277054730436,0.0941206324047774,0.4736825363890788,0.9508147766469852,0.2058701201572644,0.9412881558745392,0.7744763502237592,0.4276945370372373,0.930895267115184,0.1697889524555904,7.47342005520647
s1_rgb,s1_bev,-3.6606355787802016,20.0,0.1573348336122097,1.3756104726391776,-7.0007761133599935,-0.3589942654019817,-0.7329475257452798,1.118140875512541,14.857725000223368,94.89412177013908,0.0
s3_rgb,s3_bev,11.87561489134652,-3.983405340639564,0.0648606996599735,-2.9967554081277985,-4.45534027286948,-0.4921120972473192,-0.3021872626929454,1.3043557145089142,89.24621322940973,19.749059465129648,3.4976473246954978
rgb_1694944686,bev_1694944686,0.9546785045996166,0.9590826217508532,0.129879837215614,0.5253592812565168,0.4299358204143707,0.3253055585342128,0.0915505297850203,0.5185146396560253,0.5174442648604731,0.0941344785359111,6.336211281222306
rgb_1694867032,bev_1694867032,0.4750834406941435,0.1035337301220256,0.4970317496148343,0.2570786203658083,0.9950280200768118,0.9507335052047032,0.0984695460653934,0.0201505709941522,0.9973871809458,0.3068259830016612,7.086494626798131
rgb_1720237564,bev_1720237564,-11.331175495668468,-7.887526318753197,0.1596176792253844,1.4694921654491375,3.155437677586124,0.4824852362830232,-0.5897223455864397,1.014866210805988,87.89077345005677,43.64916578608656,3.855756906617355
rgb_1694983249,bev_1694983249,0.2098015713521954,0.2108387434568521,0.9620017717583782,0.640141271077553,0.8716766658688682,0.6271525680189348,0.8504473051932326,0.3658604402852113,0.6966028833349539,0.6017366832193707,3.0241142485648416
s3_rgb,s3_bev,17.773949217049676,3.7453719581805984,0.1004928717482631,-6.918892459602136,-9.03508504891446,-0.2830170368666325,0.1970679196320048,1.2849216124010736,81.13511329807861,89.5280502819339,4.678924909240195
s2_rgb,s2_bev,8.41997730612583,-13.078267313869183,0.1734637083224667,7.716476422755193,7.215823830705801,0.7504477144007147,0.9718111458848336,1.2411379624763983,60.76388581004768,67.10486070929214,0.0
rgb_1694870318,bev_1694870318,0.4961140540864773,0.3100098993134758,0.7002626944612954,0.5973440063309088,0.7401505389257271,0.4668563352061722,0.3841983878491357,0.5153319702649002,0.7848779442339131,0.7346524196458879,5.914849690435611
rgb_1694874067,bev_1694874067,0.039632314664201,0.477040353230561,0.2302339437961438,0.2908535863658359,0.2977244930358709,0.2753470949659651,0.8926054469667023,0.7066735502079541,0.8592118948119787,0.3717269521264282,7.539627526689834
rgb_1694824320,bev_1694824320,0.381893822525411,0.8240142492075045,0.1972523273291814,0.189989364991764,0.925244266854716,0.6421365349547998,0.9479597945544196,0.874281588624948,0.4759274617683863,0.0190828008614089,0.0
rgb_1694980423,bev_1694980423,0.4632109610925361,0.7267831580084944,0.2404845618249895,0.3386548654043687,0.9054409661650202,0.2618233764625375,0.6902811777431984,0.7736653825344871,0.6452608296337052,0.0117512923293084,6.072101338999593
rgb_1694825051,bev_1694825051,0.1362379451752831,0.9676365318053264,0.5670203038171269,0.4025923821830922,0.657639124422013,0.2790288759548209,0.7590760069149456,0.2730706653512877,0.4841085082478892,0.9637338093390576,2.59459144528615
rgb_1720171322,bev_1720171322,14.900949365024983,-5.850153397476523,0.1870463010723585,-1.1936517503029425,8.526873760100568,-0.3882163534943478,0.8187918974675523,1.0605127243406345,55.2661595519528,31.253431749438786,3.996877024780979
rgb_1720230201,bev_1720230201,-7.248677008666737,5.3772569021832375,0.1593954299281511,-1.4911065625864932,-3.1436867159676964,0.4347927844178745,-0.3819712678686375,1.309168998896169,-24.79417999303644,60.19483639881618,3.640016444505963
rgb_1720131902,bev_1720131902,-11.331175495668468,-0.4857692650587282,0.1596176792253844,1.4730061630621467,3.170161615182481,0.4862132259869667,-0.5896807659688591,1.0150335762700051,87.89077345005677,43.67257892722832,0.0
rgb_1694977494,bev_1694977494,0.4618816731495494,0.9982948426465832,0.3658439708021369,0.2018513346250188,0.9612277377438232,0.0171035730924701,0.5692216379159554,0.3661634409200955,0.9732690430911908,0.231475719119636,4.037187743958157
rgb_1694975843,bev_1694975843,0.8919315900905561,0.160841101438613,0.1684806072441251,0.1575848314965607,0.9590503461860552,0.8982959307003223,0.003802656253269,0.9203267563139425,0.913298953882507,0.755253401046008,3.4912813163546
rgb_1720220474,bev_1720220474,-7.248677008666737,5.3772569021832375,0.1593954299281511,-1.4911065625864932,-1.3439084309426337,0.4347927844178745,-0.3819712678686375,1.336572291809382,-24.79417999303644,60.63551234048799,2.549264237228214
rgb_1720180045,bev_1720180045,18.92518921092521,-13.931166461959634,0.1982711305661558,-0.1188037775110046,7.377149078855318,-0.3162562774555117,0.6177606427588689,0.942358125706987,69.0870989411876,35.270041323645415,2.608289350752357
rgb_1694901976,bev_1694901976,0.7957398470783091,0.0410680474837505,0.1735634203960412,0.0521595073695422,0.6827999865394048,0.9548373669865078,0.6163165667148395,0.4668301628925775,0.0526445776604989,0.608972569421772,7.79564787330591
rgb_1720147388,bev_1720147388,8.201514113411854,-4.201673478469539,0.1137815898492992,-5.653385471677152,2.806224557797295,-0.7072487850708685,0.9680344710039016,1.0332283211648312,-1.128638040251985,26.89666165069156,2.517502434289588
rgb_1694917091,bev_1694917091,0.6213199085519638,0.1350341544972995,0.7769077945745135,0.2325391101324234,0.8441750525980034,0.3436569121638173,0.8499171856835666,0.3324969924573037,0.4289183126604468,0.5899509730268138,5.94559894156117
s2_rgb,s2_bev,20.0,-6.887396734480059,0.1695652173913043,5.545577155157112,10.0,-0.9796483361184604,0.5189336268488274,1.4123487031700288,-4.4958800266844605,7.852148388879392,0.0
rgb_1720149032,bev_1720149032,10.766161055713972,-4.117966043445467,0.1210811354208839,-5.653385471677152,2.806346077738427,-0.4984478032912177,0.9680596721311844,1.0413457038296672,-0.4009795757488632,22.595946304675167,0.0
s2_rgb,s2_bev,7.818725263126176,-10.441553815886472,0.1734226500702,7.685568446596338,8.1189994622966,0.7640072904934267,0.8489759705497977,1.2114794365128898,65.87827218638503,71.71881083124731,3.129396739373921
rgb_1720211794,bev_1720211794,-7.244544004260296,6.408827858582509,0.1582947485880111,-1.6469496827646957,-0.910844893208484,0.4254640916191408,-0.0960695754825158,1.3515690949743178,-24.43669900027016,53.51814945604736,3.5317225546086743
rgb_1720213511,bev_1720213511,-7.248677008666737,5.3772569021832375,0.1593954299281511,-1.4911065625864932,-1.3439084309426337,0.4347927844178745,-0.3819712678686375,1.336572291809382,-24.79417999303644,54.29518276456376,2.5458071152817787
rgb_1694909460,bev_1694909460,0.1769643321320253,0.6299758643665114,0.217297387655946,0.8544102250226543,0.3329028026669151,0.5645247897960681,0.0706301616440356,0.0048262075819969,0.3013919811919828,0.5654829709564859,7.674993821986131
s2_rgb,s2_bev,20.0,-6.887396734480059,0.0886436222692316,6.686153146032503,6.429978363980233,-0.9796483361184604,0.5189336268488274,1.3722050461141122,-54.36200908394686,47.2221021166708,1.8340154761098548
rgb_1694843064,bev_1694843064,0.0578745832408763,0.1314739150106669,0.7460276888126763,0.8470515725007124,0.1928772466977136,0.4572289905472437,0.7787453331968065,0.871900509324901,0.5318292908560286,0.6500471976150631,4.59655539873232
s2_rgb,s2_bev,8.428580574181545,-9.749725176393731,0.1734361196906745,7.705693677428722,8.12321990328143,0.6317236444244725,0.9799088785176406,1.2413700485885024,63.86475229623028,71.59953770887213,0.0
rgb_1694828818,bev_1694828818,0.154765210374697,0.5441266135087789,0.5488889990582861,0.3773596717066158,0.2443008952594831,0.8577191203696788,0.2700063941001481,0.974484512066151,0.2673698925992985,0.3091513418091014,7.654820661206354
rgb_1720138133,bev_1720138133,-11.331175495668468,-1.260881265473138,0.123368758028165,2.8805020339849907,3.169374489351817,0.4879221551153416,-0.4345359593675437,1.01597092717067,87.89077345005677,43.67257892722832,0.0
s1_rgb,s1_bev,-12.66622507477572,11.27309575056509,0.0219505114918413,4.226031387807481,-1.6283391601331731,0.9460278804326584,0.2348688368721365,0.9868824491374288,28.12751344411907,30.683518374311053,2.670932127386203
rgb_1694955738,bev_1694955738,0.2832175956358953,0.5425586422187038,0.5198279833892652,0.0478228823752282,0.2089582546228643,0.7110070897411811,0.7209032863411156,0.3355429197053976,0.1069553375021771,0.219913272197172,3.9121774166663448
rgb_1720171966,bev_1720171966,19.005788011662,-7.17444826903807,0.188200195168763,-0.5665590269411744,5.023269786448505,-0.384185918330691,0.9920626224973136,1.068988677352264,67.08524138718559,25.78444689733952,3.973845746050867
rgb_1694976990,bev_1694976990,0.3699442105143848,0.2445260594447637,0.7872761995877183,0.6641416801265076,0.0271914634826025,0.7060923841094797,0.7598235486222893,0.2930573615050998,0.1105874255392624,0.3973492211020409,3.4981245917445247
rgb_1694944001,bev_1694944001,0.6032107707767083,0.0853933338719216,0.7645944382105296,0.9422152328394632,0.2491413394993656,0.1824434195257736,0.5472113387071688,0.4995313196577156,0.4768522478513916,0.3819202942904963,5.507776797484111
rgb_1720231879,bev_1720231879,-7.248677008666737,4.718566746973885,0.149152958978309,-1.4911065625864932,-1.3439084309426337,0.4347927844178745,-0.3819712678686375,1.336572291809382,-24.79417999303644,54.29518276456376,2.546966836191908
rgb_1720148980,bev_1720148980,10.559245757427522,-4.163452022214198,0.1214279542931493,-5.653385471677152,2.736267954855464,-0.7147044094512425,0.9680344710039016,1.031699742690982,-1.1628921395584229,23.70322769892124,0.0
rgb_1694833624,bev_1694833624,0.9396729219672068,0.921291298288484,0.2113042722174014,0.1965123666395397,0.38650185660621,0.5875427340127932,0.0953889683773175,0.5772122518845184,0.3394363007552191,0.572198873821083,3.5023304504088406
rgb_1720259690,bev_1720259690,7.820334475048099,-4.155623720139477,0.1137815898492992,-4.214889150016554,2.806257107094634,-0.703386795580647,0.9680344710039016,1.0335117030423284,-0.6731731597506183,19.910428330708875,3.605445988223309
rgb_1720180538,bev_1720180538,19.03918449430109,-9.714384697128756,0.1604829796896083,-0.5666638343582733,6.472771966809887,-0.3866827670115036,0.99710476091594,1.1125240001889891,64.33151868968497,24.326811465192343,3.999228545650414
rgb_1720234960,bev_1720234960,-11.212114324473802,-0.4517766327920753,0.1237698806218434,1.4692887616385626,3.168844803352941,0.5038228442422621,-0.4401263668660845,1.0152466009656904,88.98187721623617,43.68724022467816,0.0
rgb_1694980275,bev_1694980275,0.4816291555779015,0.6601398376656853,0.950093868089906,0.2715262644362586,0.6925404423687876,0.8438783685444877,0.7502783973905283,0.5427107523317635,0.6027699754989113,0.2035872328370219,3.501089880260254
rgb_1720252423,bev_1720252423,-10.828017996196667,0.973202741468736,0.0552619183787531,0.5395509701527512,1.391093145035878,0.6265184440831528,-0.3913306377725923,1.0150769995101374,88.62091215858587,55.057076182978825,4.966115596279808
rgb_1720220782,bev_1720220782,-6.995095460999943,5.3772569021832375,0.1594403355670541,1.180996717409336,-1.521000435892356,0.2421061580926138,-0.4230180822347407,1.3085475193753746,-25.118951960728424,43.68722429670271,2.416000760595003
rgb_1720156222,bev_1720156222,7.820334475048099,-4.155623720139477,0.1137815898492992,-2.275649460737984,2.806224557797295,-0.7034303142383056,0.9680344710039016,1.0327365182016477,-0.6752072677785463,19.910428330708875,0.0
rgb_1694828670,bev_1694828670,0.6018536978302883,0.4550873528294574,0.5863542176701637,0.362038239373852,0.663431294374899,0.7139560652875002,0.074058773575372,0.4662671105665497,0.8491089358963484,0.4579569067363486,7.601883541020453
rgb_1720176852,bev_1720176852,0.6895900714890324,13.651358824144223,0.206849141066602,2.6195187305544145,9.786995327550953,-0.0330528406678982,0.60155471785811,0.9603707302958612,-38.90118868674288,50.682380950948655,2.950669800810397
rgb_1720267834,bev_1720267834,15.352166524588952,-3.753559132337273,0.1390698040831876,-5.653385471677152,2.81368938439744,-0.7072694274580312,0.974755112755424,1.041614472677779,-0.68605889748099,19.87011745693633,0.0
rgb_1694894855,bev_1694894855,0.8625588110323475,0.6988642978513695,0.3701807298367581,0.2171820199297478,0.8411903303905537,0.1882403044355566,0.4908928677581344,0.1449324632822114,0.4881603504347429,0.3690248701406564,6.758239074451534
rgb_1720268866,bev_1720268866,10.590047796750907,-4.224616819109322,0.1210811265674365,-5.653385471677152,2.7370841154111645,-0.7147044094512425,0.9680344710039016,1.031699742690982,-1.1756717925158569,19.94195066488828,0.0
rgb_1694841749,bev_1694841749,0.520695580338308,0.7746151854241778,0.8472000478225621,0.5607281867753122,0.2900144647056516,0.0007895413950407,0.2738789177112611,0.3764650055562247,0.505486336669457,0.443910375602209,4.231734195267005
rgb_1694920409,bev_1694920409,0.7250061333647131,0.3177109205166418,0.1043813578218526,0.9971614558412528,0.2768168579907759,0.3060248273451025,0.0515538612308534,0.1485187809434818,0.4194741281937506,0.3131025721961834,5.608611070148353
rgb_1694958048,bev_1694958048,0.0754115536703075,0.8071382287242583,0.151272706251522,0.807132420916886,0.1429265131346514,0.2364256734117412,0.2362671792423091,0.5483517714638253,0.4130891732869909,0.413122530265567,3.442805532707213
rgb_1720260756,bev_1720260756,10.641562435583468,-3.753559132337273,0.1026878301673507,-5.653385471677152,2.8088940399344526,-0.7072694274580312,0.9680344710039016,1.0309351257285853,-0.8677786219592605,26.89666165069156,0.0
rgb_1720236001,bev_1720236001,-11.130915920702687,-0.4517766327920753,0.1238012914251377,1.4724921916567195,3.1699498795432284,0.4814799234042284,-0.4044639928271146,1.0150769995101374,87.89077345005677,43.75437700508703,0.0
rgb_1694828454,bev_1694828454,0.1834518047153696,0.7154725806940718,0.4395011351543453,0.1816120503013911,0.9812819280327052,0.235957166149356,0.9655008211140278,0.6580111872618447,0.0874282469844552,0.2252193753042987,8.42550326627643
rgb_1694984960,bev_1694984960,0.2669965299342988,0.4523840868466183,0.214951078948692,0.930145563665534,0.5639932746675648,0.0904494015493845,0.2673607988368841,0.6150261365209914,0.4070986650661864,0.5926863175698522,4.044850722869712
s1_rgb,s1_bev,-3.6606355787802016,20.0,0.0178997613365155,-0.4493910882174194,-9.049770465535696,-0.6175917962277262,-0.3125499890992499,1.1022335415592242,37.73895547226576,84.91408184997937,0.0
rgb_1720162982,bev_1720162982,10.567107447940703,-2.7242078793725355,0.1241320989472049,-5.653385471677152,2.7928352829962435,-0.7032555294826963,0.7646390895297499,1.0217464790931472,-1.1571815745336522,12.511462326954543,3.577255383786848
s1_rgb,s1_bev,-0.4473262133735574,10.952050356111826,0.0242471908870747,6.495339697722784,-3.344263487998047,0.8806832892725642,0.1877163020925483,0.9797594354654212,29.14885806750653,22.72176176015148,4.966502166947218
rgb_1694887235,bev_1694887235,0.5156879612340884,0.9097081013907858,0.8939039513190667,0.1205708640813967,0.9500161922959448,0.9865346636266952,0.0815704912978592,0.4527785827154276,0.738643518470541,0.5502572309635297,7.000015663514351
rgb_1720180801,bev_1720180801,18.75063812774649,-10.733727016559374,0.1883561616038508,-1.1993282490098576,7.082379413595021,-0.3715437058699764,0.9086342644086184,1.060220186709231,64.1289743990215,30.750103524575657,3.998381760262995
rgb_1720220386,bev_1720220386,-7.240567946368156,5.3772569021832375,0.1594411283069348,-1.4911065625864932,-1.3439084309426337,0.3994191286550899,-0.3821858390579306,1.3347791665117184,-24.16832011728515,42.10014587645181,2.358098460515451
s3_rgb,s3_bev,11.87560969276047,-3.9703555466218674,0.1026396632859747,-2.29241835788711,-4.382928175110587,-0.0864404024515367,-0.6177913853952947,1.3422750575002205,89.38167266950447,20.366353598251628,3.021822645390735
rgb_1720140023,bev_1720140023,-12.754198796028062,-1.2549635535758554,0.1596176792253844,1.4724921916567195,3.15871693075807,0.5143647501317774,-0.5896807659688591,1.008499742613944,87.89077345005677,43.67257892722832,0.0
s1_rgb,s1_bev,0.071266006603107,11.734548875656133,0.2848071615236116,6.711548795975047,-3.0645953320742905,0.6715287476852849,0.2107045569302936,1.0393938687447215,29.44452964549691,28.36072336575184,0.0
rgb_1720224828,bev_1720224828,-6.9966223549017,3.7722255049024938,0.1482370768431057,-1.2453227417809885,-1.3443509368962676,0.3882341636126611,-0.4230180822347407,1.3077634663877904,-25.09360259731166,54.10915892855074,2.68288892490173
rgb_1720229936,bev_1720229936,-7.248677008666737,5.3772569021832375,0.1537796826267916,-1.4911065625864932,-1.3439084309426337,0.4347927844178745,-0.3819712678686375,1.336572291809382,-24.79417999303644,54.29518276456376,2.546148011977871
rgb_1694975569,bev_1694975569,0.6041390915980381,0.0437953143857857,0.0160072653525317,0.7369934349822952,0.1965071695084874,0.8782487793420433,0.9040663450680908,0.917622948417452,0.4440668530976323,0.5285161650609596,4.972395239443801
rgb_1694949103,bev_1694949103,0.9817014296936596,0.7376968821694823,0.5932836131736382,0.5609757313985022,0.3842995605939814,0.9504888803251168,0.6842943652860701,0.4968875071613977,0.4569338942163711,0.5007103143243993,3.5000014497716734
rgb_1694982548,bev_1694982548,0.3202858017426532,0.3216662555102971,0.970198195883376,0.2752547261857129,0.7879071045852931,0.154306492669515,0.1174946542167363,0.8415322064150804,0.10108882138924,0.4103646209728074,3.7896702593326688
rgb_1720168339,bev_1720168339,18.67261244911729,-10.018730891693576,0.1604468513930889,-0.0752802940160801,4.79996230730497,-0.3872717934542617,0.9919540180638136,1.0633385189773277,53.42471919195978,25.824969457229564,3.990882051398834
rgb_1694944754,bev_1694944754,0.819104293178634,0.6414421541739995,0.160677913717251,0.6859803952239499,0.0944030515277244,0.2286320247520715,0.5714418981658441,0.52049525779796,0.5855368481935601,0.2094310939897018,4.039397517358177
rgb_1720219594,bev_1720219594,-7.248677008666737,5.3772569021832375,0.1593954299281511,-1.4911065625864932,-1.3439084309426337,0.4347927844178745,-0.3819712678686375,1.336572291809382,-24.79417999303644,54.29518276456376,2.544723780359274
rgb_1720177877,bev_1720177877,18.67510532382577,-10.018735146728288,0.1597917910981891,-0.566577143008141,6.144651595718351,-0.3868542041727874,0.9919544647242748,1.0686255936220854,62.54779494869308,24.869044068700457,3.97375626237058
rgb_1720143347,bev_1720143347,10.567107447940703,-2.7242078793725355,0.1214853680670798,-5.653385471677152,2.736241752754145,-0.7030073198020296,0.9680344710039016,1.0217464790931472,-1.1628921395584229,19.7298385402778,0.0
rgb_1720245254,bev_1720245254,-11.331175495668468,-1.7496352051542132,0.1596176792253844,1.4724921916567195,3.15871693075807,0.4761615158625374,-0.589410224993545,1.0089422043591108,87.89077345005677,43.67257892722832,0.0
rgb_1720184651,bev_1720184651,16.10981565955128,-9.983101218766716,0.1882624210410391,-0.5657295502766626,6.144651595718351,-0.3870717953602743,0.9919430603578676,1.0594613973180895,59.57068233422558,24.83700075337113,3.917726465524189
rgb_1720185949,bev_1720185949,16.108053246365046,-10.022015806551565,0.1881123220850223,-0.5657002502901616,5.748758519382392,-0.3694462224878956,0.9920523147910354,1.0591644007204866,59.57068233422558,16.411591785177475,3.834600478371304
rgb_1720184461,bev_1720184461,19.07053358368145,-9.952684781505369,0.153653177521269,-1.7797697366855552,6.510333406406037,-0.6349652120940632,0.9987940668004058,1.2036919282658542,60.47320480148196,21.52413301738192,4.001414513998761
rgb_1694925300,bev_1694925300,0.4074614886233497,0.7829674706954283,0.5503785030247045,0.5524711274702071,0.344625139517445,0.7637834281735298,0.6004753309962696,0.8551509767320479,0.8705715556077097,0.5997259182701384,6.989905877702926
rgb_1694898443,bev_1694898443,0.0255372681823669,0.9240118555230188,0.7166960556785519,0.8092800158628372,0.2814949117378511,0.3687015308986714,0.8248885765647197,0.8857997969696726,0.1053152259667364,0.6358168453025749,3.537875984570115
rgb_1720178297,bev_1720178297,16.173595113860287,-10.771043850240758,0.1928813897113866,-1.7579693448283145,7.522521479733342,-0.2959146342423521,0.6977021241308379,0.9832562237650216,49.278974432660505,35.23358360728263,3.996108559920582
rgb_1720242811,bev_1720242811,-11.213425241193988,-0.4517766327920753,0.1238012914251377,1.4692887616385626,3.3079335584839136,0.4814799234042284,-0.4401263668660845,1.0150769995101374,87.89077345005677,43.75437700508703,0.0
rgb_1694828076,bev_1694828076,0.4709964365092349,0.8930040522584195,0.773797452868503,0.3323379442385052,0.912481887865824,0.7242628644222178,0.1620068272940312,0.4373225873702245,0.9520464832912044,0.2707810074106472,6.579041492621412
rgb_1720182844,bev_1720182844,19.199088111482794,-12.50933507819894,0.1920590662166163,-0.1203776822054472,7.377149078855318,-0.4519449137956036,0.6105791136921872,0.9770961358495718,61.280895547099504,48.53341026811576,2.558291522405128
rgb_1720179855,bev_1720179855,18.989362300601165,-7.2584562956485215,0.1533477639552684,-0.5666638343582733,6.472771966809887,-0.3866839179343616,0.9984346474673564,1.1424281708240882,64.44194918291154,3.798641500300017,3.991033322746568
rgb_1720172536,bev_1720172536,18.053457464742564,-11.200686750564325,0.183361097839372,-0.5652194214262192,6.144651595718351,-0.3843397905594879,0.99203876670278,1.0589764268416466,59.57068233422558,25.777316425023027,3.98823442937913
rgb_1694943888,bev_1694943888,0.3198241264749931,0.9647229288302536,0.6822194556940089,0.2314059371176025,0.0824476131447577,0.2760719078283362,0.3485776888205182,0.1155454573006568,0.1494775309520276,0.0735752324023168,3.5000119778388
rgb_1694891960,bev_1694891960,0.6318757411649589,0.6186932650466714,0.7375176340035746,0.3173773879206094,0.9274858146799528,0.7830840325832478,0.2969094611026628,0.3080671920490275,0.4620192977642394,0.7115929757614052,3.4942185906371184
rgb_1720247896,bev_1720247896,-9.475456050391424,-0.5106588025673631,0.1307155127360944,1.4724343183566813,3.3745443825432897,0.4830586788648741,-0.4044639928271146,1.0150769995101374,87.89077345005677,43.75437700508703,0.0
rgb_1720238726,bev_1720238726,-10.02918506309004,-0.4526313823617265,0.1592467831216309,1.1602355215095717,3.160175704471424,0.4814799234042284,-0.4044639928271146,1.0094249316555262,87.89077345005677,45.258743834869655,3.5548742320390203
rgb_1720171853,bev_1720171853,17.659630626382523,-10.616293367048618,0.1883561616038508,-1.277700099347447,7.084366883106618,-0.3721607948562743,0.9697787244847876,1.060220186709231,46.54569483442782,30.750103524575657,3.998677115507797
rgb_1720228128,bev_1720228128,-7.248677008666737,5.3772569021832375,0.1597612863874244,-1.4911065625864932,-1.3439084309426337,0.4347927844178745,-0.3819712678686375,1.336572291809382,-24.79417999303644,54.29518276456376,2.5421498589953653
rgb_1694878771,bev_1694878771,0.4441980587782566,0.8204127502121776,0.2927915627742188,0.3908062299074506,0.3700308164267308,0.9099242205418252,0.2239196716702211,0.1139968220988211,0.5970294237846377,0.6361848000875373,3.5025894756540303
s1_rgb,s1_bev,-0.4473262133735574,17.504856116411574,0.2788062563974704,6.709167365132758,-3.3146159024387463,0.6715287476852849,0.2491521653797399,1.0393938687447215,29.55294394648916,28.347001806733346,0.0
rgb_1720185299,bev_1720185299,19.0854006914809,-10.005080020017555,0.1405923781093211,-0.676448385816597,6.467763519564436,-0.4465285367255255,0.9987938072258852,1.193036214160514,60.47732679984986,18.159032551068385,4.00095679125441
s2_rgb,s2_bev,8.419817740240866,-10.441553815886472,0.1734361196906745,7.705693677428722,8.123310680404195,0.6317236444244725,0.9799088785176406,1.2416532053650549,63.610511169669344,71.59953770887213,0.0
s1_rgb,s1_bev,-3.6606355787802016,20.0,0.0178997613365155,-1.829236210468375,-7.0007761133599935,-0.3572543129026849,-0.8652640640200917,1.217068917130944,26.322472740953803,94.89412177013908,0.0
rgb_1720135961,bev_1720135961,-11.369378155809688,-1.2549635535758554,0.1596176792253844,-0.5242828203396925,3.15871693075807,0.5127371018108071,-0.5896807659688591,1.008499742613944,87.89077345005677,42.208165588713136,0.0
rgb_1720255766,bev_1720255766,10.559245757427522,-4.206054886767577,0.1214279542931493,-5.653385471677152,2.736267954855464,-0.7056525884842435,0.9680344710039016,1.031699742690982,-1.1628921395584229,23.70322769892124,0.0
rgb_1720173292,bev_1720173292,19.89045540885087,-13.931166461959634,0.2005048104999187,-0.1231366710644081,7.377149078855318,-0.4136562996997253,0.6068675735774438,0.9460653924338313,85.3725474040933,34.37214343462479,3.9918418908724216
rgb_1720216168,bev_1720216168,-7.248677008666737,6.39353873314397,0.1594056228944358,1.1753541246696724,-1.3439084309426337,0.4347927844178745,-0.3812050165798146,1.336572291809382,-25.131541957846267,54.29518276456376,2.6042890715014404
rgb_1694824610,bev_1694824610,0.483445307086795,0.5839783597893456,0.5164961929546633,0.707546998498023,0.4618491104561119,0.6974606949310487,0.1904096772141064,0.6403652327518654,0.13234767529981,0.1144752752770447,7.483443952440729
rgb_1720264098,bev_1720264098,8.933636889738285,-3.753559132337273,0.1214834778619143,-5.653385471677152,2.808881407077699,-0.7072694274580312,0.9680344710039016,1.0416189113126346,-0.3750178314339933,18.41240233403594,0.0
rgb_1720178220,bev_1720178220,16.173595113860287,-10.771043850240758,0.1839534792037164,-1.1972738558854097,3.39530670199637,-0.2959146342423521,0.7062764054926247,0.9584358093758876,49.278974432660505,35.23358360728263,3.994391059514964
rgb_1694912848,bev_1694912848,0.2595527616762858,0.0631891970234036,0.2874050032552318,0.1809922872598571,0.6912468118643081,0.4725505031305179,0.5821013359943431,0.9002545306636365,0.5239583598809452,0.1870526757794344,3.500130044900992
rgb_1720127837,bev_1720127837,-11.213425241193988,-0.4517766327920753,0.1238012914251377,-0.1349003025092905,4.426897445843634,0.4814799234042284,-0.6349989873282589,1.0206522036561902,85.77504739173534,43.7550280248954,0.0
rgb_1720255863,bev_1720255863,8.894269903945222,-3.380003559140349,0.1210818256128741,-5.653385471677152,2.808942568385337,-0.7077060893974884,0.9680344710039016,1.0416193053216356,-1.135032022030856,18.49954195682225,0.0
rgb_1694827576,bev_1694827576,0.649291421569193,0.1028554264277765,0.2632553897795718,0.3745626308318216,0.0047883816635621,0.7949131069678911,0.2604484370116945,0.8061344769140115,0.7734818224052807,0.651568877313336,4.013852786798247
rgb_1720168526,bev_1720168526,16.32415197881106,-13.797999004012649,0.1928931996616365,-1.7593849166818352,7.522521479733342,-0.2948940252157968,0.7062764054926247,0.9584358093758876,39.73900349127848,35.23357382739033,3.995110225515528
rgb_1720167232,bev_1720167232,16.063830998186432,-3.753559132337273,0.1230232867464488,-6.204813097077139,2.8139200394484742,-0.7072694274580312,0.95259881287326,1.010410669607272,-0.6788853753904647,26.18440702267818,3.3705084442222226
rgb_1720228436,bev_1720228436,-6.995095460999943,5.378991298497247,0.1594403355670541,1.547597273391908,-1.356410528701046,0.4347743687149241,-0.4230180822347407,1.335277167456368,-25.118951960728424,54.6374507395354,2.438411592285223
rgb_1720122970,bev_1720122970,-11.213425241193988,-0.4517766327920753,0.1238012914251377,2.590514173066863,3.307258264328185,0.4814799234042284,-0.4401263668660845,1.0150769995101374,87.89077345005677,43.75437700508703,0.0
rgb_1720156326,bev_1720156326,11.090653958802712,-3.737722525189135,0.1210811265674365,-5.558778042269453,2.7370841154111645,-0.7067462280240802,0.988187253228714,1.0413252706721718,-1.1628921395584229,18.124249999189693,3.5642471536277105
rgb_1694923654,bev_1694923654,0.59489267218464,0.1470676540392298,0.5371293349822484,0.2848957344169522,0.7164348720463299,0.3361849688629298,0.3289712986587597,0.5561124013469478,0.3562268112426335,0.3604398513592589,7.528617367302822
rgb_1694953401,bev_1694953401,0.4866436727001246,0.7542895000849751,0.4783055417751841,0.6994305620953494,0.1785882552805474,0.0682807700804857,0.64731723796064,0.1521822535203078,0.2249540700683427,0.3886848338967129,3.501302749975054
rgb_1694822987,bev_1694822987,0.3317092825773674,0.5348019590890164,0.4412673906297059,0.4151405247914359,0.0616226128237055,0.3989269354520456,0.46686123521792,0.32399097717766,0.2254807531666388,0.9381763296714424,3.760581919376153
rgb_1694924894,bev_1694924894,0.1282952852437471,0.4534121054506533,0.7509589098672069,0.8870715446784263,0.6174685430271271,0.5051667803591373,0.2327882550672327,0.3782627331573652,0.0583138376889823,0.7531438712962035,0.0
s1_rgb,s1_bev,-0.4473262133735574,17.463218031426994,0.2773894855158774,6.48488359737949,-3.0116389229926863,0.6715287476852849,0.1384564338176466,1.0683900341879176,29.55294394648916,26.72566000792429,0.0
rgb_1720211222,bev_1720211222,-8.977727207352572,5.3772569021832375,0.1557575904671396,1.180996717409336,-1.521000435892356,0.4347743336207439,-0.3106626721580314,1.3089029458575707,-25.118951960728424,44.50210404665727,2.7112609827793506
rgb_1694889795,bev_1694889795,0.1798090324220113,0.1431464699477063,0.7227725010412989,0.5971710277505032,0.5154598234900172,0.8181045413061714,0.0367789167329146,0.1940652782298539,0.970100856717518,0.517356157462638,3.4999732555964926
rgb_1720149389,bev_1720149389,8.78961136740002,-3.4375016661374005,0.1210792054649663,-5.653385471677152,2.7372314482285205,-0.7072694274580312,0.987468334806498,1.0391368448230194,4.3472217617126745,18.49954195682225,3.556615041391963
rgb_1694980804,bev_1694980804,0.8759684795170508,0.1727256852548717,0.7588538292960456,0.2128878914483571,0.1756282876745222,0.57814487667849,0.6253690906194938,0.2548250151879214,0.0364025150238683,0.2569955032534226,3.500818023010261
rgb_1720126389,bev_1720126389,-11.213425241193988,-1.175731741822016,0.1238012914251377,1.4692887616385626,3.15924190138766,0.4814799234042284,-0.4401263668660845,1.0150769995101374,87.89077345005677,43.78949897526905,0.0
s3_rgb,s3_bev,17.773949217049676,-3.983405340639564,0.1004928717482631,-6.937659810306284,-6.608841540404439,-0.2830170368666325,0.1880603810988724,1.294218148185759,89.89442789212289,19.84467837683598,3.777057440458312
rgb_1720138374,bev_1720138374,-11.331175495668468,-1.2549635535758554,0.1596176792253844,1.4724921916567195,3.15871693075807,0.5143647501317774,-0.5896807659688591,1.008499742613944,87.89077345005677,43.67257892722832,0.0
rgb_1720251020,bev_1720251020,-11.331175495668468,-0.4517766327920753,0.1330601664194044,1.4724921916567195,3.15871693075807,0.4814799234042284,-0.350519611233707,1.015479699219885,87.89077345005677,43.67257892722832,0.0
s2_rgb,s2_bev,20.0,-6.887396734480059,0.1604139571974613,6.686153146032503,7.319034852546919,-0.9796483361184604,0.5189336268488274,1.3722050461141122,90.0,3.2565601535852746,0.0
s1_rgb,s1_bev,-3.6606355787802016,20.0,0.0178997613365155,1.3756104726391776,-7.0007761133599935,-0.4544596591967312,-0.5994139474710578,1.118140875512541,22.225715176236463,100.0,0.0
rgb_1720132464,bev_1720132464,-11.240475950356352,-0.4517766327920753,0.1149594743721714,1.4724921916567195,3.15871693075807,0.4809527917130602,-0.5896807659688591,1.0160248078432434,88.76766157555016,43.67586140822112,0.0
rgb_1694868292,bev_1694868292,0.3523491290558869,0.4276235176436258,0.701182965750891,0.8821277844586775,0.1763864995044843,0.3881886000420793,0.842417505497761,0.4433657403641109,0.3525808088619446,0.7826004882892431,7.404789085622032
rgb_1694908668,bev_1694908668,0.5708811668669509,0.6986015623115512,0.6581249246305715,0.0530322596041304,0.0591958625323755,0.0805229386095837,0.4181786094470341,0.1381739486259374,0.4164874745577143,0.0634411191933499,3.498948110791177
rgb_1694887149,bev_1694887149,0.5549863070759382,0.0970892246127225,0.9006268089407538,0.925451171188422,0.7137521017739068,0.4945903592564999,0.5736167023760813,0.0168929114983851,0.661083982440345,0.9307354367122308,7.000015663514351
s1_rgb,s1_bev,-0.2518942859491808,12.486679451262804,0.2851773032764576,6.488151580272597,-0.2830569977363719,0.6499616955074097,0.2495522524063336,1.0393938687447215,58.52315822405009,26.04883698006677,3.0337414184901914
rgb_1720164711,bev_1720164711,17.411799729769484,-3.7365224980533327,0.1210727583001455,-5.653385471677152,2.739900767082231,-0.7072569200398375,0.9857559403631182,1.041614472677779,-1.1333094751127533,17.888935149139513,0.0
rgb_1720151384,bev_1720151384,16.189610963444437,-2.425189224750625,0.1215520228934662,-5.653385471677152,2.8064778968274435,-0.7970484955715652,0.9688520468665124,1.0417919010321262,-0.3519803269857533,19.859801608823044,3.736901687218351
rgb_1694835315,bev_1694835315,0.0238518856529817,0.390934068851644,0.6507212233096299,0.4575385129211889,0.37905817163173,0.0133866369788419,0.2410228483709303,0.1251845857516369,0.1475189889197696,0.280685653360871,3.500793905043542
rgb_1694840778,bev_1694840778,0.6653455139156365,0.5505085696235532,0.0617464061273607,0.4547276684569379,0.7657849898741665,0.4254088333516342,0.67874709450709,0.6350314564569236,0.3961219000266063,0.4579139111201029,3.667468957342378
rgb_1694912290,bev_1694912290,0.928040299124871,0.5229488735206153,0.4187992836035795,0.2381381595181539,0.2200183254815955,0.5576455963098846,0.5102677409702425,0.1296195651097916,0.6120829033404214,0.9773947571780784,0.0
rgb_1694953894,bev_1694953894,0.1046565756085814,0.4268899322738329,0.0049372372293631,0.6300315346081854,0.5959333007178178,0.6231703348141542,0.5581673860038424,0.2119657786389964,0.5608977109280191,0.8431158953483879,4.823145604278066
s1_rgb,s1_bev,-0.4473262133735574,17.84285973346813,0.2818913297310531,6.48488359737949,-3.344263487998047,0.6715287476852849,0.1877163020925483,1.0636598823244543,29.55294394648916,39.993845256108216,0.0
s3_rgb,s3_bev,11.87561030803422,-3.058096790168761,0.0563363001676012,-2.803449118593731,-4.808880564098994,-0.7388117322374148,-0.4143195444944145,1.322839172660848,89.24621322940973,9.383677589112915,3.5876365621675945
s2_rgb,s2_bev,8.41997730612583,-13.445202917889562,0.173420071432141,7.705625011196343,7.383068674400067,0.7517215465114406,0.981908561430266,1.2416677803409844,76.6501402429441,71.49786573329084,0.0
rgb_1720240329,bev_1720240329,-9.175090262207243,-0.757238453545849,0.1291513739183558,1.5717069907650083,3.3270342492838534,0.4814799234042284,-0.3556311681348804,1.0150769995101374,87.89077345005677,46.56808350254997,3.390756617550473
rgb_1694836712,bev_1694836712,0.5261667945552692,0.4899430675934919,0.4826917212461581,0.1062465987369447,0.6911379540101237,0.8532929012354907,0.3045436174044087,0.5493564809147116,0.5659050353953091,0.5442523518279695,7.366741788914588
rgb_1720173481,bev_1720173481,18.7320897697037,-10.018735146728288,0.1597917910981891,-0.5665578320648414,6.144651595718351,-0.3868542041727874,0.9919544647242748,1.068855026811026,56.40527915504907,24.96524590003305,3.992514757028216
rgb_1720246375,bev_1720246375,-11.172387456496136,-1.2383293342153152,0.1593035562363934,1.4724921916567195,3.125395982328083,0.4862132259869667,-0.5572254224153955,1.0150932633801577,86.81035410219059,43.67257892722832,0.0
rgb_1720128240,bev_1720128240,-11.346909342218078,-1.2549635535758554,0.1596176792253844,1.4724921916567195,3.15871693075807,0.4862132259869667,-0.4386537431247467,1.0160248078432434,87.89077345005677,43.757615528702246,0.0
rgb_1694980572,bev_1694980572,0.9315633553993118,0.3359897646843445,0.4708049945140083,0.556878258220578,0.0846800451635956,0.771682474182435,0.6052343411049728,0.2254482576647648,0.4214458140728242,0.5541488239862384,4.488430392998014
rgb_1694870401,bev_1694870401,0.6236710243565174,0.1786234649656383,0.3176931218957504,0.9179278106681628,0.7129720482718439,0.4579370530750042,0.2174057481877138,0.910473034738721,0.1953594629272097,0.1390876281415755,7.623647248330384
rgb_1720141432,bev_1720141432,-11.224675941868206,-0.4583245808248861,0.1192328380021445,1.4726450362779264,3.1699498795432284,0.4867774248806145,-0.4337220629675917,1.0160207650433044,88.82372298572406,43.75437700508703,0.0
rgb_1720183140,bev_1720183140,15.783749610558536,-10.91226158909796,0.2169200507458799,-1.1951479650019152,7.502075781292756,-0.304945675591488,0.7919505637480158,1.0276375940508753,44.84636644559231,30.81271827766085,0.0
rgb_1720175153,bev_1720175153,19.07920430120567,-4.248636672868402,0.1172414030440043,-1.7810119961776645,8.235804857104004,-0.4465285367255255,0.9988843952338196,1.2036919282658542,60.47320480148196,21.52413301738192,4.000989738298166
rgb_1720136724,bev_1720136724,-11.213425241193988,-0.4517766327920753,0.1238012914251377,1.4692887616385626,3.1699498795432284,0.4814799234042284,-0.4416221749077006,1.0150769995101374,87.89077345005677,43.75437700508703,0.0
rgb_1720137490,bev_1720137490,-11.330615939975514,-0.4517766327920753,0.1337244534325532,1.0498667190612476,3.122327310775839,0.4822153092576018,-0.5896807659688591,1.028179470596353,63.05133444110143,43.67257892722832,0.0
rgb_1720258707,bev_1720258707,15.299006537733192,-2.7137322114777724,0.1215421557370606,-5.653385471677152,2.8064778968274435,-0.7073287585215864,0.9684732911714542,1.04131575054659,-0.415535312002234,20.575024378366127,0.0
rgb_1720227952,bev_1720227952,-6.995095460999943,6.2179409296645005,0.1594407074517102,2.774822342841152,-0.9007850186464328,0.4347743336207439,-0.4201202277782501,1.3085475193753746,-25.29265659529265,55.31791711622765,2.4988332747074486
s2_rgb,s2_bev,8.41997730612583,-13.469586605662096,0.173443260400253,7.705625011196343,8.129546702871501,0.6390736779913704,0.9821567013359768,1.21201448458881,60.7931414654926,67.89769309025687,0.0
rgb_1720267887,bev_1720267887,10.641562435583468,-3.753559132337273,0.1215522166963989,-5.653385471677152,2.806224557797295,-0.7072694274580312,0.9680344710039016,1.041614472677779,-0.8758334200807667,26.89666165069156,0.0
s1_rgb,s1_bev,-3.6606355787802016,12.591596704187149,0.0,-6.499205381501714,-10.0,0.2540932323688672,0.2877927591729683,1.0391410622139514,14.857725000223368,58.85628194514278,0.0
rgb_1720255512,bev_1720255512,10.76936453734476,-4.117966043445467,0.1210811354208839,-5.653385471677152,2.8163310484772897,-0.492450331722876,0.9680561617700368,1.0217673110439884,-1.1628921395584229,23.272351940012527,0.0
s1_rgb,s1_bev,-6.7125877662395474,15.5464719954484,0.1311516862185948,1.3756104726391776,-3.98867478669116,0.2540932323688672,-1.0,1.370106906233734,90.0,35.46989953160345,4.0006525117057095
rgb_1720235200,bev_1720235200,-11.213425241193988,-0.4517766327920753,0.1238012914251377,2.590514173066863,3.307258264328185,0.4814799234042284,-0.4401263668660845,1.0150769995101374,87.89077345005677,43.75437700508703,0.0
s2_rgb,s2_bev,8.428580574181545,-10.441553815886472,0.1734233910740375,7.705693677428722,8.123448579429386,0.6317236444244725,0.9666353354658002,1.2672240828623398,63.70300053723605,71.57850114415744,0.0
rgb_1720245774,bev_1720245774,-11.331175495668468,-2.5185893050211163,0.1596176792253844,2.8805020339849907,3.15871693075807,0.5065946880768433,-0.5896807659688591,1.0160248078432434,87.89077345005677,43.67257892722832,0.0
rgb_1694891201,bev_1694891201,0.1247297091140737,0.0853228324660499,0.8611067174179584,0.0473694643203813,0.8270496449070679,0.0011246802875178,0.7635419825351334,0.5292857145703668,0.3165701541884143,0.4981754521445386,4.686127553156163
rgb_1720138816,bev_1720138816,-11.331175495668468,-1.2549635535758554,0.1252982457723964,1.4684099006275098,3.15871693075807,0.4811515375625785,-0.5923125096900088,1.007883180306076,87.89077345005677,43.67257892722832,0.0
rgb_1694912448,bev_1694912448,0.6925901511120233,0.5236701074361436,0.5167888304365555,0.4358570589752706,0.795114290752499,0.7976003639941056,0.0672027393307518,0.8891434373500027,0.7800253031063211,0.3613692020113264,0.0
s3_rgb,s3_bev,11.87561489134652,-3.983405340639564,0.1256887958774356,-2.9967554081277985,-5.0304421860257005,-0.2246841491070048,-0.3021638626315493,1.3413356835325214,82.19357027869444,20.79088354066544,3.1217925562838373
rgb_1694983163,bev_1694983163,0.5711587537514248,0.4869311277118358,0.1059453658352156,0.0246842442112718,0.5021083485997959,0.4718754683782559,0.3551907324436537,0.9757900248532628,0.8918992639346444,0.5416556681566952,7.567798816291122
s2_rgb,s2_bev,20.0,-6.887396734480059,0.0886436222692316,-2.8832248443981188,7.319034852546919,-0.9796483361184604,0.5189336268488274,1.3722050461141122,90.0,3.2565601535852746,3.994497196691059
rgb_1694891793,bev_1694891793,0.6669601803210876,0.3765933064587137,0.4407723711141337,0.1000161627358648,0.7887625807153285,0.7640261444988856,0.0585578402203421,0.0064144174968223,0.3059235030802774,0.9421045745289484,0.0
rgb_1720173629,bev_1720173629,18.67261244911729,-9.893668710448155,0.183361097839372,-0.5652139821602091,6.144651595718351,-0.3874611982431389,0.9919387349428964,1.057501642500449,59.57068233422558,25.777316425023027,3.595342752799486
rgb_1720229362,bev_1720229362,-7.24779469466424,5.3772569021832375,0.1594403355670541,1.180996717409336,-1.521000435892356,0.4347139747151374,-0.4197742819598083,1.3085475193753746,-25.106604072129755,43.073478104365925,2.49646429124281
rgb_1720138173,bev_1720138173,-11.331175495668468,-0.4517766327920753,0.1596176792253844,1.4724921916567195,3.1579734069630927,0.4862132259869667,-0.5889484110878316,1.0160248078432434,70.51361959695899,43.67257892722832,0.0
rgb_1720223377,bev_1720223377,-6.995095460999943,5.3772569021832375,0.1536248076015595,1.180996717409336,-1.3442461520157565,0.4347739803435269,-0.3424166716025929,1.3085475193753746,-25.118951960728424,43.073478104365925,2.735922833903504
rgb_1720254507,bev_1720254507,8.002953538500194,-3.753559132337273,0.1137815898492992,-5.653385471677152,2.809233913548667,-0.7070507547612018,0.9680344710039016,1.0330136851062277,-1.0031243980708524,26.89666165069156,0.0
rgb_1694976105,bev_1694976105,0.6601764943645277,0.3457516962963752,0.581835526332119,0.4905989349753555,0.2999069591688882,0.812732884249855,0.7838890538363061,0.8857368550040671,0.7985452526585755,0.806254007461353,4.459404345814853
rgb_1720252503,bev_1720252503,-11.331175495668468,-1.1989382425814838,0.1596176792253844,1.4724921916567195,3.167619362504244,0.4862132259869667,-0.6542153124090208,1.0159659586785064,87.83309151015206,42.08566772348112,0.0
rgb_1720130977,bev_1720130977,-11.223957221597,-0.355199745252392,0.1214552044115538,1.4724921916567195,3.153031147053237,0.4817587725412744,-0.5942745048982065,1.016058186743564,87.89077345005677,45.70668560328059,0.0
rgb_1720129529,bev_1720129529,-11.331175495668468,-1.2549635535758554,0.1596176792253844,1.4724921916567195,3.15871693075807,0.4778126583157649,-0.5896807659688591,1.008499742613944,87.89077345005677,43.67257892722832,0.0
rgb_1720156014,bev_1720156014,10.559245757427522,-2.5913120284821645,0.1214321508623674,-5.653385471677152,3.8277016889741615,-0.7168908049944734,0.9680344710039016,1.031699742690982,-1.1628921395584229,23.70322769892124,0.0
rgb_1720181520,bev_1720181520,19.150172081736805,-4.249034745908515,0.1686959312362662,-0.676448385816597,6.7109202535012855,-0.4465285367255255,0.9988843952338196,1.1642048651212709,60.47320480148196,17.51805943950155,4.000256311587565
rgb_1720214485,bev_1720214485,-7.221218946508721,5.3772569021832375,0.1593452506258887,0.8229655750217617,-1.3439084309426337,0.5916059222556587,-0.4220518748930664,1.3083790552849364,-24.79417999303644,54.29518276456376,2.842700068999404
rgb_1694894687,bev_1694894687,0.2245331974493272,0.1549981433127377,0.3686182463884599,0.6750441557885501,0.8406825922238222,0.7228476597728296,0.3359327572209698,0.992924203852046,0.529993586092907,0.8224651555720793,6.189716396939621
rgb_1720245694,bev_1720245694,-11.331175495668468,-0.4517766327920753,0.1596176792253844,1.4724921916567195,3.15871693075807,0.4814253628349385,-0.6260523388797081,1.0160248078432434,85.56926332782908,45.81035182744976,0.0
rgb_1694891876,bev_1694891876,0.0843072198556625,0.074575439174555,0.0620089634107826,0.6864571319449051,0.1896535609684062,0.2684254149724134,0.6243635413339453,0.7249623165540268,0.5153675892316696,0.6754128710471251,3.4996645482775564
rgb_1720233919,bev_1720233919,-10.373317913431958,-0.4517766327920753,0.1498498106912694,1.4691391609089166,3.1699498795432284,0.4814799234042284,-0.6334673772946885,1.0150769995101374,87.89077345005677,43.91425954776504,3.0402732167820075
rgb_1694888236,bev_1694888236,0.1307068721074765,0.645137159254674,0.5302027410876997,0.5275544906261507,0.805317409105556,0.1478053060103977,0.2860555749268536,0.2588785899279229,0.942677734307398,0.9562905349473262,3.177415854381813
rgb_1694910339,bev_1694910339,0.2451772151935023,0.5411241634182767,0.748314954362457,0.0332140244199383,0.7518654122296212,0.6805423090654239,0.7401898090346286,0.0269308344394454,0.0923518253603752,0.2835160154500136,3.501755749576952
s2_rgb,s2_bev,18.63013698630137,-4.786556398345606,0.2523052464228935,6.686153146032503,7.485387334956485,-0.9796483361184604,0.5189336268488274,1.4123487031700288,-8.672214133412991,7.852148388879392,3.2169057535175263
rgb_1694840315,bev_1694840315,0.1561038340438465,0.511261746447064,0.4028544877230846,0.6550473607259402,0.8438862171513617,0.032451258978197,0.1218100567759783,0.511017476152137,0.6637621452522313,0.3958633853927689,7.141184687069964
rgb_1694950319,bev_1694950319,0.713866704604334,0.0958888684566942,0.1688787301879648,0.5848507310049382,0.283597088101172,0.6885562351914775,0.7381903675056269,0.5550796773742427,0.4129279067169448,0.0215137170634377,7.714010449581802
s2_rgb,s2_bev,20.0,-6.887396734480059,0.0886436222692316,6.686153146032503,7.859060178914138,-0.9796483361184604,0.3903162635047759,1.43,-54.36200908394686,47.2221021166708,2.0132143734660266
rgb_1720227908,bev_1720227908,-7.248677008666737,5.3772569021832375,0.1593954299281511,-1.4911065625864932,-1.3439084309426337,0.4347927844178745,-0.3819712678686375,1.336572291809382,-24.79417999303644,60.19483639881618,2.5446428860982504
rgb_1694978912,bev_1694978912,0.6060862778405927,0.0663340128762854,0.1730367964381566,0.8685257838858347,0.134787491562906,0.9983775095013334,0.6341056517288801,0.6147943615781881,0.1485853284432022,0.3196360615988921,3.301587950979792
rgb_1720175380,bev_1720175380,19.207038562146373,-7.748939387570887,0.1533477639552684,-0.676448385816597,6.472771966809887,-0.4465285367255255,0.9988843952338196,1.1527832101272883,60.95485983690389,24.326811465192343,4.00029664379118
rgb_1694872351,bev_1694872351,0.1925673076262734,0.8177450142926526,0.8231869593709553,0.2889232011995402,0.0436338649452848,0.5436444962808874,0.0543162668655838,0.5184861093363974,0.2240731173062374,0.6098512539161234,7.000653387968868
rgb_1720235760,bev_1720235760,-12.15469228011898,-0.4517766327920753,0.1596176792253844,1.4725014403810412,3.15871693075807,0.4814799234042284,-0.5454620192414873,1.0099456992167213,87.89077345005677,43.67257892722832,0.0
rgb_1720151850,bev_1720151850,10.316344085505698,-2.369233281946734,0.1132494509532793,-5.754681877280009,2.804033607346753,-0.9856461848236888,0.9819093847972528,1.033261150150652,4.375054897092312,23.62037023870558,3.573640164129573
rgb_1694979124,bev_1694979124,0.8155682450166878,0.7690982967139632,0.2098026776300767,0.3373554256748223,0.0017392412306911,0.7266795566080252,0.1047155416348974,0.4199197467358484,0.8764180782604007,0.5357844825390556,6.0989574749873645
rgb_1694824173,bev_1694824173,0.0923651377420491,0.6192133792907258,0.4589563296858673,0.8946526318353336,0.338812496494133,0.0559222643765755,0.1696162876391473,0.24915370065688,0.1483647831434131,0.9444727391853271,7.592392574981679
rgb_1694843717,bev_1694843717,0.665009210442412,0.6382244012985319,0.9159987402036348,0.1849346528435973,0.7929872950087558,0.6152887067649654,0.520191421400385,0.0423824190283156,0.3708271467576386,0.2988710291249664,5.021612440821573
rgb_1694948126,bev_1694948126,0.873781142283198,0.1145069000438714,0.3689763321289098,0.5626710482225223,0.3581075801026117,0.0774250336845305,0.0401438958481454,0.49276944062322,0.3124477281824228,0.8919973643099014,4.283195231630886
rgb_1720215369,bev_1720215369,-6.434028347574294,5.3772569021832375,0.1543041031898709,-1.4911065625864932,-1.3439084309426337,0.1774646841021494,-0.3819712678686375,1.336572291809382,-24.79417999303644,54.29518276456376,3.525357178619541
rgb_1720176244,bev_1720176244,18.09093640441641,-10.917210316448076,0.1993134493543283,-1.1951479650019152,7.513694117697433,-0.2962566913003148,0.7897814636896978,1.0177155250286032,44.84636644559231,31.56510658363156,0.0
rgb_1720232891,bev_1720232891,-7.2590677437894335,5.753018543371734,0.1594743134524899,-1.6256844995537083,-1.0838725932661966,0.4347657258124404,-0.1279491410983733,1.3804474074419797,-24.76596521551972,47.62789184315199,3.532956003400616
rgb_1720256625,bev_1720256625,7.820334475048099,-4.155623720139477,0.1137815898492992,-4.045376787586327,3.1509564716109715,-0.7034303142383056,0.9680344710039016,1.0327365182016477,-0.6752072677785463,19.910428330708875,0.0
rgb_1694955738,bev_1694955738,0.2832175956358953,0.5425586422187038,0.5198279833892652,0.0478228823752282,0.2089582546228643,0.7110070897411811,0.7209032863411156,0.3355429197053976,0.1069553375021771,0.219913272197172,3.9121774166663448
rgb_1694957489,bev_1694957489,0.2400530505069739,0.9631773012112956,0.3607396774743791,0.6061140113144217,0.4339957165465475,0.8595507940569503,0.0655641633232445,0.8398032454736348,0.7555857083118904,0.9093161898742472,4.443934783102654
rgb_1694877927,bev_1694877927,0.6361359013823515,0.2782937705863935,0.2127431729427025,0.91277571879782,0.8254409250910024,0.6547658681917539,0.3706360043787748,0.3372730100565759,0.0266843802820299,0.7665824824218245,4.925823325676038
rgb_1694879152,bev_1694879152,0.6170169332819875,0.1061391683547043,0.2677308882294432,0.2426910926280298,0.9832675029063488,0.4299237078847635,0.1598108874183894,0.9602345383671876,0.4124583864019887,0.3864738834875214,7.617074448437378
rgb_1720127072,bev_1720127072,-11.331175495668468,-1.2549635535758554,0.1596176792253844,1.4724921916567195,3.125395982328083,0.4861308618696252,-0.5405207479922826,1.0160248078432434,87.8851044262662,42.08566772348112,0.0
rgb_1720149137,bev_1720149137,10.559245757427522,-3.737722525189135,0.1210811265674365,-5.653385471677152,2.7370841154111645,-0.7067462280240802,0.988187253228714,1.0413252706721718,-1.1628921395584229,18.124249999189693,2.546888334077676
rgb_1720258454,bev_1720258454,10.641562435583468,-3.753559132337273,0.1215520228934662,-5.653385471677152,2.8064778968274435,-0.7225962802296014,0.9680344710039016,1.0416189113126346,-0.3750178314339933,18.41240233403594,3.649211337149998
s3_rgb,s3_bev,11.87561032134399,-3.763623017729525,0.1222152327884165,-1.7939136177477035,-4.808880564098994,-0.6656750482539461,-0.2811420414318455,1.300918925708143,89.24621322940973,9.857571561047706,2.995783160031329
rgb_1720130856,bev_1720130856,-11.223957221597,-0.5683607802273691,0.1214552044115538,1.4724921916567195,2.5851812295626253,0.4817257717939813,-0.6260523388797081,1.016058186743564,87.89077345005677,45.70668560328059,0.0
rgb_1720180462,bev_1720180462,19.03918449430109,-7.258630661128965,0.1533477639552684,-0.5666638343582733,6.472771966809887,-0.3866827670115036,0.9971210265017068,1.1359174419912028,64.43880145858307,24.326811465192343,3.9984071757800335
rgb_1694872177,bev_1694872177,0.367911932523166,0.3701519169364231,0.1628188458776444,0.4980607722251161,0.5917547472775946,0.387900207717185,0.3892022913430024,0.2113587847939131,0.7316714900799662,0.6835532063243631,3.500024355006749
rgb_1694825334,bev_1694825334,0.8050686846062606,0.3455942781362854,0.4782032848578603,0.935427083498097,0.069819088395675,0.0061521631331793,0.1315018148127634,0.9549166272314104,0.8485161230420788,0.50781037071511,6.657465254533863
s3_rgb,s3_bev,19.23975234590084,6.615001642607684,0.0,-4.020910944561871,7.525400879892125,-0.0931682625309338,0.7053378399401844,1.3101275436771025,23.97644231187061,49.62514190987895,4.606905049196209
rgb_1720265597,bev_1720265597,15.352166524588952,-4.139382922684947,0.1225595929276274,-5.653385471677152,3.3173916938670303,-0.7072694274580312,0.968070394039106,1.041614472677779,-0.68605889748099,26.446268748111564,0.0
rgb_1720256273,bev_1720256273,10.641562435583468,-3.753559132337273,0.1214817855759195,-5.653385471677152,2.8064778968274435,-0.7031430994839737,0.8128707652567726,1.0416189113126346,-0.3750178314339933,19.71027506273909,3.5627539204949654
rgb_1694828595,bev_1694828595,0.2606928048356186,0.4872102798028118,0.8320228807103928,0.6986355088977636,0.9689107550962358,0.3705014534503731,0.2416025005769428,0.7330538521461064,0.9749051523984462,0.16477755671333,7.760735179312157
rgb_1694911652,bev_1694911652,0.8518810518700575,0.1448393844642044,0.2860318520729982,0.4051992640211661,0.7811921617765778,0.3275669244599991,0.6748930342796,0.7476539325665644,0.51780017242994,0.6390048571103323,6.251870688217401
rgb_1694823653,bev_1694823653,0.8359911569590244,0.5757931625140045,0.4437140589209731,0.8989539373871341,0.7387359730144106,0.0355647599043901,0.5094950919224018,0.1443566929262585,0.8949647041140815,0.4155042103308671,6.579041492621412
rgb_1694981849,bev_1694981849,0.891675918046401,0.607778770677906,0.6008773333025798,0.9561002278787216,0.3219889726553374,0.0246796684545034,0.1296653722554753,0.6015276852084798,0.0692992972741098,0.3350836986417135,3.9121774166663448
s3_rgb,s3_bev,3.965124246143468,6.569626178477192,0.0409470779992982,10.0,-3.625072662215352,0.1775107633552337,-0.6664448693800191,1.4275694160548416,74.22436459246273,85.18863408193809,0.0
rgb_1720230686,bev_1720230686,-7.24779469466424,5.3772569021832375,0.1594859398784956,0.6954088718729423,-1.521000435892356,0.4347139747151374,-0.4197742819598083,1.339772964778242,-24.976045233731824,43.17301379780989,2.504947063859297
rgb_1720245334,bev_1720245334,-9.963457348392414,-0.4773644002772741,0.1214336542553001,2.6175250859675376,3.307258264328185,0.3077244173694806,-0.5849679862215447,1.0147067236120533,87.89077345005677,43.75019482762828,3.2673112686421235
rgb_1720249578,bev_1720249578,-11.344765305567538,-0.4035336065147383,0.1573836294338321,1.468972996613525,3.15736916043764,0.4814799234042284,-0.5682135698079782,1.0161105301253994,87.89077345005677,43.75437700508703,0.0
rgb_1720227776,bev_1720227776,-7.493540876959788,5.233521245299851,0.1596980174879055,-2.5320951446481192,-0.9162614625905938,0.433941987906951,-0.21230783449491,1.3529839701710684,-24.440258215491127,54.26741067251031,3.3220311822538195
rgb_1694951808,bev_1694951808,0.0524071780230026,0.8239886296773747,0.124373840248331,0.5796454354761887,0.1798229305022426,0.7086168417915322,0.0780590852863061,0.8377364863032181,0.2382183211902959,0.6059443007171028,7.000001922542907
rgb_1694835500,bev_1694835500,0.7797882823804171,0.059156705684993,0.7896165062971343,0.3467627320137165,0.2100063713452171,0.2477264591437564,0.8341873436555696,0.112295126362007,0.8177932036412697,0.3496420058575685,3.49918254653548
rgb_1694948618,bev_1694948618,0.9160424412854632,0.3637210794992455,0.0511498309279544,0.5015990881926763,0.0326264865129087,0.3054176583809834,0.0753474568332062,0.5366890430981635,0.2625613372208774,0.3659378323766072,4.630001860536011
rgb_1694942985,bev_1694942985,0.9813412141064578,0.0115081087469883,0.1476927020256535,0.8660447812508175,0.9497545514067832,0.1421022180004019,0.5356456088232744,0.6065716726043419,0.2569374234223612,0.2872412844714026,3.5004310455570367
s3_rgb,s3_bev,11.875610269838214,-0.1973714222894074,0.0989175434143662,-1.6626219971927956,-4.1976823337965765,-0.6574772136145859,-0.3046599406048915,1.3047253267818926,89.25619687152657,20.704348450299666,3.5294539936996228
s3_rgb,s3_bev,11.875610053790968,-3.6868022516933134,0.104553327152692,-2.4194596486876474,-2.1316312211757813,-0.5207617951458217,-0.282830559907113,1.3043557145089142,89.23608031512566,18.011839576577717,3.1129363586904883
rgb_1694889956,bev_1694889956,0.5216325380612257,0.3609582685094723,0.4152981551687916,0.8728218872013985,0.8429664286074947,0.7840552940008564,0.8810603536207002,0.5905502642000978,0.3746046787211051,0.8199497166364711,7.521607866608226
rgb_1720183931,bev_1720183931,18.67510532382577,-10.02145636764712,0.1764937084383798,-0.5665764138128289,6.144651595718351,-0.3869777441582727,0.9919617007765906,1.0686255936220854,64.42162288930552,24.9051549189645,3.952740832695887
rgb_1720177385,bev_1720177385,15.762867567797713,-5.984313926088721,0.2278642160850624,-1.1932700376821757,8.526873760100568,-0.3877767020004865,0.7986342514131555,1.0606896620899862,45.21111767928252,31.27765489255695,3.998503000342871
rgb_1694943807,bev_1694943807,0.4231846851281383,0.2318026546472876,0.4126303984573256,0.0361407007244352,0.2282344995355977,0.1193407943533362,0.1037853154811342,0.2118117350081118,0.4714739811231934,0.8056102514748531,3.499993819471846
rgb_1694898663,bev_1694898663,0.8624314941116688,0.5697172692561939,0.4664798524744152,0.394353902334365,0.7852593302144001,0.3465671524024405,0.1559917768936431,0.968617290904669,0.1163038104911869,0.2326531938002902,6.999935911953799
rgb_1694978214,bev_1694978214,0.423448832578353,0.0046219227800444,0.5369625954103155,0.4595122752012879,0.4314458611311091,0.8114780369963422,0.0409453689803324,0.3124361090459656,0.2767778825747991,0.3101510081266968,3.498796055975689
rgb_1720169660,bev_1720169660,16.204987800967032,-10.222809876998951,0.217350083098349,-1.2062039270676692,8.559813543685166,-0.3054318014159921,0.7640622006450177,1.015403948937666,45.36742208033192,31.35535200193,3.994993442239625
rgb_1720263342,bev_1720263342,15.352166524588952,-3.753559132337273,0.1211692875527054,-5.653385471677152,2.81368938439744,-0.7072694274580312,0.9485449358747348,1.041614472677779,-0.68605889748099,20.241062903726124,3.6962128571017927
rgb_1694832498,bev_1694832498,0.506225032564681,0.9805008731278276,0.3137280363044354,0.3698943425179971,0.5582000912320115,0.1916114468471939,0.5160892146252013,0.1598812203014027,0.2774250719725869,0.9528023123343412,2.931073888804357
rgb_1694944196,bev_1694944196,0.6112156916291204,0.5242260397050753,0.423619134990438,0.5470392682502144,0.6227608524973756,0.4814024891933935,0.271612330610108,0.7303092291094109,0.4461642137190338,0.3606340134115254,5.495433636681564
rgb_1720145704,bev_1720145704,10.641562435583468,-3.7872476138853663,0.1215522166963989,-5.653385471677152,2.806224557797295,-0.7072694274580312,0.9680344710039016,1.0465143028376207,-5.755461981174193,26.89666165069156,3.451103860010956
s2_rgb,s2_bev,20.0,-6.887396734480059,0.1695652173913043,5.545577155157112,10.0,-0.9796483361184604,0.8556339635491641,0.995935046977332,-75.75280382525987,9.020248914392193,3.986312837109391
rgb_1694943254,bev_1694943254,0.3598055633470867,0.5495345866372814,0.6780384760381717,0.2087464739763278,0.7243528622200123,0.7150286440054393,0.2857660206706457,0.0760627860795575,0.2492102332391051,0.4226176264930231,2.798406839250628
s2_rgb,s2_bev,8.41997730612583,-10.049683341046851,0.1709465849945203,7.716476422755193,8.129359568829713,0.7504477144007147,0.9718111458848336,1.2380656829514454,60.7627959012541,67.89769309025687,0.0
rgb_1694918092,bev_1694918092,0.077098922107882,0.750403917737902,0.5680447817740528,0.3597766686632238,0.7100725311989471,0.5616007858217134,0.0644611279386188,0.5407259330379167,0.1528994782988834,0.8741083020362183,2.8144641350913915
rgb_1694913100,bev_1694913100,0.1035922545987361,0.7393756412408099,0.275420709367597,0.9512343670443726,0.9229062093892656,0.3501113746945448,0.2914645569240701,0.1306028874887635,0.1169764387578006,0.2272709718358547,3.500075037318972
rgb_1720239768,bev_1720239768,-11.330615939975514,-0.4517766327920753,0.1278475035086217,1.4690050494639948,1.524305404077353,0.481748815678082,-0.5889287667257864,1.0161569116800588,87.60207876608584,43.67257892722832,3.7307544017838654
rgb_1694978270,bev_1694978270,0.9245748084845358,0.2505772562078928,0.6429037270504995,0.6751134595457642,0.4318929570808686,0.5970537054966313,0.1822178252037526,0.1005313131661916,0.8885249066728549,0.695851120264582,6.099902555792879
rgb_1694907033,bev_1694907033,0.1868453110604211,0.6281737764014008,0.8219417768054178,0.5855219595547503,0.78435900118327,0.4259564387788969,0.4315535376132584,0.2522851702553598,0.3749290503150282,0.5050546680838347,3.5000792832876537
rgb_1694899816,bev_1694899816,0.6894351377821518,0.4877821710823291,0.2348946275994829,0.0844093962280753,0.0936095842306551,0.4271262513538589,0.4017272387418024,0.9958838259495404,0.8507917102949317,0.7978906514380504,3.350632623064345
rgb_1694924827,bev_1694924827,0.1477747868191878,0.9687041428529812,0.7810122411608087,0.3649075102787986,0.3095056883005627,0.5008217095124625,0.4252647025175009,0.383646363575384,0.5904529093176939,0.9784882167742208,0.0
rgb_1720217059,bev_1720217059,-7.248677008666737,5.463980612818133,0.1537148105454845,-1.4911065625864932,-1.3439084309426337,0.4347927844178745,-0.3819712678686375,1.336572291809382,-25.16916597204323,54.29518276456376,2.548150120985668
rgb_1694978911,bev_1694978911,0.2247889021570241,0.1277581365977425,0.2737952516771135,0.6186766642907011,0.0948340798097093,0.9844336075737594,0.161527521963341,0.659522303834947,0.634648676282947,0.976482171467382,5.29315771666474
rgb_1720141754,bev_1720141754,-11.223957221597,-0.457152098184693,0.124698346662987,1.4724921916567195,3.154220744372793,0.4817587725412744,-0.460173770767382,1.0150744636657345,87.89077345005677,45.70668560328059,0.0
rgb_1720257944,bev_1720257944,10.559245757427522,-3.737722525189135,0.1210811265674365,-5.653385471677152,2.8202284131239868,-0.4916137921431274,0.9873938290437378,1.0412897236594951,-1.1628921395584229,18.962550672866666,0.0
rgb_1694837081,bev_1694837081,0.3461162522216529,0.7920518163357418,0.0781860651917698,0.1589036297242974,0.2201097665705912,0.5689317337025765,0.8290949831745784,0.9526354372262092,0.6505539402074784,0.3253681623839964,7.655788960749912
rgb_1694900913,bev_1694900913,0.0482341103073928,0.3642799061151779,0.4515429780373559,0.9353616463672492,0.327098785823085,0.1288398128232317,0.5999150848264586,0.1724827905588842,0.0576675046668598,0.927501634818418,3.500009924859854
rgb_1694842968,bev_1694842968,0.3300686283191094,0.951114779829806,0.372678561080162,0.3391289055722559,0.3740379062825627,0.4749183529710082,0.3879516862693193,0.5117319914579078,0.4563599016732069,0.3317365693599586,8.267776413998941
rgb_1720246856,bev_1720246856,-11.213425241193988,-1.175731741822016,0.1238012914251377,1.4692887616385626,3.15924190138766,0.4814799234042284,-0.4401263668660845,1.0150769995101374,87.89077345005677,43.78949897526905,0.0
rgb_1694945177,bev_1694945177,0.990366612633085,0.3011005705745722,0.9150422088795324,0.9907933591031204,0.0284042877287423,0.8157389892282672,0.1146712812321163,0.5877695802222215,0.6330852613428907,0.0704567382340984,3.457481081065553
s3_rgb,s3_bev,11.87561030803422,-3.763623017729525,0.1078591132798512,-1.5442913522484485,-4.808880564098994,-0.6656750482539461,-0.4143195444944145,1.3009776582984782,89.24621322940973,9.383677589112915,3.1168017177195084
s3_rgb,s3_bev,11.875611043671622,-3.983405340639564,0.1256887958774356,-2.353228645962578,-5.0304421860257005,-0.1437002864873414,-0.3018321551857059,1.330590417531377,85.1111743236547,20.778994992290865,3.3039735782123616
rgb_1720235680,bev_1720235680,-11.330585808503448,-0.4517766327920753,0.1235073920140641,1.4690111986291845,3.15871693075807,0.6257516109808996,-0.6947346427894366,1.0160248078432434,66.38175528216362,43.67257892722832,0.0
rgb_1720269016,bev_1720269016,11.479568813909648,-2.6661594877650714,0.1210163875503403,-5.653385471677152,2.808942568385337,-0.7072694274580312,0.9680344710039016,1.0416193053216356,-0.3778381806470747,18.53349020117681,0.0
rgb_1720251781,bev_1720251781,-11.331175495668468,-5.758382456817781,0.1596176792253844,1.4724921916567195,3.15871693075807,0.4844739155615094,-0.5213050774454094,1.0160248078432434,87.89077345005677,43.67257892722832,3.556594524624521
rgb_1694841267,bev_1694841267,0.3338597852761941,0.2392285794349908,0.0401140084932467,0.3038029024279738,0.4339061930583275,0.5123876991424197,0.6122205309558832,0.3820084806202753,0.9474489301583704,0.6239902654323756,7.370107836615161
rgb_1694981370,bev_1694981370,0.5457551039204587,0.338567051421926,0.5857238574008352,0.6590771568698054,0.3024329086500998,0.6579952016552633,0.4983773023255736,0.2839850886733871,0.5799041895766659,0.1011407572481194,7.510942765014558
rgb_1694979124,bev_1694979124,0.8155682450166878,0.7690982967139632,0.2098026776300767,0.3373554256748223,0.0017392412306911,0.7266795566080252,0.1047155416348974,0.4199197467358484,0.8764180782604007,0.5357844825390556,6.0989574749873645
rgb_1694915378,bev_1694915378,0.300869671714766,0.2236042112926088,0.8288809804250629,0.8855833840883222,0.8589908341686338,0.5463956516511947,0.0621980652251834,0.8675975408564328,0.5992179351559758,0.8042111775643418,3.506572688793575
rgb_1720181972,bev_1720181972,19.0416548847822,-7.2633387614212594,0.1533477639552684,-0.5666638343582733,6.472771966809887,-0.1396729186788549,0.9984346474673564,1.1362090088238952,64.44194918291154,24.326811465192343,4.001698148220635
rgb_1720214441,bev_1720214441,-7.247779766122029,5.3772569021832375,0.1594719556325411,-1.5969684581067476,-1.5114396353048072,0.4347088574735764,-0.2108396672666603,1.344012852247455,-24.79417999303644,54.27517188265969,3.3077775926793844
rgb_1694919342,bev_1694919342,0.1783121059622734,0.3909029053858607,0.9864549752393474,0.5767147010040614,0.7635075913103339,0.0619699488919077,0.2355407368339797,0.592181611790639,0.8365903041974055,0.5032564920808421,4.734988151463315
rgb_1720168079,bev_1720168079,16.10934743649578,-9.943083637264788,0.1856174515183044,-1.064914637918415,6.980652140790337,-0.1472939621376146,0.9958730333743986,1.0596051510136262,45.94875685252384,24.819232624844343,4.000525840526274
rgb_1694836434,bev_1694836434,0.6325494981969708,0.2849821481244449,0.8904799402536587,0.4225542579348439,0.3304880925853098,0.9443321843059884,0.4966758813741713,0.3878586175590576,0.563732173300566,0.2953318042242385,3.4294765623493166
rgb_1694950194,bev_1694950194,0.6166623959251895,0.5848204908473201,0.3880825223937997,0.3380154324552825,0.872894030733045,0.8173563369577157,0.0447422791010221,0.1210033306239816,0.3833314444665451,0.514647239593582,3.808284364324457
rgb_1720252143,bev_1720252143,-9.355270294457398,-0.757238453545849,0.1220244838263265,-0.133433036176072,2.6556942439032056,0.4813580649746303,-0.3556311681348804,1.019364551017783,87.89077345005677,46.43166719662396,0.0
rgb_1694982258,bev_1694982258,0.0644423908409211,0.4499797814945815,0.4567527449575129,0.2341807979047776,0.1278583960174978,0.7244793403558456,0.7400366805087485,0.554740755173717,0.3894809387231039,0.9238823293836084,3.486274767081341
rgb_1694838291,bev_1694838291,0.1826939126424812,0.6095689019565708,0.4614662653361588,0.0592754022384811,0.735768911462316,0.2005299589712108,0.737394507114762,0.0979692458526321,0.0682091053889292,0.1586260539668074,7.680731241089671
rgb_1720129931,bev_1720129931,-11.331175495668468,-0.3209255016362817,0.1596176792253844,1.4724921916567195,4.089576702317771,0.4862004820235754,-0.6235682611708961,1.0160248078432434,87.89077345005677,45.81035182744976,0.0
rgb_1694903814,bev_1694903814,0.8903894419874695,0.4683951100672924,0.5508226432547352,0.8185832381625464,0.7314496925793244,0.7782413782428502,0.4828592361372661,0.4414132519896989,0.8934585686605672,0.9397603053185902,6.999957825708753
rgb_1694834554,bev_1694834554,0.2776285021902911,0.1312849235134527,0.6365574805193321,0.8579965662592873,0.3431809622598288,0.1167845357439318,0.7096064781058232,0.286258179523119,0.5275587669959942,0.5162614308642194,3.5000840657696624
s2_rgb,s2_bev,16.187829079381537,-10.617092780248123,0.1734251557587068,7.71544708536218,7.4398731839402545,0.6363046041605425,0.9728383551937498,1.2674615693145503,60.92305446427886,72.45820747080118,0.0
rgb_1720267942,bev_1720267942,16.06496937665205,-1.3541637442758194,0.1215520228934662,-5.653385471677152,2.8064778968274435,-0.7072694274580312,0.9680344710039016,1.0416149296730677,-0.3519803269857533,19.859801608823044,0.0
rgb_1720128925,bev_1720128925,-11.213425241193988,-0.4517766327920753,0.1238012914251377,2.590514173066863,3.332468355263252,0.4814799234042284,-0.2281394079501389,1.0150769995101374,87.89077345005677,43.75437700508703,2.764383584211145
rgb_1720165586,bev_1720165586,10.554944662570623,-3.7263777078199496,0.1210811354208839,-5.653385471677152,2.8086319443921486,-0.492450331722876,0.9680551897516504,1.0206240501357284,-1.1628921395584229,23.538232905238303,1.340162469696304
s1_rgb,s1_bev,-3.6606355787802016,14.722955145118732,0.0358108742204363,1.3756104726391776,-7.0007761133599935,-0.3820649454882749,-1.0,1.1895903016485234,14.857725000223368,84.91408184997937,0.0
rgb_1720123855,bev_1720123855,-16.388135681328823,-1.2549635535758554,0.1630154143910701,1.6731653250064031,3.15871693075807,0.5143647501317774,-0.5896807659688591,1.0095864034134794,87.89077345005677,43.67257892722832,3.84733944493878
rgb_1720246095,bev_1720246095,-15.291940537423343,-0.5595844629414444,0.1216173587589263,1.4724461640770985,3.154220744372793,0.4817587725412744,-0.6260523388797081,1.016058186743564,89.01849837148092,45.87158654234379,0.0
rgb_1694916915,bev_1694916915,0.8121146198987039,0.1087657885158359,0.3038054216241745,0.2396833197783456,0.8179165168128277,0.6675768793690339,0.4824397709811742,0.7609625459763961,0.3409884004590815,0.1498323640164418,7.346737567954148
rgb_1694841935,bev_1694841935,0.8514904060411526,0.3063874578510337,0.4659193498986391,0.7743253952177741,0.662296610781687,0.0224785184984337,0.7998879573063749,0.8182753665167115,0.7893644837404871,0.7754368017490437,7.351808640225914
rgb_1720145560,bev_1720145560,8.201514113411854,-3.753559132337273,0.1137815898492992,-5.653385471677152,2.806224557797295,-0.7324290508843446,0.9680344710039016,1.0332283211648312,0.4360681716306658,28.6643789151927,3.552691623401422
rgb_1720185527,bev_1720185527,18.70427768417561,-7.391225922960757,0.1531857275508427,-0.676448385816597,6.472771966809887,-0.4465285367255255,0.9988843952338196,1.1525075989367204,64.61178384472049,24.326811465192343,4.000256973518995
rgb_1694957302,bev_1694957302,0.6242488619259177,0.4049086433252968,0.1228656480289311,0.9737041285952586,0.8782044287913477,0.2994871472295728,0.5116744669473151,0.7825288938827186,0.2537794801020965,0.8202710216917274,3.5000119778388
s1_rgb,s1_bev,-0.4473262133735574,12.49475749552802,0.2848071615236116,6.248780043031843,-0.7848930668313779,0.6490095348492575,0.2495522524063336,1.0393938687447215,29.55294394648916,25.62658971433532,0.0
rgb_1720247936,bev_1720247936,-11.331175495668468,-1.2549635535758554,0.1596176792253844,1.4724921916567195,3.15871693075807,0.5143647501317774,-0.5896807659688591,1.008499742613944,87.89077345005677,43.67257892722832,0.0
rgb_1720138494,bev_1720138494,-10.658879417520648,-1.7649729987320306,0.1237194039216081,1.1663576968754814,1.064209215629749,0.4814799234042284,-0.4514564592153041,0.9559737690551576,87.89056520962632,40.34873615804471,3.3915332966246035
rgb_1720152834,bev_1720152834,15.361044431135396,4.549654327856459,0.1216109314044879,-5.653385471677152,2.806926493285236,-0.7072694274580312,0.9680344710039016,1.0416144056016556,-0.3519803269857533,19.859311262094494,0.0
rgb_1694890866,bev_1694890866,0.6271601986762858,0.5005685760703351,0.8570808291682629,0.2251834526437588,0.7182487492078425,0.6680560859590384,0.6554419394677723,0.9108951035988072,0.3906182087734567,0.1335392781027597,7.916301562491019
rgb_1720246175,bev_1720246175,-11.864620966606685,-0.7708802057780844,0.1291513739183558,1.479333738145165,3.3270342492838534,0.4814799234042284,-0.3556311681348804,1.0150769995101374,87.89077345005677,46.56808350254997,0.0
rgb_1720245014,bev_1720245014,-11.422898158230042,-1.2549635535758554,0.1596176792253844,2.8805020339849907,3.1579229342844872,0.5065946880768433,-0.5896807659688591,1.0150680796001446,87.89077345005677,43.67257892722832,0.0
rgb_1694921327,bev_1694921327,0.8431607206562949,0.8390163426685382,0.6259171483656211,0.8343484787115167,0.3209639222702639,0.3355784520170425,0.441883484150829,0.7725396911759936,0.7583902261442274,0.5385365179834337,6.1143872477045305
rgb_1720251100,bev_1720251100,-11.130915920702687,-0.4517766327920753,0.1238012914251377,1.4724921916567195,3.1615226384893784,0.4814799234042284,-0.4044639928271146,1.0150769995101374,87.89077345005677,43.75437700508703,0.0
rgb_1720223905,bev_1720223905,-7.281921319203635,5.753018543371734,0.1591959661837372,-1.6542233457803004,-3.526333392652667,0.4895515955419545,-0.1743868040261856,1.3452865371179337,-24.76596521551972,52.7533549593482,3.640016444505963
rgb_1720172155,bev_1720172155,15.694601750926374,-6.479090476586343,0.185814847257915,-0.5869213521865895,6.980652140790337,-0.2797086991546921,0.8473477608572704,1.0602202055930494,58.10414617265482,24.05745805695992,3.4639275746372387
s2_rgb,s2_bev,18.92656233748623,-6.887396734480059,0.3,6.686153146032503,7.319034852546919,-0.9796483361184604,0.5189336268488274,0.995935046977332,90.0,3.2565601535852746,3.809187932347651
rgb_1694982293,bev_1694982293,0.1138765504307808,0.6534922327258131,0.2759760344824548,0.99127471581788,0.1343877288246286,0.2218108098574436,0.7111126906821857,0.5936878569910918,0.500030184670123,0.2436940446176291,5.357317495515692
rgb_1694922121,bev_1694922121,0.6460673067706271,0.3378801144098294,0.5909155629046609,0.3442407029009822,0.4606227730646038,0.7561333325159534,0.8031066512847397,0.6581543688808164,0.4805962114276515,0.0643858879607401,7.644933390259458
rgb_1694943215,bev_1694943215,0.3199782993773185,0.517474648225944,0.9646596994781038,0.4569133304824611,0.2287980610115207,0.4232451427289025,0.7996205466189328,0.7063935523242398,0.9775728827136908,0.4564179565819835,2.7150562574830137
rgb_1720158026,bev_1720158026,11.339843113281866,-3.753559132337273,0.1372193208253322,-5.696448171968046,2.805743840649926,-0.7072694274580312,0.951575111159522,1.041614472677779,-0.8758334200807667,26.755411501608823,0.0
rgb_1694951905,bev_1694951905,0.1884846236128419,0.7859786426405502,0.2572462016457983,0.6970656110389225,0.8025856547694485,0.0788000863932371,0.2962747582588197,0.8282496197711847,0.5446212054378143,0.6355384799330785,4.680730361297819
rgb_1720176547,bev_1720176547,17.458903617574833,-6.479090476586343,0.185814847257915,-0.573313317255959,6.846241504202297,-0.2309662198122987,0.995777081721256,1.0792991475187257,67.41093785684359,24.821742934991363,4.0004085573480666
rgb_1720234679,bev_1720234679,-11.330615939975514,-0.4517766327920753,0.1314851685634134,1.4692902423847407,3.166577993940677,0.4464557261382489,-0.5896807659688591,1.0148785429144207,63.05133444110143,43.81491850059575,0.0
s2_rgb,s2_bev,7.800250051482448,-10.441553815886472,0.1733990035807045,7.640639168283322,7.664382264223968,0.7649717289712751,0.8512422524412729,1.2186329691900193,65.79106370139328,71.57961740658875,1.794472282943016
rgb_1720139621,bev_1720139621,-15.291940537423343,-0.5595844629414444,0.1216173587589263,1.4724461640770985,3.154220744372793,0.4817587725412744,-0.6260523388797081,1.016058186743564,89.01849837148092,45.87158654234379,0.0
rgb_1694892210,bev_1694892210,0.1835353028733257,0.3161492787387494,0.2703313524078672,0.0658379063659729,0.7009949848807234,0.8631667690529455,0.915349298010566,0.189117550616942,0.5963879205622566,0.1046140906451409,7.000653387968868
rgb_1720259741,bev_1720259741,8.315661869474845,-4.058173198558405,0.1225997522568241,-5.653385471677152,2.8139200394484742,-0.7072694274580312,0.95259881287326,1.0113515361941396,-0.6590171353126095,9.685095752901384,3.319972624727072
rgb_1694900700,bev_1694900700,0.6925623296234802,0.6432860021797886,0.1235263671839023,0.4039169548935993,0.7744749756992413,0.146899618394565,0.1828305395230455,0.6838753196370468,0.1418424540251432,0.7731492841037636,3.5001737207122803
rgb_1720147853,bev_1720147853,10.641562435583468,-6.288072217181615,0.1357798123113799,-5.653385471677152,2.808296953399198,-0.7112501127854604,0.9680564676163066,1.041614472677779,6.525649864277256,23.36329839129398,4.836450663716723
rgb_1720240289,bev_1720240289,-11.213425241193988,-0.4517766327920753,0.117840888901753,2.577776893405064,3.1579724671725646,0.4814799234042284,-0.4401263668660845,1.0150769995101374,87.89077345005677,43.75437700508703,0.0
rgb_1720183893,bev_1720183893,16.51895062267721,-10.753254092254103,0.1810874401330088,-1.238816307104532,7.563148442149458,-0.3752248672483729,0.7966834995953729,1.064815997785466,45.69679307539073,30.40987919707835,0.0
rgb_1694824173,bev_1694824173,0.0923651377420491,0.6192133792907258,0.4589563296858673,0.8946526318353336,0.338812496494133,0.0559222643765755,0.1696162876391473,0.24915370065688,0.1483647831434131,0.9444727391853271,7.592392574981679
rgb_1694867365,bev_1694867365,0.2370043027403483,0.0310151644980156,0.2606791605970083,0.9622544772236402,0.0688862314569601,0.8301434826530367,0.4620958277803206,0.6849837267038721,0.7283801233468061,0.9478603265097574,7.055846706819733
rgb_1694948912,bev_1694948912,0.9509605388564708,0.6401388067830444,0.4406991869021253,0.8033804505011282,0.5448945328434873,0.0373908937050235,0.9598536832268396,0.2742023052963275,0.8527810870213729,0.7689166440681298,5.657550754465827
rgb_1720138535,bev_1720138535,-11.213425241193988,-0.4517766327920753,0.1230646718932876,1.4692887616385626,3.1699498795432284,0.495542413919118,-0.4401263668660845,1.016081800565818,87.89077345005677,44.58749759798961,0.0
rgb_1720159863,bev_1720159863,8.284792737128694,-4.162467830117496,0.1137815898492992,-5.653385471677152,2.806224557797295,-0.7072694274580312,0.9680344710039016,1.0283642446563213,-0.70367522687296,26.89666165069156,0.0
rgb_1720221131,bev_1720221131,-6.995095460999943,6.374794442355409,0.1542398983657,-1.3793874617096638,-1.521000435892356,0.4347743336207439,-0.4230180822347407,1.3085475193753746,-25.099157685916808,43.073478104365925,2.441925132924328
rgb_1694980572,bev_1694980572,0.9315633553993118,0.3359897646843445,0.4708049945140083,0.556878258220578,0.0846800451635956,0.771682474182435,0.6052343411049728,0.2254482576647648,0.4214458140728242,0.5541488239862384,4.488430392998014
s2_rgb,s2_bev,20.0,-6.887396734480059,0.0886436222692316,5.545577155157112,6.429978363980233,-1.0,0.5189336268488274,1.43,-65.48761990738134,0.0,3.9490741861043617
s2_rgb,s2_bev,20.0,-6.887396734480059,0.2863325740318906,6.686153146032503,7.229179163181032,-1.0,0.8556339635491641,1.3488415532298506,-24.578528998290444,15.511462114369593,3.958761843471793
rgb_1720134353,bev_1720134353,-9.475456050391424,-0.5106588025673631,0.1307155127360944,1.4724343183566813,3.3745443825432897,0.4830586788648741,-0.4044639928271146,1.0150769995101374,87.89077345005677,43.75437700508703,0.0
rgb_1694976554,bev_1694976554,0.2060010053196364,0.224746634448033,0.125572463439836,0.980692675469143,0.7077798287020197,0.6084363498078594,0.3741962258230856,0.6702752448807743,0.2689041866388456,0.5427659859359423,3.2632902415088614
rgb_1694903106,bev_1694903106,0.8495696194754222,0.9601798807452064,0.2719861227770846,0.7281658129133854,0.5821238084683832,0.286295460205958,0.9157143421602814,0.1942241423076451,0.5196979190260999,0.5376909338018742,7.350102233369203
rgb_1720138695,bev_1720138695,-11.331175495668468,2.002306152757196,0.1596176792253844,1.4724921916567195,3.122721532536495,0.4814799234042284,-0.5454620192414873,1.0157676721816284,88.33228213358382,36.39776213982099,3.64836622827248
s1_rgb,s1_bev,-0.0417711542089982,18.54793210881148,0.2780598826716144,6.4905074783261325,-3.1012884896441366,0.6713501215292137,0.2825275448773867,1.0406106434136095,33.869773474236354,18.793930565434,0.0
s1_rgb,s1_bev,-3.6606355787802016,12.167840801380963,0.0434782608695652,1.3756104726391776,-7.0007761133599935,-0.6960055529165379,-1.0,1.118140875512541,90.0,47.93553445380547,0.0
rgb_1694948225,bev_1694948225,0.5709833478344073,0.2323522279328964,0.3233911940320079,0.4016492028566679,0.5167376998113307,0.9119366262145944,0.2675356542869733,0.1902218623377258,0.3060125496454084,0.1273124840991294,4.157059116701167
rgb_1694924087,bev_1694924087,0.470762636686032,0.9863803566589878,0.5862378615376224,0.1501243152556591,0.2067942679240134,0.0222221700131267,0.157446276139291,0.3662093185001311,0.2368667170179507,0.7142882298311557,0.0
rgb_1694925233,bev_1694925233,0.0491084785041161,0.0358548266634657,0.9368103632281354,0.0133992933633479,0.7157828634008407,0.429953384364628,0.1630027650000173,0.4425644908368642,0.0560274094169546,0.2509114198812242,0.0
s2_rgb,s2_bev,20.0,-14.160124007207331,0.3,9.46393092381028,6.429978363980233,-0.9796483361184604,0.5189336268488274,1.4198560459834737,-65.48761990738134,0.0,3.942965263129397
s2_rgb,s2_bev,20.0,-6.887396734480059,0.2863325740318906,6.686153146032503,9.549756192518686,-0.9796483361184604,0.5189336268488274,1.3488415532298506,-24.578528998290444,3.2565601535852746,3.1768316614208865
rgb_1720267676,bev_1720267676,10.567107447940703,-4.224616819109322,0.1214853680670798,-5.653385471677152,2.7362347585464946,-0.7030073198020296,0.9680344710039016,1.0514772804596026,-0.6580865602147554,19.78704846429528,0.0
rgb_1720152989,bev_1720152989,8.201514113411854,-4.162467830117496,0.0797236551065683,-5.653385471677152,2.806224557797295,-0.7072694274580312,0.9680344710039016,1.0332283211648312,-0.98795233463062,26.89666165069156,2.880435160035854
rgb_1720159758,bev_1720159758,16.189610963444437,-2.7137322114777724,0.1215520228934662,-5.653385471677152,2.8064778968274435,-0.7072694274580312,0.9680344710039016,1.0416149296730677,-20.81591426643629,19.859801608823044,2.5391305923890024
rgb_1694915793,bev_1694915793,0.9673015308511717,0.4896316419210249,0.7309948290123911,0.1646927886397882,0.5739372052689674,0.3025336921459397,0.5320394509542571,0.1367287812581138,0.2928544682527674,0.6267518737815188,3.280457834466417
rgb_1720139500,bev_1720139500,-11.221808171498347,-0.4517766327920753,0.1096541040406588,2.4289307773548447,3.112603482295439,0.4861418893098526,-0.4637248285107632,0.9998280563010408,88.09448109425819,43.75437700508703,0.0
s3_rgb,s3_bev,13.478175058167698,-3.089319718988313,0.0867233554636982,-1.77820265929663,-4.808880564098994,-0.6656750482539461,-0.2786885703217121,1.3009524114271946,89.24621322940973,9.383677589112915,3.7061296548077953
rgb_1720167283,bev_1720167283,15.16166381688037,-3.753559132337273,0.120341993120906,-5.653385471677152,2.81368938439744,-0.7064214514707627,0.9534943236381594,1.041614472677779,-0.4926004554395007,19.87011745693633,0.0
rgb_1694868718,bev_1694868718,0.9110804162526712,0.0578692283790914,0.9464801282309968,0.5128453527321154,0.8498252672914176,0.0241398994635949,0.1962164175659928,0.9530286628732908,0.4643730904185597,0.9648912660563496,7.175187619082002
rgb_1694835593,bev_1694835593,0.8561392526749287,0.0504773403057776,0.4119765862642753,0.8503663982276588,0.3109382613537882,0.0112746182101498,0.4579095771427021,0.4544528668886933,0.3914345608825718,0.950280465972392,3.49918254653548
rgb_1720169168,bev_1720169168,19.04724453926454,-7.25845846484717,0.1533477639552684,-3.0944734375757346,8.521243383497577,-0.3866839179343616,0.984289385530398,1.141323100874461,64.43943081071856,24.326811465192343,4.001164736106979
rgb_1694982643,bev_1694982643,0.5474619388371548,0.1641176662118301,0.2017667202567636,0.7115612115429066,0.3523996116789363,0.5630529230357947,0.5920458374632626,0.6320461937247336,0.4994937078997722,0.0622314827148663,3.7896702593326688
rgb_1694949288,bev_1694949288,0.8183076991747774,0.6805753046680482,0.1927136560124657,0.7698242274705137,0.2708100477955245,0.855179614495339,0.5500754036300121,0.4406033135083514,0.877477421419452,0.0826390846839246,2.8303942979807264
rgb_1694985564,bev_1694985564,0.0541750454935185,0.0966787355577605,0.1767439913348722,0.1651330969083793,0.6717301563231892,0.6473164187690721,0.2285994835748981,0.7004619564774319,0.5228951008029904,0.4565276135875291,3.500194455666933
rgb_1720156583,bev_1720156583,15.352166524588952,-3.753559132337273,0.1211692875527054,-5.653385471677152,2.81368938439744,-0.7072694274580312,0.9485449358747348,1.041614472677779,-0.68605889748099,20.241062903726124,3.6928920690086326
rgb_1694869061,bev_1694869061,0.4424150602986422,0.8218092965163806,0.3868537431357068,0.0550160837616975,0.8047718825994891,0.4772855696416339,0.029190975914383,0.1732120351731003,0.7301643541195494,0.1260919620777749,7.986804749368423
rgb_1694841073,bev_1694841073,0.3089342848114516,0.4846305451850657,0.077597301488154,0.6364349774568165,0.4560031274483134,0.370653711055757,0.2831140195814752,0.8967017673312598,0.779220165114868,0.6447316015147728,7.338541647899316
s3_rgb,s3_bev,12.069440232851882,6.563135032400439,0.1911089112705517,-3.2549449737132763,1.9074307955993104,0.201167830482872,0.8278381464289895,1.1714117812659632,-62.02497740182166,44.482304685410455,2.612793598881803
rgb_1720263041,bev_1720263041,10.465734040527511,-4.206860898760663,0.1210818256128741,-5.653385471677152,2.729927754952877,-0.7072694274580312,0.9680344710039016,1.0416193053216356,-0.3778381806470747,18.49954195682225,0.0
rgb_1720250620,bev_1720250620,-9.72871699311136,-0.4618514092647956,0.1596176792253844,1.4724921916567195,3.157366487962588,0.5059266944477625,-0.5896807659688591,1.0147896970283714,87.89077345005677,43.77874064088756,3.2516503453083643
rgb_1694866614,bev_1694866614,0.3839235774460801,0.9433322037972433,0.5985145294981619,0.7623022988522625,0.5430522874599055,0.5422795014955393,0.2105913151656556,0.8736262995869557,0.1646678944428066,0.9070795320955752,7.782679210284856
rgb_1694986251,bev_1694986251,0.9064380290227972,0.7201831895059413,0.934034799993091,0.2311620851301938,0.1959530365946113,0.1194380949535406,0.2768465373739439,0.8282475670489112,0.5861445775238143,0.1414136365429721,0.0
s2_rgb,s2_bev,8.782151998257536,-9.21180224182722,0.1734233910740375,7.705693677428722,7.4392754762730435,0.6317236444244725,0.9734244183734077,1.2388686184199749,63.70300053723605,71.57891274338589,0.0
rgb_1720153042,bev_1720153042,10.566717485142563,-3.6473816134250256,0.1210811265674365,-6.599752967320097,2.7359767985543257,-0.7066299419598812,0.988187253228714,1.0413252706721718,-1.1628921395584229,18.124249999189693,3.5648675057094685
rgb_1694944928,bev_1694944928,0.1901412775873132,0.1942723770164387,0.7842625615203689,0.3952382907547327,0.5788449913627659,0.7134904816725858,0.3940612456711457,0.7260527510146529,0.9372761712963268,0.7344506279043591,4.511846659851693
rgb_1720181934,bev_1720181934,16.10981565955128,-9.99979555153596,0.1438410880758688,-0.5657295285315449,6.144651595718351,-0.3870717953602743,0.9919421961555864,1.0594613973180895,59.57068233422558,24.83700075337113,3.9991688646069536
rgb_1694895017,bev_1694895017,0.4707640999800344,0.1016974058530717,0.5697534099109705,0.6425099952232819,0.7915288108883837,0.261447340475934,0.4231730488453519,0.6785689050560326,0.9852972808940506,0.9446878195403132,0.0
rgb_1720128805,bev_1720128805,-11.36312375645511,-0.4517766327920753,0.126302657437213,1.4692887616385626,3.1699498795432284,0.4755253239269454,-0.5535986184408004,1.0160155221340073,87.92543932334397,43.66943204409229,3.031321552094195
rgb_1720225402,bev_1720225402,-7.256534081808786,5.763695747519261,0.1594719613629593,-1.623729996194779,-1.0516706386731052,0.4413355144341775,-0.1950673433346925,1.3932886377117577,-21.05641201826617,54.49923375534752,2.9131924579950086
rgb_1720186628,bev_1720186628,14.655874551987267,-10.955136508642465,0.1878211793199816,-1.196001608015493,6.983018480441757,-0.2806220604199413,0.8176210193090683,1.060088179530814,46.30368263795526,32.60663122210307,0.0
rgb_1720259221,bev_1720259221,10.567107447940703,-4.224616819109322,0.1215686317503466,-5.653385471677152,2.7362005501337965,-0.7029953125450842,0.9680344710039016,1.0317951004291055,-1.1628921395584229,23.70322769892124,0.0
s1_rgb,s1_bev,-0.4473262133735574,17.463218031426994,0.2778143449459981,6.483378208667986,-3.344263487998047,0.6715287476852849,0.215202526268261,1.0393938687447215,29.55294394648916,35.02214000734805,0.0
rgb_1694958441,bev_1694958441,0.5583397847157064,0.9526918770752671,0.1098209146386131,0.0138795308653757,0.693402117817011,0.4022870342301039,0.2404228753286108,0.4537703516257285,0.5270631899003444,0.3308504110294623,6.9999663393263685
rgb_1694910751,bev_1694910751,0.9377771860417196,0.0344836976909396,0.2688303653688429,0.6841971863850592,0.4339991909180093,0.2822397870192591,0.8286150439968727,0.3598527027126373,0.555471363843984,0.6596510564672324,7.36395099432981
rgb_1694917748,bev_1694917748,0.6090648125336906,0.8988041961677256,0.3649028941300027,0.5114661634712118,0.1995664769690663,0.600924435151686,0.8966734920045402,0.23855044270114,0.4957678838914479,0.3485691295906519,3.4912813163546
rgb_1720177007,bev_1720177007,-3.5546606851868106,16.8974337302135,0.0071949653085685,2.075437292063441,-3.706443063837752,0.2298303571067277,0.6471443574574545,1.4163448482600165,57.4028081027767,58.39434661101278,3.975543652538073
rgb_1720146215,bev_1720146215,16.189610963444437,-2.7498592051698907,0.1224037943281424,-5.653385471677152,2.802533363065658,-0.7072694274580312,0.9533920995112952,1.0416149113415418,-0.3519803269857533,19.85866355381149,0.0
rgb_1720231658,bev_1720231658,-13.372523144994052,5.753018543371734,0.1499379759955797,-1.6469496827646957,-0.9201814380676012,0.4895515955419545,-0.0960695754825158,1.3427309838808394,-24.76596521551972,53.14646599598788,3.227225503617529
rgb_1694942671,bev_1694942671,0.2277188925338326,0.051331790539306,0.7194492156559865,0.4293711556904033,0.9333667422153528,0.5239592192836939,0.4670230097090859,0.7889242002330312,0.6928143180741972,0.1773877602819196,3.5012370050680546
rgb_1720236441,bev_1720236441,-11.130915920702687,-0.4517766327920753,0.1238012914251377,1.4724921916567195,3.1699498795432284,0.4814799234042284,-0.4044639928271146,1.0396696128397411,87.89077345005677,45.78791914021533,0.0
s2_rgb,s2_bev,20.0,-6.887396734480059,0.3,-2.8832248443981188,7.319034852546919,-0.9796483361184604,0.5189336268488274,1.3722050461141122,90.0,7.812368809621723,0.0
s2_rgb,s2_bev,8.49603210854628,-10.441553815886472,0.1739454188030362,7.640639168283322,8.129603563557936,0.7649717289712751,0.8512422524412729,1.2186329691900193,65.79106370139328,68.16109623074996,1.7937191183892331
rgb_1720260958,bev_1720260958,10.559245757427522,-3.737722525189135,0.1210811265674365,-5.653385471677152,2.8133167936231995,-0.7067462280240802,0.9386863959446344,1.0413252706721718,-0.6987698967333955,19.93849495090236,3.611099031242755
rgb_1694841463,bev_1694841463,0.472883240800207,0.8631378468035754,0.3536320463924812,0.0559086228386186,0.0266191718226911,0.2775978837159095,0.0357906092389864,0.147848284765762,0.3242672336226381,0.4829960714205702,7.385809298001858
rgb_1720231702,bev_1720231702,-7.248677008666737,5.3772569021832375,0.1502944249157663,-1.4911065625864932,-1.3439084309426337,0.4347927844178745,-0.3819712678686375,1.336572291809382,-24.79417999303644,54.29518276456376,2.5438699977274406
s3_rgb,s3_bev,3.2035827392130543,6.563135032400439,0.1911089112705517,-3.2549449737132763,1.9074307955993104,0.1775107633552337,-0.7262624258328381,1.4275694160548416,74.227126689589,35.61154547433586,3.361406490476312
s3_rgb,s3_bev,11.875610308081036,-1.6169243380720886,0.1078591132798512,-1.7931522591211504,-6.914321457993653,-0.666590433076504,-0.2678650326466284,1.3008601019523096,89.30423464554407,9.383677589112915,3.1142341776921327
rgb_1720155554,bev_1720155554,10.567107447940703,-4.224616819109322,0.1215921394468066,-5.653385471677152,2.740067641738636,-0.7030073198020296,0.9706210898386284,1.048703062269442,-1.1628921395584229,23.427379357369528,0.0
rgb_1694898515,bev_1694898515,0.8936719123846468,0.3867714782272107,0.0444912105848313,0.4980396318350153,0.4080239677772279,0.5105347924050949,0.4868982935851725,0.1124867315159365,0.7924399745435545,0.9672576391032592,6.105171385887292
rgb_1694922322,bev_1694922322,0.4718889649209458,0.2035875108048718,0.5247199556373463,0.5067087593300794,0.0408099898573528,0.9675710432653044,0.3035195711710002,0.4589724028650186,0.7248750225854649,0.0715045014736148,7.471254256635493
rgb_1720140867,bev_1720140867,-11.331175495668468,-0.5664565032176334,0.1596176792253844,1.4724921916567195,3.15871693075807,0.4852821641839455,-0.6260523388797081,1.007712615287386,87.89077345005677,49.60857820819525,0.0
rgb_1720217236,bev_1720217236,-7.3823600972004755,5.3772569021832375,0.1555828414347174,-1.4911065625864932,-1.3439084309426337,0.4347927844178745,-0.3819712678686375,1.336572291809382,-25.20581829065192,54.29518276456376,2.543140678095585
rgb_1694923553,bev_1694923553,0.1133406204084167,0.4161684662893985,0.7353427847444937,0.3776955688762342,0.2362445293666095,0.4561951869907172,0.2494375308184503,0.0233688263922353,0.8660495490956861,0.3672216094609926,7.54326960785734
rgb_1720183291,bev_1720183291,19.862255035950405,-16.42198087201655,0.1920619179837575,-0.1203475744191671,9.9542407849764,-0.447058622249873,0.4866865686922932,0.9406563490781163,63.357723996035645,48.56606303026193,2.9879718750195687
rgb_1694981417,bev_1694981417,0.8742427169447884,0.0235144016772491,0.6396041151331777,0.7769002624500807,0.6078218492890769,0.6969757947042832,0.4642035755208734,0.0723999850006225,0.7369581101271223,0.6028087308144093,3.501755749576952
s1_rgb,s1_bev,-3.6606355787802016,14.722955145118732,0.0358108742204363,1.3756104726391776,-7.0007761133599935,-0.3003170773084845,-1.0,1.1895903016485234,14.857725000223368,84.91408184997937,0.0
rgb_1694981638,bev_1694981638,0.2410715744923425,0.3956902522301591,0.6101293460997037,0.5386576563165287,0.7210007272033183,0.8140169937894938,0.0510952020185834,0.633243751283272,0.8260401798194192,0.6950206289039805,3.5014227932559563
rgb_1694956126,bev_1694956126,0.0365203393982674,0.869097926577332,0.569486412814055,0.3348386407522206,0.4467300136402871,0.235391307344747,0.5739735509348962,0.7984749603505455,0.8612927776706554,0.6773447332891387,3.9121774166663448
rgb_1694942733,bev_1694942733,0.1034352543813741,0.957130719370057,0.4929292703272327,0.2492585516586415,0.9768400011552326,0.7207588631082515,0.1298054245271489,0.7765337805273816,0.2046120100369119,0.1615600998663221,7.541873890839845
rgb_1720170076,bev_1720170076,19.33439336383818,-10.022209874124064,0.1533477639552684,-0.676448385816597,6.472771966809887,-0.4465285367255255,0.996936801975676,1.1530240162320142,64.43943081071856,24.32208341902942,4.000821507148452
rgb_1694953697,bev_1694953697,0.992345550941822,0.5116152423122788,0.8265767523337203,0.7805218332022018,0.1130822387593561,0.0997567666429987,0.7116860575739888,0.0881304311580206,0.0667892130368136,0.125685630938908,4.839459216188655
s3_rgb,s3_bev,11.497089624829892,-3.983405340639564,0.1033915361218811,-6.069791269410713,-5.002462151848611,-0.2615807762955504,0.1954356561410768,1.330749209996804,89.24621322940973,18.88531315534958,3.2137480684969035
rgb_1694824821,bev_1694824821,0.2417484111944833,0.2277368087946951,0.8063429096976593,0.4517705390866752,0.2412317464696199,0.0557131304758194,0.8225450778542961,0.259836690528236,0.5356539074931738,0.4961507920113205,7.3411850143621935
rgb_1720155197,bev_1720155197,7.865103415758096,-3.746738792876549,0.1137815898492992,-4.045376787586327,2.806224557797295,-0.7034303142383056,0.9680344710039016,1.0327365182016477,-0.6752363339276144,12.578897949543247,0.0
rgb_1720126268,bev_1720126268,-11.338129711458212,-0.4517766327920753,0.1596176792253844,1.4725917609992027,3.15871693075807,0.4817485307791134,-0.4516229277950843,1.0160248078432434,87.97793459021631,45.81035182744976,0.0
rgb_1694944587,bev_1694944587,0.9045840538788884,0.5769178434771461,0.491524804170929,0.9697269557385064,0.5099368215906847,0.9933911018754444,0.3925852254962754,0.056333153841294,0.9587282536949838,0.1382674140909704,6.493770211920799
s1_rgb,s1_bev,-6.7125877662395474,15.5464719954484,0.0946898576904468,-4.353043697047574,-3.98867478669116,0.2540932323688672,0.2877927591729683,1.370106906233734,90.0,35.46989953160345,4.871259928199335
rgb_1694902281,bev_1694902281,0.5785970616896589,0.2812717565436863,0.4038872822818115,0.5533162193120836,0.8840659799700887,0.760170837077428,0.9326549330279972,0.6331479959129361,0.8646225074236963,0.1207772343725628,4.338959283455628
rgb_1694890446,bev_1694890446,0.6670688007536402,0.0876153533747482,0.5315571165437297,0.1890080439474734,0.5741573607783953,0.2979207647835475,0.4937407500380643,0.7984677589795713,0.3120386971983836,0.2003233748985047,3.500002863811717
rgb_1694878847,bev_1694878847,0.1758873519183218,0.2285505075317653,0.5850202306728335,0.9460012097599274,0.9482627298236012,0.8868949869068548,0.9516853723850028,0.0901439348866611,0.5525316201919922,0.4407536573410913,8.17535109385965
rgb_1694952640,bev_1694952640,0.8570381259378017,0.0413850991179274,0.1848362028939468,0.7541815559430264,0.7138451371481339,0.1041918950889129,0.1906272312900554,0.7167129109226177,0.3027537338864139,0.4438169480477223,7.624360339795643
rgb_1694845940,bev_1694845940,0.4634209413089341,0.1008458788221799,0.4353199907286186,0.0802547733553228,0.4465647350572584,0.0064822870404744,0.399728977299241,0.1513326718943638,0.9682302193447714,0.5467196492665676,0.0
rgb_1694975545,bev_1694975545,0.7727956760198029,0.6664419060734006,0.3845906975269862,0.0054953898224423,0.9306548771334004,0.88594013736063,0.0278465108254369,0.1641392828152027,0.7345432696370388,0.3381644111278911,0.0
s3_rgb,s3_bev,3.2035827392130543,6.563135032400439,0.2686739514149359,6.927803379416282,-3.625072662215352,0.1775107633552337,-0.7262624258328381,1.4275694160548416,8.174902676275906,82.51197455303017,1.7505744556926397
s1_rgb,s1_bev,-3.6606355787802016,8.899736968959381,0.0178997613365155,-0.4493910882174194,-7.0007761133599935,-0.940486390666962,-1.0,1.118140875512541,14.857725000223368,89.90783965272594,0.0
s1_rgb,s1_bev,-3.6606355787802016,14.722955145118732,0.1573348336122097,-6.0200437087207535,-7.0007761133599935,-0.4544596591967312,-1.0,1.170268535087009,90.0,94.89412177013908,0.0
rgb_1720150415,bev_1720150415,10.641562435583468,-3.754244355307325,0.121551748482988,-5.653385471677152,2.8064778968274435,-0.7072694274580312,0.9680344710039016,1.041331424763453,-0.3750178314339933,16.01348258422637,0.0
rgb_1694945863,bev_1694945863,0.5083342561660273,0.4671558922168137,0.4802431180559608,0.6914992643518741,0.105600720109097,0.1930106674499686,0.0270536645435806,0.0924958955338041,0.4480481802898647,0.4451799958974454,3.498704504478432
rgb_1720232451,bev_1720232451,-7.248677008666737,5.3772569021832375,0.1664511878158042,-1.4911065625864932,-1.3439084309426337,0.4347927844178745,-0.3819712678686375,1.336572291809382,-24.79417999303644,60.19483639881618,2.5489387301180635
rgb_1694844916,bev_1694844916,0.1075641917748752,0.3779784339905561,0.1605220837615723,0.6379950923438721,0.3779556653927001,0.1667906520583597,0.3710433805586562,0.3375655487400677,0.1219756509719438,0.2070930011007206,3.50006969071493
rgb_1694839394,bev_1694839394,0.4280713226206178,0.9851770833348792,0.406557278107627,0.0441319329864592,0.8350950748442779,0.1677916048637898,0.1648643437733662,0.3551700995445109,0.3024650804468693,0.1296832911901589,3.4992248291947368
rgb_1720124217,bev_1720124217,-11.223957221597,-0.5595844629414444,0.1214552044115538,1.4724921916567195,3.6766508928964576,0.4817587725412744,-0.6260523388797081,1.016058186743564,87.89077345005677,45.70668560328059,0.0
rgb_1720231040,bev_1720231040,-7.258851165469743,5.753554302700206,0.1594749219458839,-1.6256844995537083,0.0513625054116388,0.439452715602513,-0.1941997005508148,1.3804474074419797,-31.60622393163242,47.62789184315199,2.9366297854144445
rgb_1720174925,bev_1720174925,18.67248291160768,-9.782030666509174,0.178865677451721,-0.5665764218216811,6.144651595718351,-0.3868542041727874,0.9919544647242748,1.0640972412225262,65.98366771569698,25.224736769268336,3.9999289596329457
rgb_1720213865,bev_1720213865,-7.248677008666737,5.474088045748555,0.1602429556235983,-1.4911065625864932,-1.3439084309426337,0.4347927844178745,-0.3819712678686375,1.336572291809382,-25.74060619574356,54.29518276456376,2.5445390674703368
rgb_1720128361,bev_1720128361,-11.331175495668468,-0.1247395823219505,0.1412259468004703,1.4724921916567195,3.12209453461859,0.4862132259869667,-0.5572254224153955,1.0160248078432434,75.62426759859625,46.04206105373499,0.0
s1_rgb,s1_bev,-0.4473262133735574,12.49475749552802,0.2848071615236116,6.488215665430322,-0.7848930668313779,0.6490095348492575,0.2495522524063336,1.0393938687447215,29.55294394648916,25.62658971433532,2.9560580777515963
rgb_1694982996,bev_1694982996,0.382146555434529,0.7267341405041018,0.738974767558373,0.2750372090231806,0.3868786709259698,0.6806749047239286,0.6994758318382344,0.6669427360854135,0.7009703942254406,0.0618113644867558,6.577731038861391
rgb_1720245374,bev_1720245374,-11.331175495668468,3.7242633947412784,0.1603083814314957,1.562916983634178,3.125395982328083,0.4862132259869667,-0.427229256924049,1.0160248078432434,75.49277523988945,43.67257892722832,2.9828294130129653
rgb_1720159398,bev_1720159398,15.299006537733192,-2.7137322114777724,0.1215520228934662,-5.653385471677152,2.8064778968274435,-0.7072694274580312,0.9680344710039016,1.0416149296730677,-0.3519803269857533,19.859801608823044,0.0
rgb_1694822878,bev_1694822878,0.2241365484828374,0.5740013468980093,0.4275857842304289,0.450911517188967,0.0930223474771223,0.2094312770063956,0.8967934056873692,0.6527375728902894,0.8544748968899878,0.2481923765123794,7.105510095276175
rgb_1694869150,bev_1694869150,0.9872523194673216,0.7190902672878832,0.597787794505617,0.6907836979019452,0.1979890641756877,0.1058823124975667,0.5245714763474448,0.2590041172032571,0.8712486417554356,0.0856336521606201,7.610967865425177
rgb_1694942733,bev_1694942733,0.1034352543813741,0.957130719370057,0.4929292703272327,0.2492585516586415,0.9768400011552326,0.7207588631082515,0.1298054245271489,0.7765337805273816,0.2046120100369119,0.1615600998663221,7.541873890839845
rgb_1694942334,bev_1694942334,0.8065890602569002,0.769969504593732,0.2769485186399852,0.4103263018345339,0.8436035426528752,0.9654955558473406,0.2014545530945604,0.2095103997012071,0.8888205555450486,0.4972973633724986,7.306961059570312
rgb_1694946381,bev_1694946381,0.0788758304278107,0.6937812153673756,0.374733192102975,0.1913858500914235,0.3389259907919375,0.9697125443642964,0.7741164889322738,0.929658130901973,0.497816982327935,0.648211801844051,7.381414023280979
rgb_1694837360,bev_1694837360,0.6689211708499703,0.0351799945317946,0.8910070430465545,0.0730811336305301,0.9569480352624768,0.5552630224583422,0.3996215159163511,0.1042614140467095,0.9483000036389908,0.5321897210037035,7.489037996997205
rgb_1720237443,bev_1720237443,-11.213425241193988,-0.4517766327920753,0.1269166271712096,1.4692887616385626,3.1699498795432284,0.4814799234042284,-0.4401263668660845,1.0150769995101374,87.89077345005677,43.75437700508703,0.0
rgb_1720172268,bev_1720172268,18.9632067343804,-5.729073051833218,0.1562259661828485,-1.780206387302286,6.455669716568647,-0.4399463445744638,0.9987950027899462,1.2863944173932562,52.31814480876764,19.294378899185403,4.000413227996692
rgb_1694837173,bev_1694837173,0.809562482049658,0.5042401169231261,0.5097565813367954,0.3160306347102347,0.3175029280620626,0.7170772733711254,0.0159482972238723,0.1792440523924968,0.487751296267077,0.2508098059370544,7.619855794504834
s1_rgb,s1_bev,-0.4473262133735574,9.490636581743477,0.2848071615236116,6.488215665430322,-0.7848930668313779,0.6436944093147916,0.2495522524063336,1.0393938687447215,29.82529954306,35.760982830413624,2.943824535360458
s3_rgb,s3_bev,11.43642168691742,-3.983405340639564,0.0997207540689524,-6.069791269410713,-5.002462151848611,-0.1099425938404077,0.1954356561410768,1.2912036713825006,89.24621322940973,18.88531315534958,3.4762458185876097
s2_rgb,s2_bev,18.92656233748623,-14.160124007207331,0.0886436222692316,6.686153146032503,6.429978363980233,-0.9796483361184604,0.5189336268488274,1.2870647180701948,-24.578528998290444,0.0,3.1088768094877577
rgb_1720184499,bev_1720184499,15.647065709062026,-10.411239512148772,0.1870463010723585,-1.199584522669486,8.602398910525324,-0.3882163534943478,0.8175026680480393,1.0602116194417122,44.74117154920276,31.253431749438786,3.997532215225909
rgb_1694943715,bev_1694943715,0.8769423802524338,0.5043989196310626,0.144636879424965,0.3294739165850161,0.6267582897279715,0.8447815379257655,0.5640412096722113,0.5246687108427236,0.2890250775621917,0.1153274740722474,3.4912813163546
rgb_1720226241,bev_1720226241,-7.248677008666737,5.3772569021832375,0.1581037065790947,-1.4911065625864932,-1.149018294018644,0.4347927844178745,-0.3819712678686375,1.336572291809382,-22.594371944261027,54.29518276456376,2.545920118940879
rgb_1694870975,bev_1694870975,0.0355663681677224,0.078674721844539,0.1609184065416707,0.0314593565390985,0.9163864220606696,0.3910650402838473,0.7425968084883556,0.4096518403152719,0.9085138050396392,0.6388384691819835,7.808793982964305
rgb_1694915793,bev_1694915793,0.9673015308511717,0.4896316419210249,0.7309948290123911,0.1646927886397882,0.5739372052689674,0.3025336921459397,0.5320394509542571,0.1367287812581138,0.2928544682527674,0.6267518737815188,3.280457834466417
s1_rgb,s1_bev,-0.4473262133735574,12.49475749552802,0.2848071615236116,6.488215665430322,-0.7848930668313779,0.7059426031248968,0.2495522524063336,1.0393938687447215,29.55294394648916,26.220961268896943,2.8661174574160686
rgb_1694976484,bev_1694976484,0.6211015244164082,0.6063113358665613,0.7839677855216008,0.1993294078413404,0.3691715307944491,0.381905985137269,0.7425687538972006,0.9114267121790716,0.3287409526338536,0.0681125810750988,3.414835081916373
rgb_1720135559,bev_1720135559,-17.53998967953945,-0.4517766327920753,0.1276907565549564,1.469330557220328,3.122327310775839,0.4821422712576761,-0.5896807659688591,1.0148785429144207,73.65168326726331,43.67257892722832,3.881917132589089
s1_rgb,s1_bev,-0.4205534312760975,11.2491833546246,0.2848071615236116,6.479994823382398,-0.8203996671091645,0.6692807573932085,0.2495522524063336,1.0393938687447215,29.55294394648916,25.62658971433532,0.0
rgb_1720221745,bev_1720221745,-7.248677008666737,5.3772569021832375,0.1629586100624392,-1.4911065625864932,-1.3439084309426337,0.4347927844178745,-0.3819712678686375,1.336572291809382,-24.79417999303644,60.19483639881618,2.5468341030262227
rgb_1720173215,bev_1720173215,19.86850995209823,-13.931166461959634,0.1905597898989225,-0.1231366710644081,7.377149078855318,-0.6819162814577466,0.6102828226225925,0.9460653924338313,85.3725474040933,35.270041323645415,3.991054998734825
rgb_1694837546,bev_1694837546,0.5568896778165157,0.2163541928378229,0.992201191257482,0.8743239870791344,0.6968762015042477,0.9736772160564678,0.5364843449018583,0.4715975820861887,0.9396259024691186,0.3004488462046195,6.342930111994678
rgb_1694897919,bev_1694897919,0.5873162593170099,0.2500227342228569,0.678217564374917,0.2335990295838764,0.4956262943305974,0.9832810525323282,0.9520913085315964,0.864866161849963,0.5602438892964335,0.0126056940506379,4.4341077243682205
rgb_1720226285,bev_1720226285,-7.2927286072591375,5.753018543371734,0.1424928458748457,-1.3093120249825212,-0.9294608350188476,0.4895515955419545,-0.1018733535123288,1.422135875947296,-24.76596521551972,52.76960567650034,3.3522107180903538
rgb_1720150882,bev_1720150882,16.189610963444437,-3.7764845395982753,0.1214477098768221,-5.653385471677152,2.80657821524545,-0.7072694274580312,0.9510402377025896,1.0380962713332562,-0.3519803269857533,19.859801608823044,3.323138854533941
rgb_1720238606,bev_1720238606,-9.847739648259708,-2.031424593262116,0.1214552044115538,1.5942408049411618,3.169339701488296,0.4818041328911984,-0.4476005364889672,1.016058186743564,87.89077345005677,45.70668560328059,3.503261638173887
s2_rgb,s2_bev,20.0,-6.887396734480059,0.0,8.484980606385927,-0.4246884000743094,-0.7189378382617815,-0.7797766576185208,0.963082470969002,-24.578528998290444,3.2565601535852746,3.331925491601245
s1_rgb,s1_bev,-0.4473262133735574,17.79133978954246,0.2848071615236116,6.711548795975047,-3.0645953320742905,0.6387854453148185,0.2107045569302936,1.0393938687447215,29.55294394648916,28.36072336575184,0.0
rgb_1694979766,bev_1694979766,0.9257306811874242,0.553695183274421,0.2823242373487217,0.1003870055432535,0.1178737485055796,0.5589760602926649,0.3485268012160889,0.6446371759834101,0.5210656953556697,0.9810851348808218,7.424873363888746
rgb_1720130937,bev_1720130937,-11.128949305073236,-0.4517766327920753,0.1238012914251377,1.4724921916567195,3.1699498795432284,0.4814799234042284,-0.4044639928271146,1.0160523258549448,87.89077345005677,46.75878275600972,0.0
rgb_1694943085,bev_1694943085,0.2012122983013802,0.1493740695327876,0.8798358884843354,0.4316743086636705,0.4210238876044201,0.8906613204699722,0.1095302273247438,0.4179427118963021,0.0006049804332162,0.2386261634702784,4.8916770684244
rgb_1694901290,bev_1694901290,0.6894961315315853,0.3784697898279313,0.387455426772233,0.0183486122006087,0.5498744183023836,0.0996886509838776,0.7500657267232218,0.1937023376184007,0.4741096662005505,0.479800442480353,3.4999052202473084
rgb_1694949194,bev_1694949194,0.3240777749969734,0.4634936169040929,0.8212792327323815,0.8947964709784522,0.9104291089517264,0.6679010868800197,0.6943549277079157,0.0224528912278298,0.1003615310652105,0.8541227371156369,3.5000014497716734
s2_rgb,s2_bev,8.633848778958079,-9.607894204160017,0.1734233910740375,7.705693677428722,8.154205607041945,0.6317236444244725,0.9734217666500646,1.2388686184199749,81.5819241851508,71.57891274338589,0.0
rgb_1694915036,bev_1694915036,0.1334331228327452,0.8734655907030547,0.2508314784959148,0.8113444396937838,0.4860722575237336,0.6231376979128589,0.914073666546717,0.9068526805087606,0.269160920256687,0.5390670721039706,7.633437029844909
rgb_1720147440,bev_1720147440,15.06964352826644,-3.753559132337273,0.1224157921822391,-5.653385471677152,2.81368938439744,-0.7072694274580312,0.95259881287326,1.041614472677779,-0.6756189052890988,18.53848867449494,0.0
rgb_1720216391,bev_1720216391,-7.248677008666737,8.361484997174607,0.1593954299281511,-1.4911065625864932,-1.3439084309426337,0.4347927844178745,-0.3819712678686375,1.336572291809382,-39.059809242438526,54.29518276456376,2.515621426825836
rgb_1694895101,bev_1694895101,0.1690241688730154,0.1584872317419181,0.3889269811833549,0.3070747109117259,0.9972632044551302,0.5969288974391238,0.5298148997171593,0.294730826035122,0.4451977018695493,0.3758936105434275,7.403973686555214
rgb_1720230244,bev_1720230244,-7.24779469466424,5.3772569021832375,0.1593954299281511,-1.5440478476733652,-1.5114396353048072,0.4347927844178745,-0.4197742819598083,1.339772964778242,-24.79417999303644,43.09914393665117,2.446477183278173
rgb_1720249498,bev_1720249498,-11.213425241193988,-0.5197222262825747,0.1238012914251377,1.469086005330091,3.17812815609107,0.4814102460789051,-0.4086157629549638,1.0150769995101374,87.8369194192152,42.13373112308938,0.0
rgb_1720237764,bev_1720237764,-11.331175495668468,-0.3303047128176821,0.1272612832561288,1.4725071554334193,3.162502143129636,0.4852314491732845,-0.6252366031760632,1.015989910073429,87.89077345005677,46.00131043314923,0.0
rgb_1720154379,bev_1720154379,16.189610963444437,-2.6505525728798744,0.1215520228934662,-5.653385471677152,2.8064778968274435,-0.7029711479751599,0.9680344710039016,1.0406118488188063,-0.3519803269857533,19.86225362514015,0.0
rgb_1694905670,bev_1694905670,0.4833059160523218,0.2895609817888001,0.6343535461847677,0.9951803117323568,0.8017602077049111,0.0189463357486499,0.0562044079024253,0.4952272118116843,0.037390476380946,0.7363214384309815,3.492064558031187
rgb_1720257386,bev_1720257386,10.559245757427522,-4.224616819109322,0.1214279542931493,-5.653385471677152,2.803360928200412,-0.7092138204030867,0.9680344710039016,0.998962380007026,-0.3826337134393753,23.70322769892124,0.0
rgb_1694912934,bev_1694912934,0.5136484284458404,0.6263384616038421,0.4864159452352329,0.038207512975712,0.0868302929291106,0.5013173423382482,0.7415435765425817,0.5560750040545447,0.1661708580447366,0.2400298643894745,3.500130044900992
rgb_1694979078,bev_1694979078,0.6269135772297435,0.8842436372598467,0.1919061585386794,0.9644614532750012,0.551875265025813,0.7220507298072004,0.6802739379117254,0.9823103432274832,0.3209683860878753,0.4542961185099874,7.000001922542907
rgb_1720171209,bev_1720171209,19.04930847115707,-4.2490343895040645,0.1533477639552684,-0.676448385816597,6.472771966809887,-0.4465285367255255,0.9988843952338196,1.1935766593819568,60.47320480148196,17.317389377466768,4.001689400723032
s2_rgb,s2_bev,7.1238077123499695,-12.947218335405768,0.1734443427855645,7.716476422755193,8.129358498034861,0.7554161537224371,0.9718111458848336,1.2411379624763983,60.72323528644914,71.31406315107921,0.0
s2_rgb,s2_bev,20.0,-6.887396734480059,0.0886436222692316,6.686153146032503,6.429978363980233,-0.9796483361184604,0.5189336268488274,1.4198560459834737,-54.36200908394686,47.2221021166708,1.5237051048857426
rgb_1694915514,bev_1694915514,0.7493953320832372,0.5731150868142733,0.8065271480947014,0.4165839350822237,0.2063054338417782,0.9443893880568608,0.5708094403591821,0.6750044051543415,0.660227579435393,0.3587345269058889,3.500787260343837
s3_rgb,s3_bev,11.43642168691742,-3.983405340639564,0.1341549218981859,-6.960274047208812,-4.0286073392537824,-0.1099425938404077,0.1954356561410768,1.2925310649489696,89.24621322940973,33.476856383370574,3.2017862799587373
rgb_1694898663,bev_1694898663,0.8624314941116688,0.5697172692561939,0.4664798524744152,0.394353902334365,0.7852593302144001,0.3465671524024405,0.1559917768936431,0.968617290904669,0.1163038104911869,0.2326531938002902,6.999935911953799
rgb_1720124659,bev_1720124659,-11.331175495668468,-0.4517766327920753,0.1596176792253844,1.4724921916567195,3.682967728767423,0.4862132259869667,-0.5896807659688591,1.0105926887837071,87.89077345005677,43.67257892722832,0.0
rgb_1694827576,bev_1694827576,0.649291421569193,0.1028554264277765,0.2632553897795718,0.3745626308318216,0.0047883816635621,0.7949131069678911,0.2604484370116945,0.8061344769140115,0.7734818224052807,0.651568877313336,4.013852786798247
rgb_1720130293,bev_1720130293,-11.328070799522084,-0.4517766327920753,0.1276907565549564,1.469330557220328,3.122327310775839,0.4817482700821534,-0.6325730156347478,1.0160147376019524,88.17251391149796,43.74451425400967,0.0
rgb_1720186741,bev_1720186741,19.04724453926454,-7.25845846484717,0.1533477639552684,-3.0944734375757346,7.417944873835538,-0.4465285367255255,0.9971063240149995,1.151795140233783,64.43943081071856,24.326811465192343,4.001570187241589
rgb_1694953894,bev_1694953894,0.1046565756085814,0.4268899322738329,0.0049372372293631,0.6300315346081854,0.5959333007178178,0.6231703348141542,0.5581673860038424,0.2119657786389964,0.5608977109280191,0.8431158953483879,4.823145604278066
rgb_1694943018,bev_1694943018,0.205191600117455,0.8892207864082378,0.1980683300660175,0.4577119750125025,0.2452938544631835,0.2241259643104562,0.1231575956542581,0.37589335734815,0.4804645692129115,0.6475490222405593,7.056346106699159
rgb_1694832877,bev_1694832877,0.4000082659930748,0.7540007510775835,0.4586474637408662,0.3395029641950519,0.0776149266642329,0.7267284665319231,0.6566784121889608,0.9621135909064108,0.9217211156154096,0.4827014197805737,2.8444951461317425
rgb_1694903254,bev_1694903254,0.7277566228263435,0.5997830299980511,0.1303259006418777,0.6854099422285366,0.0825617124305265,0.4108401580842122,0.1947142781774479,0.0324236161698283,0.8639178775982753,0.4970702601898678,5.453422910079016
s2_rgb,s2_bev,8.41997730612583,-12.94810660409168,0.1734618975893601,7.716476422755193,8.129396100099193,0.6370543066247705,0.9735967057891732,1.2416620845126314,60.88215629913276,75.7086979463725,0.0
rgb_1720157870,bev_1720157870,8.884637980984273,-2.7137322114777724,0.1215520228934662,-5.653385471677152,2.8064778968274435,-0.7072694274580312,0.9719344978576564,1.0334982813223603,-0.861799409359989,27.04545840845816,0.0
rgb_1720179969,bev_1720179969,17.65019488928067,-10.018851125664035,0.1882008687852149,-0.5652194214262192,6.144651595718351,-0.3633141620487425,0.99203876670278,1.0594613973180895,59.57068233422558,16.47327369957686,3.985162240601452
rgb_1720163588,bev_1720163588,12.680907632669625,-4.224616819109322,0.1210811265674365,-5.653385471677152,2.7370841154111645,-0.7147044094512425,0.9680344710039016,1.031699742690982,-1.1628921395584229,23.70322769892124,0.0
rgb_1694910098,bev_1694910098,0.8143391340858286,0.747838129726396,0.6160964624265394,0.0725853389592656,0.9313653617710111,0.7057983318317247,0.5351351460756923,0.0116450061967355,0.6117283095759903,0.839250304922641,3.4992248291947368
s2_rgb,s2_bev,8.428580574181545,-12.760650209797804,0.1734233910740375,7.704657841306263,8.129923540894993,0.6317236444244725,0.9714502369836132,1.2408958146567126,63.70300053723605,71.59953770887213,0.0
rgb_1720261578,bev_1720261578,8.201514113411854,-3.753559132337273,0.1137815898492992,-5.653385471677152,2.8085503094162085,-0.7061061553508707,0.9680379845969452,1.0374979808638825,-0.98795233463062,27.130820273476207,0.0
rgb_1720128038,bev_1720128038,-11.331175495668468,-2.5185893050211163,0.1596176792253844,2.8805020339849907,3.15871693075807,0.5065946880768433,-0.5896807659688591,1.0160248078432434,87.89077345005677,43.67257892722832,0.0
rgb_1720177953,bev_1720177953,18.73384957684265,-10.018735146728288,0.1597917910981891,0.8308439342791338,6.144651595718351,-0.3868542041727874,0.9965745421612804,1.063247911816052,66.4925288230128,20.66287577650972,4.000066668905783
s1_rgb,s1_bev,-0.4473262133735574,17.461850707438614,0.2850211992133353,6.628056848299052,-3.344263487998047,0.6715287476852849,0.2524207226849737,1.0664505762656011,29.55294394648916,39.993845256108216,0.0
rgb_1694872523,bev_1694872523,0.8526093226926391,0.913215368524172,0.1388822083811697,0.2130025728661871,0.4567929219443281,0.6600539086847182,0.9932993121942189,0.0175528678302882,0.5287908942718181,0.4137341379326363,7.000653387968868
rgb_1694978214,bev_1694978214,0.423448832578353,0.0046219227800444,0.5369625954103155,0.4595122752012879,0.4314458611311091,0.8114780369963422,0.0409453689803324,0.3124361090459656,0.2767778825747991,0.3101510081266968,3.498796055975689
rgb_1720137651,bev_1720137651,-11.344765305567538,-0.4035336065147383,0.1573836294338321,1.468972996613525,3.15736916043764,0.4814799234042284,-0.5682135698079782,1.0161105301253994,87.89077345005677,43.75437700508703,0.0
rgb_1720162215,bev_1720162215,10.555664045921738,-7.574558349531026,0.1299283534548286,-5.653385471677152,3.212949709533371,-0.7153411789040987,0.9680344710039016,1.03031367331843,-0.8585437488832497,23.49629635349477,0.0
rgb_1694950611,bev_1694950611,0.0557965875319844,0.1572312687602086,0.6193771260708054,0.433660534336744,0.6499702199371942,0.3935367919465282,0.8229261109301098,0.0820115167762475,0.7168362246810698,0.0022626853479942,5.818384246110341
rgb_1720235160,bev_1720235160,-11.331175495668468,-1.2549635535758554,0.1596176792253844,1.4724921916567195,3.125395982328083,0.4862132259869667,-0.5572254224153955,1.0160248078432434,75.44904935038792,43.67257892722832,0.0
rgb_1694924361,bev_1694924361,0.782638242324546,0.2023536203263214,0.4020742700554921,0.2949124249459333,0.2172211802106733,0.1914856418310363,0.1245544458494397,0.6553941348525791,0.9855328723499646,0.5307746848266692,3.5008085660471067
s3_rgb,s3_bev,3.965124246143468,4.0186057703139255,0.0487718041338835,10.0,-3.625072662215352,0.1775107633552337,-0.7262624258328381,1.4150964620011317,12.857134412120176,92.0539592858546,0.0
rgb_1694985316,bev_1694985316,0.4193537740577369,0.4042073440565685,0.9281636360737416,0.1911353818090629,0.2013935688674315,0.6397622745483081,0.6887382319308936,0.3901844785951633,0.6584136597059203,0.6429346040143161,4.687401572845123
rgb_1720146060,bev_1720146060,8.201514113411854,-3.753559132337273,0.1228114956139519,-5.653385471677152,2.806224557797295,-0.7072694274580312,0.9680344710039016,1.0332283211648312,-0.7156811537071235,15.514329671409795,0.0
rgb_1720129126,bev_1720129126,-11.130915920702687,-0.4517766327920753,0.1238012914251377,1.4692478206172783,3.1699498795432284,0.4814799234042284,-0.4024728872060448,1.0150769995101374,87.89077345005677,43.75437700508703,0.0
rgb_1694836055,bev_1694836055,0.8441145285939442,0.026066521320181,0.6756946262872621,0.801368792293735,0.8266905355898898,0.6254808857990185,0.0293491918373977,0.7141522831612975,0.7143489808351949,0.0622108486340864,3.500121289758273
rgb_1694842677,bev_1694842677,0.6042192606788835,0.5684626102177739,0.1462871506610317,0.4526742508286443,0.6327039391939467,0.7080834582026654,0.9064705077017318,0.2721516247966646,0.4694732315019917,0.5019117889005162,6.251870688217401
s3_rgb,s3_bev,3.965124246143468,4.0186057703139255,0.0487718041338835,8.61111111111111,-3.625072662215352,0.2965583824028528,-0.7262624258328381,1.43,74.22436459246273,89.8379818790375,0.0
rgb_1720150779,bev_1720150779,10.567107447940703,-4.154713236976084,0.1214853680670798,-5.653385471677152,2.7321491522615826,-0.7030073198020296,0.937430296449649,1.0217464790931472,-1.1628921395584229,24.08204846815007,3.6299379800806975
rgb_1694900842,bev_1694900842,0.7026060982617807,0.2855378192221907,0.8990691087829573,0.956267857696272,0.1985221719953951,0.5937204852665648,0.8707632513770436,0.3964139839913507,0.9738020617071924,0.0033835478038509,3.50050210963538
rgb_1720122769,bev_1720122769,-11.866805243660266,-0.8049948328460488,0.1238012914251377,2.5795801949631105,3.307258264328185,0.4814799234042284,-0.4401263668660845,1.0150769995101374,87.89077345005677,43.75437700508703,0.0
s1_rgb,s1_bev,-3.6606355787802016,16.308627550863367,0.1573348336122097,3.417781550810421,-7.0007761133599935,0.2540932323688672,0.2877927591729683,1.0584153523466604,90.0,35.46989953160345,0.0
s3_rgb,s3_bev,13.224383505402727,14.650288176728791,0.2388528778562878,-3.2549449737132763,1.9074307955993104,-0.967326812731105,0.5291069128259291,1.43,8.174902676275906,82.51197455303017,3.093963273408906
rgb_1720133027,bev_1720133027,-11.331175495668468,-0.6623788369611177,0.1597412280332725,1.4724921916567195,3.1573719395798765,0.4862132259869667,-0.5746127398660814,1.0160248078432434,87.89077345005677,43.67257892722832,0.0
rgb_1694915447,bev_1694915447,0.4902351994357685,0.9386693704703098,0.6887380468455522,0.7510549887732517,0.9691121725227584,0.0280018637378453,0.1935087738613298,0.549194229637914,0.4113552523269227,0.6911112713105182,3.500787260343837
s1_rgb,s1_bev,-0.4473262133735574,17.463218031426994,0.2773894855158774,6.48488359737949,-3.344263487998047,0.6715287476852849,0.2495522524063336,1.0393938687447215,29.55294394648916,28.717316207506805,0.0
rgb_1694887065,bev_1694887065,0.4540810439164167,0.1444272625429681,0.5957502011446237,0.0190354315841374,0.0215156310982034,0.5413707736535932,0.7587309883096254,0.8233599589298581,0.6297851256596365,0.1533618846546102,3.500045968483212
rgb_1720231525,bev_1720231525,-7.302614093710282,5.3772569021832375,0.1594403355670541,1.180996717409336,-1.521000435892356,0.4347743336207439,-0.3783084578817334,1.3085475193753746,-25.22505189900913,41.96273715361173,2.542687002371812
rgb_1720258048,bev_1720258048,-3.322751686378957,-6.966723366809692,0.0680830887474818,8.140254301390776,-2.212171484298162,0.3857125714726652,0.6609072377235541,1.3018828463744665,21.291864570720094,19.84783043523453,4.905974230221791
rgb_1720269647,bev_1720269647,8.894269903945222,-3.753559132337273,0.1210818256128741,-5.653385471677152,2.067628302520044,-0.7072694274580312,0.833111520050924,1.0416193053216356,-0.3778381806470747,21.408919710113302,3.556807698095957
rgb_1720136965,bev_1720136965,-11.330615939975514,-0.4517766327920753,0.1276907565549564,1.46928994553563,3.122327310775839,0.4822114256224612,-0.5896807659688591,1.0148785429144207,88.34273618036559,43.67257892722832,0.0
rgb_1694902357,bev_1694902357,0.2356010754746113,0.4420528239353906,0.4745405301084037,0.9098847148942268,0.5997846496509325,0.0628329378671737,0.5909967949128284,0.2500514593451375,0.8515423970234101,0.9087360128435672,11.889863551759662
s2_rgb,s2_bev,8.428580574181545,-10.441553815886472,0.1734361196906745,7.705693677428722,8.123448579429386,0.6317236444244725,0.9799088785176406,1.24128807206548,63.40462838967517,71.59953770887213,0.0
rgb_1694958727,bev_1694958727,0.4229178224068919,0.8162854244535209,0.6919156182984748,0.4741642290088431,0.8027232258207255,0.8514897614180629,0.0743232092941469,0.5481256989769395,0.197516434863195,0.6163214643206282,3.247485516827315
rgb_1720250299,bev_1720250299,-11.21944670984581,-0.4517766327920753,0.159037782612813,1.4724921916567195,3.1594945768373286,0.4814799234042284,-0.523625223287952,1.0088682761859795,88.02409545307498,44.930028547674006,0.0
rgb_1720250740,bev_1720250740,-11.331175495668468,-1.2549635535758554,0.1596176792253844,1.4724921916567195,3.15871693075807,0.5140940125458724,-0.593151205321534,1.0167903571988104,87.89077345005677,43.67257892722832,0.0
rgb_1694911007,bev_1694911007,0.0278167970239276,0.4568437452394432,0.6213704922553198,0.9864686951503144,0.5987282192309084,0.39952818367799,0.1021866320407582,0.3549140570137722,0.5004286214115826,0.9604248994570525,7.451796972775599
rgb_1720246616,bev_1720246616,-11.331175495668468,-0.5225537544443171,0.1596176792253844,1.4724921916567195,3.1255093041220494,0.304543612983611,-0.6756449139883388,1.0160248078432434,75.44904935038792,47.73749712017792,3.46830205288177
rgb_1720134071,bev_1720134071,-11.20736691747654,-0.4517766327920753,0.1276907565549564,1.469330557220328,3.167418720737356,0.4821422712576761,-0.4533252071358254,1.0148837557404768,77.07272274053526,43.66570409968252,0.0
rgb_1694828312,bev_1694828312,0.1435598258971725,0.4060513170057983,0.3100815101051046,0.8364984169718799,0.132385832564118,0.0681688986312513,0.3407075204966809,0.8648680266975305,0.4294295456145218,0.6070598717311376,5.731772528466122
rgb_1720263747,bev_1720263747,8.462206662669828,-3.967578415985564,0.1217444541115358,-6.002493770039657,2.8129781015266104,-0.7072694274580312,0.9674793019425352,1.041614472677779,-1.019327670281399,19.87011745693633,2.9043890164494126
rgb_1694907524,bev_1694907524,0.532933000657827,0.1910942928850441,0.0786547109060131,0.8540908243167415,0.3183659900466625,0.0688665467837126,0.146421858858356,0.863518069826735,0.4766809866420335,0.5138501852294367,3.50082356666462
rgb_1720258244,bev_1720258244,15.34699244032631,-2.7137322114777724,0.1216308398453695,-5.653385471677152,2.800610834579393,-0.7072694274580312,0.9680344710039016,1.0416149296730677,-0.3519803269857533,19.859801608823044,0.0
rgb_1720185874,bev_1720185874,19.08043200184396,-4.169152325580349,0.0936617477900397,-0.1365868002136654,-4.274109829741246,-0.4650218066863332,0.4707305258338921,0.979574213628268,-23.43853825940228,49.89312539372299,3.9941344803192895
rgb_1720225843,bev_1720225843,-7.248677008666737,5.3772569021832375,0.1593954299281511,-1.4911065625864932,-1.3439084309426337,0.4347927844178745,-0.3292878686418905,1.336572291809382,-24.79417999303644,54.29518276456376,2.659814487797329
s2_rgb,s2_bev,20.0,-6.887396734480059,0.2863325740318906,6.686153146032503,6.429978363980233,-0.9796483361184604,0.5189336268488274,1.3488415532298506,-24.578528998290444,15.511462114369593,0.0
rgb_1694903330,bev_1694903330,0.353030755949963,0.8256022730457421,0.3221173053204998,0.797536045383709,0.6585258814726289,0.3846765954919546,0.6755383688608028,0.0156682152172334,0.6992147239476323,0.8400101312504342,7.351830268610087
s2_rgb,s2_bev,8.487284189144619,-9.032077779491804,0.1696784377608537,7.310875872990903,8.132457624440182,0.7512758651114839,0.9738526755346956,1.2413147500715709,81.52450023920069,71.46331251449816,1.5783763262274642
rgb_1720184159,bev_1720184159,19.04724453926454,-6.216289233505197,0.1533477639552684,-3.0944734375757346,6.472771966809887,-0.4465285367255255,0.9971042313764172,1.157983766884754,64.43943081071856,24.326811465192343,3.999227977281192
rgb_1720248376,bev_1720248376,-11.330615939975514,-0.5089826461586995,0.1276907565549564,1.469330557220328,3.122327310775839,0.4821422712576761,-0.599165545988447,1.0148785429144207,65.0683324357858,43.67257892722832,0.0
rgb_1720170834,bev_1720170834,19.04724453926454,-5.039462703350171,0.1533477639552684,-0.676448385816597,6.472771966809887,-0.4465285367255255,0.9989412134571845,1.151744921475426,64.43943081071856,24.326811465192343,4.001704105984038
rgb_1694919510,bev_1694919510,0.9596571332548172,0.0329437616379847,0.2551031205220605,0.6168452617471611,0.642210112405122,0.9182985957129672,0.1363716908575208,0.3421921339398237,0.1100872733222622,0.251467042112357,3.5023304504088406
rgb_1694838384,bev_1694838384,0.6713042066757535,0.9499445222017396,0.2786408033035485,0.3298335732877586,0.7492483800490779,0.0086713588422229,0.4639849395875516,0.6978368346092136,0.4964086299909233,0.426460227799717,7.668310328462489
rgb_1694878925,bev_1694878925,0.0539569430036179,0.0284059989064064,0.3392631283650879,0.0324812578713669,0.7756382337307246,0.9722810064464223,0.6717026430778129,0.6324538559011047,0.2264000888514362,0.6128415663750494,8.553889662605071
rgb_1720139219,bev_1720139219,-11.330616717213308,-0.4517766327920753,0.1235619838821956,1.469330557220328,3.1176068675896893,0.4821422712576761,-0.5896807659688591,1.0148785429144207,89.81707018009632,43.67257892722832,0.0
s1_rgb,s1_bev,-0.6876201176887804,10.124232615206203,0.2794583781342427,7.4055510137422225,-4.27794596281497,0.6715287476852849,0.2745314826706022,1.0393938687447215,26.35236149611864,28.21576036007163,0.0
rgb_1720223597,bev_1720223597,-7.248677008666737,5.474088045748555,0.1542525629482065,-1.4911065625864932,-1.3439084309426337,0.4347927844178745,-0.3819712678686375,1.3404921361945328,-22.4898371883324,54.29518276456376,2.5491900920649924
s2_rgb,s2_bev,18.92656233748623,-20.0,0.0886436222692316,6.686153146032503,6.429978363980233,-0.9796483361184604,0.5189336268488274,1.2870647180701948,-65.48761990738134,3.2565601535852746,3.1484981831739622
rgb_1720178981,bev_1720178981,17.875329397413594,-11.169773022275123,0.1883561616038508,-1.1832960507815908,7.082379413595021,-0.3873855251512241,0.908779441800334,1.060220186709231,61.70500431660406,30.750103524575657,3.823710681205
rgb_1720180310,bev_1720180310,19.04724453926454,-5.260526879892824,0.1659238424869011,-3.0944734375757346,8.521243383497577,-0.3866839179343616,0.984289385530398,1.141323100874461,64.43943081071856,24.326811465192343,4.00102719954049
rgb_1694980346,bev_1694980346,0.3437698995484084,0.040931584219254,0.0287147584969206,0.204093180784202,0.6497382311909206,0.6543622529712094,0.2937714699167297,0.2100502401350262,0.5961338595144927,0.9209224608966666,4.58441531454874
rgb_1694846222,bev_1694846222,0.6994237835710687,0.7244227689416045,0.4301541138390655,0.482019167248894,0.0556707389710556,0.3535104370808666,0.8437551153105256,0.4705829144636029,0.2642056812418859,0.7061349514146137,4.874280816952815
rgb_1720134031,bev_1720134031,-16.689023363503182,-1.29096171564424,0.1596176792253844,1.4724921916567195,3.125395982328083,0.4862016658327495,-0.5572254224153955,1.0160248078432434,75.44904935038792,46.50005159136795,3.836063566609807
rgb_1720227028,bev_1720227028,-7.248677008666737,5.3772569021832375,0.1593954299281511,-1.4911065625864932,-1.3439084309426337,0.4347927844178745,-0.3819712678686375,1.336572291809382,-24.79417999303644,54.29518276456376,2.544874949701481
rgb_1694844444,bev_1694844444,0.9888184716536804,0.5347504145014916,0.9177721372189218,0.6046873574846051,0.4908950901520104,0.1249895739934734,0.5940911907350327,0.0153195790367595,0.1404945614247198,0.3861409491742844,0.0
rgb_1694944668,bev_1694944668,0.6572963519441869,0.500771702944629,0.694941212956247,0.2547044902760402,0.0703231658315599,0.8842526022411992,0.8942686363102589,0.7678186050453686,0.7656048361546354,0.5138150229500229,7.656739544423829
rgb_1694920657,bev_1694920657,0.5349168287236912,0.4521926283667254,0.0448804337814702,0.2779242455385726,0.238538166205972,0.6452173249739098,0.5164551718016188,0.5706419905192259,0.9610915518933292,0.3949840681647451,3.50082356666462
rgb_1694890036,bev_1694890036,0.869279255283921,0.2753982998683085,0.3092289990082409,0.815244538682588,0.5586865712656599,0.6567722147197019,0.4483068114323354,0.2288843546963886,0.0319310297023125,0.4367395398816024,7.369252607153808
rgb_1694827520,bev_1694827520,0.420284537259556,0.2793104980625769,0.1109388056665402,0.2485511501677874,0.0318281040108264,0.751808108378319,0.7060481717653001,0.3852427987012959,0.2638859410187053,0.0277818921655743,3.760581919376153
rgb_1694911652,bev_1694911652,0.8518810518700575,0.1448393844642044,0.2860318520729982,0.4051992640211661,0.7811921617765778,0.3275669244599991,0.6748930342796,0.7476539325665644,0.51780017242994,0.6390048571103323,6.251870688217401
rgb_1720143147,bev_1720143147,10.556853847431778,-4.224616819109322,0.1232389616265614,-5.653385471677152,2.7362665686252328,-0.7030073198020296,0.9680344710039016,1.0407473077326743,-1.1896675837276405,21.972624363167284,0.0
rgb_1720251301,bev_1720251301,-11.331175495668468,-1.2549635535758554,0.1596176792253844,1.4724921916567195,2.5302493932706653,0.4862132259869667,-0.5896807659688591,1.0160248078432434,87.89077345005677,43.67257892722832,0.0
rgb_1720131298,bev_1720131298,-11.330615939975514,-0.4517766327920753,0.1276907565549564,1.469330557220328,3.122327310775839,0.4821422712576761,-0.5896807659688591,1.0148785429144207,53.393616127252784,43.67257892722832,0.0
rgb_1694986129,bev_1694986129,0.089127574357865,0.1456340727167616,0.6344964613338125,0.8824835906032145,0.8322950651737078,0.2901060048180783,0.1959875772984939,0.2310997754107152,0.8631049872278049,0.825802495666724,4.856191907546581
rgb_1694873725,bev_1694873725,0.9784472161031322,0.6939617521329968,0.8093430933816611,0.2194511616638622,0.0018064210678904,0.0032352534906845,0.2444085290997477,0.7862104735473963,0.0321669963773206,0.1732321363536061,7.478455039723155
s3_rgb,s3_bev,11.875610264856476,-3.888487051184612,0.108083619946619,-1.77820265929663,-4.8088031886963885,-0.6656750482539461,-0.2810757732728941,1.300918996514744,89.24621322940973,9.383677589112915,3.022525261868953
rgb_1694951213,bev_1694951213,0.89304221842339,0.5077126783080141,0.9285590656067644,0.1235037575844768,0.4465631367229572,0.2982502814248139,0.1843571651860232,0.130215997360452,0.5572052639565027,0.3350008360928963,6.374352005860406
rgb_1694891960,bev_1694891960,0.6318757411649589,0.6186932650466714,0.7375176340035746,0.3173773879206094,0.9274858146799528,0.7830840325832478,0.2969094611026628,0.3080671920490275,0.4620192977642394,0.7115929757614052,3.4942185906371184
rgb_1720252343,bev_1720252343,-9.175090262207243,-0.757238453545849,0.1291513739183558,1.4728082211759954,3.3270342492838534,0.4818120019667016,-0.4505728973371513,1.0150769995101374,87.89077345005677,41.52827302809158,0.0
rgb_1720181558,bev_1720181558,16.10981565955128,-9.99979555153596,0.1882232514530117,-0.5657295285315449,6.144651595718351,-0.3870717953602743,0.9919430603578676,1.0594613973180895,59.57068233422558,24.83700075337113,3.996499580951095
rgb_1720222054,bev_1720222054,-7.062370207170245,5.753018543371734,0.1424928458748457,-1.3093120249825212,-0.918980559104849,0.4895515955419545,-0.1018733535123288,1.412106179445779,-13.96918993771115,52.76960567650034,3.3200396632639366
rgb_1720160273,bev_1720160273,10.732237516021076,-3.7719384004029735,0.1223808879126859,-5.653385471677152,2.818198807616448,-0.7072694274580312,0.9520008687394425,1.0407919711844174,-0.68605889748099,19.87011745693633,0.0
rgb_1694878316,bev_1694878316,0.3249541610881595,0.8348327037847469,0.0316695530221498,0.0916094044088428,0.0515395756120293,0.7967964128202659,0.4100742446353965,0.0452163565869254,0.7978809740158356,0.2636188484978942,3.499855368898254
rgb_1720174848,bev_1720174848,18.47069155132762,-5.137250682135976,0.1526913397536239,-0.676448385816597,8.124144057565221,-0.4465285367255255,0.9988843952338196,1.1522350247344648,65.38892332941623,17.98888929454768,4.00049812238452
rgb_1694978079,bev_1694978079,0.6958911660964706,0.828190975024612,0.3050584267056897,0.4250012421064778,0.6315888299309005,0.5650078736277538,0.9792739530325636,0.7697819939441655,0.1438109301183107,0.0319381446166098,4.527424356798904
rgb_1720145355,bev_1720145355,15.352166524588952,-3.753559132337273,0.1390698040831876,-5.653385471677152,2.81368938439744,-0.7072694274580312,0.974755112755424,1.041614472677779,-0.68605889748099,19.87011745693633,0.0
rgb_1720234079,bev_1720234079,-9.175090262207243,-0.3732243169641052,0.1286730809062712,1.1663576968754814,1.6767987973030003,0.4814799234042284,-0.4514564592153041,0.9559737690551576,87.89413613462119,40.34873615804471,3.118388994907922
s2_rgb,s2_bev,8.428580574181545,-10.441553815886472,0.1734233910740375,7.705693677428722,8.123448579429386,0.6317236444244725,0.9666353354658002,1.3002898227683404,63.066858539232605,71.57850114415744,0.0
rgb_1694981370,bev_1694981370,0.5457551039204587,0.338567051421926,0.5857238574008352,0.6590771568698054,0.3024329086500998,0.6579952016552633,0.4983773023255736,0.2839850886733871,0.5799041895766659,0.1011407572481194,7.510942765014558
rgb_1720245094,bev_1720245094,-11.219712200584398,-0.4517766327920753,0.1173699590971336,1.4689108208752693,3.15871693075807,0.4814799234042284,-0.5454620192414873,1.0098741298921006,87.89077345005677,43.67257892722832,3.1143153234707883
rgb_1694980245,bev_1694980245,0.3167328470726516,0.827718230651299,0.2024162627152285,0.857035339888692,0.4116250463831873,0.4128164397583125,0.3330597882521341,0.0798377372382707,0.4760155380566517,0.1445775292648172,5.813037818330982
rgb_1694985222,bev_1694985222,0.0863257987046119,0.9447866649443674,0.7194577048164309,0.4605994403180002,0.3179342120102961,0.5645596521252481,0.2604781342152621,0.1570281919076642,0.0194068525898438,0.5429120289269197,3.850936542776549
rgb_1694844174,bev_1694844174,0.4312266871524522,0.5972626993195561,0.2317712541926542,0.5565006088544144,0.8637710268183707,0.967654478442399,0.4818790465136814,0.7339288261715524,0.1757473855980887,0.9590772008279064,0.0
rgb_1720180425,bev_1720180425,19.773123733777936,-13.931166461959634,0.1954060088773787,-0.1236731591167075,7.377149078855318,-0.4929771827646203,0.6102828226225925,0.9791070111575864,85.55654076446962,48.77461440942758,2.5001164118664243
rgb_1694834082,bev_1694834082,0.0183788767570839,0.9021103641836132,0.8831427822634735,0.0835963219732217,0.3433290026152727,0.2596962495133225,0.0580788019852187,0.86000398356845,0.7280801696260835,0.9575969824310394,3.5000831120961644
rgb_1694983082,bev_1694983082,0.8644210037404348,0.6546337900204288,0.3163268340220077,0.491919139071877,0.6106288054524008,0.3220690044510126,0.6102016885207326,0.224380304794994,0.7328538532720215,0.1112013638980546,5.617629723929192
s1_rgb,s1_bev,-0.4473262133735574,17.21319707507871,0.2794429457979455,6.48488359737949,-3.344263487998047,0.8060482871356385,0.2495522524063336,1.063066663790945,29.74996538574556,26.72566000792429,0.0
s3_rgb,s3_bev,13.224383505402727,2.787161911366635,0.0487718041338835,8.222337145871991,-6.7665909216965225,0.201167830482872,0.8278381464289895,1.1714117812659632,-25.06322828429083,0.0,4.919992499449457
rgb_1720137812,bev_1720137812,-11.331175495668468,-0.3209255016362817,0.1596176792253844,1.4724921916567195,3.15871693075807,0.4852821641839455,-0.6260523388797081,1.0160248078432434,89.19878263663068,43.43575539796208,0.0
rgb_1694956585,bev_1694956585,0.1156511650651229,0.6344180481126318,0.1027632793141899,0.7003477853359411,0.6629822631714162,0.5532153462929802,0.3247588617861819,0.1021700437481946,0.1221308637141537,0.1946403179874034,5.07350844509715
rgb_1694834938,bev_1694834938,0.5231597017610427,0.2033346060570312,0.1989649333910962,0.8700734676635317,0.1052172117005878,0.9717855460053956,0.0693475728082643,0.9060676948520904,0.4867593274669265,0.5764961890504989,4.4446753334623885
s2_rgb,s2_bev,20.0,-6.887396734480059,0.3,2.854735521511431,6.429978363980233,-0.9796483361184604,0.8556339635491641,0.995935046977332,-65.48761990738134,47.2221021166708,3.969483289502096
rgb_1694975843,bev_1694975843,0.8919315900905561,0.160841101438613,0.1684806072441251,0.1575848314965607,0.9590503461860552,0.8982959307003223,0.003802656253269,0.9203267563139425,0.913298953882507,0.755253401046008,3.4912813163546
rgb_1720225755,bev_1720225755,-7.248677008666737,5.3772569021832375,0.1593954299281511,-1.4911065625864932,-1.3439084309426337,0.4347927844178745,-0.3819712678686375,1.336572291809382,-24.79417999303644,54.29518276456376,2.54586357119906
rgb_1694890947,bev_1694890947,0.947437996978,0.6084132360331321,0.1735955873919611,0.3110127295441324,0.648582532120373,0.0631045646655126,0.454556055867262,0.5116368503101087,0.8618127042049074,0.9785085176831966,0.0
rgb_1720239727,bev_1720239727,-11.331175495668468,-1.2549635535758554,0.1596176792253844,1.4724921916567195,2.1245742220291,0.4862132259869667,-0.5816016418899919,1.0160248078432434,87.89077345005677,43.67257892722832,0.0
rgb_1720173935,bev_1720173935,19.04164556098945,-7.25845846484717,0.1533477639552684,-0.5666638343582733,6.472771966809887,-0.3866839179343616,0.9971216936175538,1.1134070656910349,64.43871037960605,24.326811465192343,4.001843476877638
rgb_1720223024,bev_1720223024,-6.995095460999943,5.3772569021832375,0.1594403355670541,1.180996717409336,-1.521000435892356,0.4347743336207439,-0.4230180822347407,1.3085475193753746,-25.118951960728424,43.073478104365925,2.4680708504181528
rgb_1720243132,bev_1720243132,-11.331175495668468,-1.2549635535758554,0.1644941629957897,1.468491152078407,3.169048606834295,0.4870905346018266,-0.7272823127812648,1.0152879320970354,87.96140371410209,31.615047715825984,3.732209988916592
rgb_1694982145,bev_1694982145,0.8366431475201427,0.3097418018614314,0.4665009348750605,0.8497814170703896,0.7209473421756585,0.8156293373022889,0.4274707838821644,0.8172723936105354,0.7544564729244916,0.8350077274767843,3.9121774166663448
rgb_1694844725,bev_1694844725,0.8096528366244125,0.1235350515496011,0.1217925242582179,0.8963615098120821,0.3470361949570426,0.1789065414357619,0.7933499493839606,0.5404526089158798,0.9403976032640822,0.9179101701589828,3.50006969071493
rgb_1694917180,bev_1694917180,0.5614577779021928,0.0615103356385136,0.730444271076968,0.8714184207881657,0.410258886935042,0.2440055680850892,0.2020807001730975,0.6134512898177298,0.8327419568766695,0.4127004067547752,4.806894003416724
s1_rgb,s1_bev,-3.6606355787802016,16.308627550863367,0.0,-10.0,-7.0007761133599935,-0.4544596591967312,-0.9875846762894124,1.370106906233734,14.857725000223368,58.85628194514278,0.0
rgb_1720127635,bev_1720127635,-11.3244708409206,-0.4517766327920753,0.1623359487403748,2.543193181885768,1.8856229780469047,0.4865365632335641,-0.4401263668660845,1.0160196946019011,87.89077345005677,43.86254307599272,0.0
rgb_1720221046,bev_1720221046,-7.248677008666737,5.3772569021832375,0.1593954299281511,-1.4911065625864932,-1.3439084309426337,0.4347927844178745,-0.3819712678686375,1.336572291809382,-24.79417999303644,54.50874722500853,2.5465377487328085
s3_rgb,s3_bev,11.87561030803422,-1.5155167350407304,0.1078591132798512,-1.7931522591211504,-4.7822799862624565,-0.5967898093360335,-0.2691431799274609,1.3009513391669874,89.24592805924215,9.383677589112915,3.1130429542106324
rgb_1720234840,bev_1720234840,-11.331175495668468,-0.4517766327920753,0.1596176792253844,2.5843378817484304,3.293968731093329,0.6296823492759536,-0.422618125038848,1.0088682761859795,87.89077345005677,43.67257892722832,0.0
rgb_1720141029,bev_1720141029,-11.331175495668468,-1.8283182891558525,0.1596176792253844,1.581262177902257,3.1285711205473667,0.4798710441004283,-0.5837076787446813,1.008499742613944,88.21652564893253,43.67257892722832,0.0
rgb_1720171777,bev_1720171777,15.67093067890361,-5.012043538150234,0.185814847257915,0.7192605302980848,6.980652140790337,-0.2797086991546921,0.8473477608572704,1.0785505579250232,58.10414617265482,24.19432076849085,3.806006846375241
rgb_1720141593,bev_1720141593,-11.330615939975514,-0.4517766327920753,0.1276907565549564,1.469330557220328,3.122327310775839,0.4821422712576761,-0.5896807659688591,1.0148785429144207,75.79262813986625,43.67257892722832,0.0
rgb_1720222584,bev_1720222584,-7.24779469466424,5.3772569021832375,0.1593954299281511,-1.5440478476733652,-1.5114396353048072,0.4347927844178745,-0.4197742819598083,1.344012852247455,-24.79417999303644,54.29518276456376,2.451326810100748
rgb_1694823208,bev_1694823208,0.3978423292395441,0.981725625970288,0.1329302729384691,0.9359338911610312,0.6702997675664014,0.6829785952457407,0.504922386626534,0.9872340254641944,0.9786113802966978,0.1527346120726368,4.013669743879593
rgb_1694833346,bev_1694833346,0.9850678015745348,0.0638843003769398,0.2925990057365362,0.7959439283299562,0.5462833793399633,0.9304314434059884,0.0074033189401462,0.2628834750641181,0.882245879645659,0.7681154028823477,3.2266746932216863
rgb_1694957302,bev_1694957302,0.6242488619259177,0.4049086433252968,0.1228656480289311,0.9737041285952586,0.8782044287913477,0.2994871472295728,0.5116744669473151,0.7825288938827186,0.2537794801020965,0.8202710216917274,3.5000119778388
rgb_1720176892,bev_1720176892,18.89193409367232,-10.02793074499621,0.1597917910981891,-0.566650879918468,4.787766740814769,-0.3868542041727874,0.9919544647242748,1.068996602911806,67.11249885350728,24.25615563868754,3.9894563169202457
s1_rgb,s1_bev,-3.6606355787802016,14.722955145118732,0.0170842824601366,1.3756104726391776,-7.0007761133599935,-0.4544596591967312,-0.7329475257452798,1.118140875512541,14.857725000223368,100.0,0.0
rgb_1720222628,bev_1720222628,-7.248677008666737,5.3772569021832375,0.1655681631473637,-1.4911065625864932,-1.3439084309426337,0.4347927844178745,-0.3819712678686375,1.336572291809382,-24.79417999303644,60.19483639881618,2.546784483173328
rgb_1694822933,bev_1694822933,0.1467924158402191,0.5780574383588372,0.4007247255596352,0.045867250579038,0.9467291695651726,0.5617762300974235,0.260197487081909,0.5354153112681642,0.4668793225598632,0.988736139424233,6.518317446679691
rgb_1720173331,bev_1720173331,19.0347565603358,-10.043622519283693,0.1804140564167563,-0.5665807566285839,6.472771966809887,-0.3866837917349193,0.9976772594025876,1.1125240001889891,64.44188651465629,24.326811465192343,4.001734951537345
rgb_1694833898,bev_1694833898,0.493514208338996,0.48560677675947,0.9593124321867348,0.0621435523995215,0.9692221190617498,0.3007941267470772,0.3787208167297613,0.2575302020518486,0.2157878902549944,0.4232155546475642,3.5023304504088406
rgb_1694942860,bev_1694942860,0.6270667689971493,0.2989220341741861,0.2696287466613782,0.5212972653981356,0.9842512336989332,0.4173006088417476,0.2378065022929919,0.3456500707147655,0.3741816372379777,0.7200106531870621,3.500896051917955
rgb_1720235120,bev_1720235120,-11.33195758970739,-0.4517766327920753,0.1276751275420242,1.4654176171636184,3.122327310775839,0.4821422712576761,-0.5896807659688591,1.0148785429144207,56.96023109608132,43.67257892722832,0.0
rgb_1694977634,bev_1694977634,0.9273511228497344,0.1548358022740751,0.6455937761582141,0.1718068976359089,0.6961719181005955,0.2691949976686789,0.6619535953217334,0.5571570564301568,0.5083080747604178,0.2206900838518064,3.499930240396463
rgb_1720151285,bev_1720151285,10.749760035193404,-4.158336001217535,0.1210811265674365,-5.653385471677152,2.7763638997211046,-0.492450331722876,0.9680551897516504,1.031699742690982,-1.1628921395584229,23.292097821757952,0.0
rgb_1694943463,bev_1694943463,0.6940358837916413,0.3265821520744231,0.8721350818574117,0.1689044644190424,0.1359229373688192,0.4906490627460521,0.4318349871737045,0.963820492366018,0.2201326630914205,0.4659825917706532,0.0
rgb_1694955835,bev_1694955835,0.6603299670912041,0.7747058908751783,0.9104947612288554,0.7203987615213043,0.4353465001413474,0.8600840884174604,0.1167533648949498,0.2833652984006228,0.2937111843409353,0.5969224146952326,3.9121774166663448
rgb_1694827875,bev_1694827875,0.8032911809216121,0.4364095205400892,0.9506390239808452,0.962225839173573,0.1004185992598182,0.7152046347789099,0.5009506480569482,0.0919508646222111,0.5630030968480884,0.2663734901828332,3.499840761662829
rgb_1694905909,bev_1694905909,0.1012064584073495,0.2645630120314077,0.2606947385596934,0.5895102468862345,0.7964653472934561,0.1653826274567392,0.8764476150378614,0.9623840644960232,0.3645247747455401,0.7023430917297456,3.188255910884014
rgb_1694870729,bev_1694870729,0.9560097386007672,0.6036418946100135,0.7849494097510393,0.5539472522436893,0.541640909900274,0.5848818409952163,0.305490782724538,0.3638975096811141,0.430300381305705,0.3581630807927319,3.499993959070691
rgb_1694872089,bev_1694872089,0.1284774389777087,0.2262409786516701,0.4131972033103037,0.0541296583560857,0.7428467438141814,0.4433104989091182,0.4693223840452959,0.4003963096582819,0.6757192386389318,0.7782731461092801,3.5000247722363342
s2_rgb,s2_bev,8.484383855046318,-10.644585630473207,0.1734429629347058,7.705276266795359,8.155460595051128,0.6320150590143248,0.9779805690701784,1.2651805009883803,63.73409761693439,71.44101495469081,0.0
rgb_1694845388,bev_1694845388,0.6121693948839971,0.4577507146726886,0.1675616151252338,0.9676720203615204,0.9619017925379324,0.3405156772171748,0.8866519528287596,0.1351299003683724,0.2167814382325106,0.4826939050310163,0.0
rgb_1694917002,bev_1694917002,0.8553490417280994,0.3348173159958431,0.2083583376517811,0.7566094174595819,0.2870317977048555,0.7141092835421292,0.3931654573736077,0.1255859997630285,0.4045806572175352,0.3532110455175929,5.646755275727065
s2_rgb,s2_bev,8.41997730612583,-12.944281833738485,0.1734637083224667,7.716476422755193,7.337448118422407,0.7504477144007147,0.9714789327065168,1.2411379624763983,60.71559207016546,75.94734684324519,0.0
rgb_1694838573,bev_1694838573,0.4079162977399005,0.55998605569203,0.4868733162167081,0.3504506379996575,0.1802947458285746,0.4375617495262903,0.0265425803711562,0.7473792021355107,0.4337426697860602,0.063275449881784,3.499941826580665
rgb_1694843345,bev_1694843345,0.2182297094315903,0.3293032482359664,0.2870001726148687,0.9494523561595384,0.8684828462028306,0.8272189111320808,0.3254620820910712,0.4364449348903558,0.0906206810696992,0.1177825568650668,6.137933929391165
rgb_1694874762,bev_1694874762,0.6145147289838527,0.2808383899921985,0.5392941389041965,0.2222871028875425,0.6393750468225111,0.8645413092819616,0.8088884281487623,0.7386204281043726,0.5433353945288272,0.104875924108582,7.614472318011183
rgb_1720152731,bev_1720152731,10.533720847015662,-4.117966043445467,0.1210811354208839,-5.653385471677152,2.8086319443921486,-0.4782944935796624,0.9680566440963858,1.0310775648889774,-1.1628921395584229,23.292097821757952,3.133310551549192
rgb_1694829032,bev_1694829032,0.3307860291505367,0.7655060484251917,0.7194637652191912,0.899414839610875,0.4916457054636735,0.6176082631634024,0.5219107214389825,0.8187481674080529,0.1193115351499766,0.1326735827504768,7.330784562318656
rgb_1720211528,bev_1720211528,-6.861935919951208,5.753018543371734,0.1510123138363167,-1.6469496827646957,-0.910844893208484,0.4254640916191408,-0.0960695754825158,1.3515690949743178,-24.43669900027016,53.14646599598788,3.528261262127752
s2_rgb,s2_bev,8.41997730612583,-12.987276930224814,0.1709465849945203,7.721068513542516,8.129668921400068,0.7504477144007147,0.9718111458848336,1.2380656829514454,60.371458280067465,67.89769309025687,0.0
rgb_1720175833,bev_1720175833,19.49417445642588,-10.021693461251262,0.1832831341181733,-0.5652194214262192,6.144651595718351,-0.3843397905594879,0.992039613009259,1.0638227597786591,64.4273660522505,25.783952367003383,3.998889778196629
rgb_1720230508,bev_1720230508,-7.248677008666737,5.3772569021832375,0.1537447505611159,-1.4911065625864932,-1.3439084309426337,0.4347927844178745,-0.3819712678686375,1.336572291809382,-24.79417999303644,54.29518276456376,2.547311175220927
s1_rgb,s1_bev,-3.6606355787802016,20.0,0.0342574494499288,1.3756104726391776,-7.0007761133599935,-0.4544596591967312,-1.0,1.170268535087009,14.857725000223368,100.0,0.0
rgb_1694943149,bev_1694943149,0.3472968394286178,0.3408060866595824,0.7640115363424016,0.185957837182747,0.2311037989247722,0.7797785912579926,0.4497142248952889,0.5859300612839018,0.0164715496814102,0.2797850025994287,2.79925425209732
rgb_1694943058,bev_1694943058,0.9789948592009676,0.12868883509942,0.429870122980787,0.5043726445589897,0.7119378481280786,0.4938348969874089,0.0072094544018376,0.2347266675533899,0.7271922922249475,0.6853679414492482,4.8662525416991285
rgb_1720175229,bev_1720175229,19.050687367058494,-5.551803891851698,0.1533477639552684,-1.8070212902285243,8.105470348866913,-0.0361764426210159,0.9987795575915372,1.194884333335365,50.68300145034857,24.648131506441697,3.9999816373980654
rgb_1720176585,bev_1720176585,14.84234602143227,-7.171535915376401,0.1590675256188267,-0.566650879918468,4.7206195864302565,-0.3878999905673445,0.9919163056855772,1.0689882742540675,67.11249885350728,20.61917505396198,4.0015526344136925
rgb_1720244853,bev_1720244853,-11.20491968485168,-0.4517766327920753,0.1238012914251377,1.4692887616385626,3.1699498795432284,0.4814799234042284,-0.4095681592884369,1.0150769995101374,87.87337596603567,43.75437700508703,0.0
rgb_1720211046,bev_1720211046,-7.248677008666737,5.3772569021832375,0.1541894856111291,-1.4911065625864932,-1.3439084309426337,0.4347927844178745,-0.3819712678686375,1.336572291809382,-21.48330763217293,54.29518276456376,2.542114706600374
rgb_1694845755,bev_1694845755,0.7466124809702186,0.619955959877505,0.9916092593695488,0.491437178743905,0.1962331543481383,0.3719823875937298,0.5471814467725059,0.5320407615384775,0.7832184638557486,0.5823820116333732,0.0
rgb_1694923278,bev_1694923278,0.0664264290932864,0.5922200778644632,0.166012506345611,0.5952808202523463,0.9313849083517132,0.3292076939827545,0.1919071523813406,0.5759707842651781,0.790945137440463,0.2490644938887533,3.500009520265764
s2_rgb,s2_bev,8.41997730612583,-13.123123769927991,0.1709465849945203,6.876237976799308,8.129360923438101,0.7504477144007147,0.9718111458848336,1.2380656829514454,60.72384562087419,67.89769309025687,1.644905673486028
rgb_1694979078,bev_1694979078,0.6269135772297435,0.8842436372598467,0.1919061585386794,0.9644614532750012,0.551875265025813,0.7220507298072004,0.6802739379117254,0.9823103432274832,0.3209683860878753,0.4542961185099874,7.000001922542907
rgb_1694839576,bev_1694839576,0.1644221552937959,0.4105894655352381,0.669891529419988,0.9822069059130568,0.5337665583292054,0.6904943365287103,0.8717211387826398,0.6794602688076073,0.8400885954603332,0.8940983525382703,3.4992248291947368
rgb_1720238926,bev_1720238926,-8.810340629062527,-0.4517766327920753,0.158306996335106,1.2050681463680757,3.1741883768517525,0.486551606520099,-0.4401263668660845,1.0160080684615274,87.89077345005677,43.75437700508703,3.4197714974832087
s3_rgb,s3_bev,3.965124246143468,4.0186057703139255,0.0487718041338835,8.61111111111111,-3.625072662215352,0.2965583824028528,-0.7262624258328381,1.4275694160548416,74.22436459246273,82.51197455303017,0.0
rgb_1720130414,bev_1720130414,-11.330615939975514,-0.4517766327920753,0.1276907565549564,2.562556104577244,3.122327310775839,0.4821422712576761,-0.5896807659688591,1.0148785429144207,63.01404229871184,43.67257892722832,0.0
s1_rgb,s1_bev,-0.4365984304321913,16.982661026672183,0.2774955327561291,6.484620348126949,-1.4674748511805706,0.6706075398420168,0.2495522524063336,1.0393938687447215,38.16702310929446,26.04883698006677,2.9845070063311554
s3_rgb,s3_bev,3.2035827392130543,6.563135032400439,0.0487718041338835,10.0,-3.625072662215352,0.1775107633552337,-0.7262624258328381,1.43,74.22436459246273,89.8379818790375,0.0
rgb_1720240649,bev_1720240649,-11.099410494935569,-1.2549635535758554,0.1236875561651764,1.4724921916567195,3.137867068142718,0.4820375541221442,-0.7272823127812648,1.0160248078432434,87.83309151015206,42.08566772348112,0.0
rgb_1720124941,bev_1720124941,-11.213425241193988,-0.5197222262825747,0.1238012914251377,1.469086005330091,3.17812815609107,0.4814102460789051,-0.4086157629549638,1.0150769995101374,87.8369194192152,42.13373112308938,0.0
rgb_1694941954,bev_1694941954,0.2347593830325377,0.8291733339470199,0.5310146664851387,0.7148186047605752,0.3575119473594869,0.4778813321132245,0.5274898249063888,0.9889654125230576,0.0799092539294485,0.8499082365680578,4.299251593308935
s2_rgb,s2_bev,-8.098329250121402,19.76411527813481,0.2889967857643346,-6.688298870547423,3.2359231842787284,-0.2877073592581665,-0.6967945228625816,1.336665166841397,12.928355612671568,29.01872392848492,4.343154731584539
rgb_1694949658,bev_1694949658,0.3108940030480382,0.204482112703528,0.9866857958698356,0.6667114358961147,0.6454926914098437,0.5224549022255579,0.0982925768008252,0.5107656977180696,0.4335417927790678,0.7351798160964698,5.222977836420852
s3_rgb,s3_bev,11.875610053790968,-3.992120144558687,0.0982387174071734,-2.4194596486876474,-4.514008090116604,-0.4318960882032552,-0.3079009331311853,1.3043557145089142,89.24621322940973,19.749059465129648,3.530158810717507
rgb_1720212452,bev_1720212452,-7.248677008666737,4.199017459538148,0.1537447505611159,-1.4911065625864932,-1.3439084309426337,0.4347927844178745,-0.3819712678686375,1.336572291809382,-24.79417999303644,54.29518276456376,2.543745664606228
rgb_1694954195,bev_1694954195,0.9543931386513304,0.7102662037684191,0.9984880443123904,0.274289821350109,0.7688403041771505,0.5985971277280647,0.2648615305615791,0.5456782702596852,0.8225424084696098,0.5289270036911213,3.500818023010261
rgb_1694873126,bev_1694873126,0.129874424992346,0.5902248008264254,0.1871855493961723,0.6116271059426132,0.8799583192520967,0.3732301900250274,0.9698922450389068,0.7653184206302559,0.6681363032394043,0.375668739432295,3.5006851941264485
rgb_1720222981,bev_1720222981,-7.248677008666737,5.3772569021832375,0.1593954299281511,-1.4911065625864932,-1.3439084309426337,0.4347927844178745,-0.3819712678686375,1.3016065770462766,-24.79417999303644,63.57671945687024,2.5106673548977616
rgb_1694924221,bev_1694924221,0.9006092347768002,0.7683635404763984,0.0715558301936846,0.7589674833627031,0.2693229429752365,0.2863368610424849,0.2336000674620578,0.8081241156837132,0.1303773600270865,0.3835385406143753,3.1480872862646
rgb_1694925233,bev_1694925233,0.0491084785041161,0.0358548266634657,0.9368103632281354,0.0133992933633479,0.7157828634008407,0.429953384364628,0.1630027650000173,0.4425644908368642,0.0560274094169546,0.2509114198812242,0.0
rgb_1694976554,bev_1694976554,0.2060010053196364,0.224746634448033,0.125572463439836,0.980692675469143,0.7077798287020197,0.6084363498078594,0.3741962258230856,0.6702752448807743,0.2689041866388456,0.5427659859359423,3.2632902415088614
rgb_1720147646,bev_1720147646,14.770714577914084,-3.753559132337273,0.1142760950910892,-5.653385471677152,2.814923194980519,-0.7072694274580312,0.9680344710039016,1.0341056012446403,-0.6391407591239897,26.89666165069156,0.0
rgb_1694944490,bev_1694944490,0.0504472121606816,0.8234107407180112,0.9625278822209072,0.5342151019629267,0.0496105371336612,0.7847164942697471,0.9239473245400798,0.9746687432147852,0.6293829743687732,0.3214371204523715,5.77152666241424
rgb_1720164259,bev_1720164259,8.852649461323683,-4.239013483440356,0.1165716814228376,-5.653385471677152,2.7579438907462546,-0.7152037647810582,0.978405878131848,1.0328589456299269,5.919481164833698,24.785445203414387,3.5600634509652416
rgb_1720154786,bev_1720154786,10.749760035193404,-4.04180899154472,0.1210811354208839,-5.653385471677152,2.8086319443921486,-0.7041745618220724,0.9680551897516504,1.0217687135483489,-1.1628921395584229,23.292097821757952,0.0
rgb_1720176660,bev_1720176660,19.03918449430109,-7.263087605066174,0.1607643164988423,-0.5666638343582733,6.472771966809887,-0.3866827670115036,0.9971066771182466,1.1124992668554956,64.31045890317154,24.326811465192343,3.988659763689338
rgb_1720257893,bev_1720257893,10.641562435583468,-3.753559132337273,0.121523371954979,-5.653385471677152,2.7366101839044266,-0.7072694274580312,0.9670298779844168,1.041584944404417,-5.086662504649212,18.41240233403594,3.388323403932478
s2_rgb,s2_bev,11.63198870504868,-9.21180224182722,0.1734233910740375,7.705693677428722,7.4392754762730435,0.6317236444244725,0.9734244183734077,1.2388686184199749,63.70300053723605,71.57891274338589,0.0
rgb_1720263492,bev_1720263492,8.201514113411854,-4.590540719782153,0.1137815898492992,-5.653385471677152,2.806224557797295,-0.7072694274580312,0.9680344710039016,1.0332283211648312,-0.98795233463062,26.89666165069156,3.12941587687569
rgb_1720153404,bev_1720153404,10.666549098943882,-3.7749322605351097,0.1222527484740478,-5.653385471677152,2.736267954855464,-0.7141260503628248,0.9553021934201984,1.031699742690982,-1.1628921395584229,18.76370820932376,3.6526911316316912
rgb_1694923072,bev_1694923072,0.8490075708820757,0.5850604287460341,0.1143316040011884,0.6576731809115889,0.1239345207310704,0.3135653665950092,0.6787412576444962,0.4270992151342451,0.3700551066097578,0.6029211074260628,3.500728744217851
rgb_1720232320,bev_1720232320,-7.248677008666737,8.361484997174607,0.1593954299281511,-1.4911065625864932,-1.3439084309426337,0.4347927844178745,-0.3819712678686375,1.336572291809382,-22.51265364993484,54.29518276456376,2.5434444699670484
rgb_1720247137,bev_1720247137,-11.331175495668468,-1.2549635535758554,0.1596176792253844,1.472365518273664,3.1256187372899795,0.4862132259869667,-0.7925890326976007,1.0149659045323918,88.25792104689893,43.753818032639,0.0
rgb_1694897304,bev_1694897304,0.5715611340274288,0.8880857192985512,0.1550343269808588,0.2333361932321814,0.0505318958373357,0.5642137570749476,0.7172811863612204,0.2539722717637287,0.2564272615416684,0.6576315628331886,3.4999414337151475
s2_rgb,s2_bev,8.418427248113899,-12.831746223375282,0.1734643285920269,7.716476422755193,8.155460595051128,0.640683083938772,0.9735665966175636,1.241106067802574,81.52450023920069,71.5864431813023,0.0
rgb_1694977282,bev_1694977282,0.2183105566086627,0.6281580843614604,0.4739071464857605,0.2994573534585736,0.4137783298565087,0.6363698893195864,0.1769673346221204,0.0552895924016391,0.0675008236666514,0.3162741191934942,0.0
rgb_1720176131,bev_1720176131,19.447953236205866,-10.018853383215738,0.1804357183526913,-0.5652261573095156,4.697281962465514,-0.3840529193306986,0.9920387667037358,1.068988677352264,59.61829867581659,24.434803692523648,3.987505481813749
rgb_1720251741,bev_1720251741,-11.331175495668468,-1.2549635535758554,0.1596176792253844,2.8805020339849907,3.15871693075807,0.5065946880768433,-0.6057547982889661,0.97597999966607,87.89077345005677,43.67257892722832,0.0
rgb_1720250339,bev_1720250339,-11.809561997496106,-0.7680797808662803,0.1704201806485828,1.4783852904604409,3.160239252923729,0.5143647501317774,-0.7284959470052361,1.008499742613944,87.89077345005677,43.60891346627699,0.0
s2_rgb,s2_bev,7.800250051482448,-10.441553815886472,0.1739454188030362,6.259809981928908,7.6978916671246145,0.7649717289712751,0.8512422524412729,1.2186329691900193,65.79106370139328,68.16109623074996,2.738119995747851
rgb_1694873980,bev_1694873980,0.2181360573059629,0.8889478176857397,0.6566955959089533,0.2164314109573014,0.6053958299030239,0.6075458966306703,0.8366730101019907,0.0153533636533469,0.8517228961284599,0.3732992665543144,7.7181401103647636
rgb_1720185223,bev_1720185223,17.65019488928067,-10.000848847266836,0.1882008687852149,-0.5651344579152653,6.144651595718351,-0.3870717953602743,0.9920387755589428,1.06340823450466,59.57068233422558,25.130278573381386,3.819510609832292
rgb_1720256471,bev_1720256471,8.175962361145817,-3.753559132337273,0.121357105341924,-5.653385471677152,2.806224557797295,-0.7072694274580312,0.9680344710039016,1.0338350801672882,-0.98795233463062,26.89666165069156,3.1658077022083213
rgb_1720215017,bev_1720215017,-7.248677008666737,5.3772569021832375,0.1593954299281511,-1.4911065625864932,-1.3439084309426337,0.4347927844178745,-0.3819712678686375,1.3576069227680052,-24.79417999303644,54.29518276456376,2.5317749421864355
s2_rgb,s2_bev,20.0,-6.887396734480059,0.1695652173913043,6.686153146032503,6.429978363980233,-1.0,0.8556339635491641,0.995935046977332,-50.48761990738135,0.0,0.0
rgb_1720142994,bev_1720142994,11.64033603831892,-3.664608262924883,0.1214762021691585,-5.653385471677152,2.808942568385337,-0.7074777616376038,0.9680344710039016,1.0210597310797913,-0.3778381806470747,18.49954195682225,0.0
rgb_1720130052,bev_1720130052,-11.331175495668468,-1.2549635535758554,0.1596176792253844,2.8805020339849907,3.15871693075807,0.5065946880768433,-0.5896807659688591,1.0160248078432434,87.89077345005677,43.14447128575137,0.0
rgb_1694916827,bev_1694916827,0.5564400182780375,0.0130441289640245,0.8151735115554123,0.4211204125977679,0.3263132634854087,0.8764837087363763,0.7459425519940875,0.3012617287730714,0.7751820055231372,0.9985922227785164,6.786779473103597
rgb_1720139822,bev_1720139822,-11.191638316931195,-0.4517766327920753,0.1238012914251377,1.469288192127136,3.1699498795432284,0.4853045156417581,-0.4401263668660845,1.015063889675219,87.89077345005677,43.83669335107095,0.0
rgb_1694913181,bev_1694913181,0.910889782829888,0.9098510337276596,0.1436745235959404,0.0058575087404189,0.6063168611189599,0.033400952847711,0.8729097271392144,0.0473423154717066,0.6111225515526661,0.911293834579566,5.894584417451758
rgb_1694844262,bev_1694844262,0.544753135549165,0.0047301798426931,0.207651985150482,0.4223103003267979,0.1575097180000607,0.461515208128574,0.1281164722588464,0.5358922448193256,0.6558546341911798,0.1750987830372939,0.0
rgb_1694844631,bev_1694844631,0.5381194104920362,0.9501902262060934,0.0796997774020057,0.5773671099551279,0.7672038933648019,0.3925565799456152,0.7755385867283187,0.9716622130808618,0.0360192209011033,0.3686461138786893,0.0
rgb_1720163742,bev_1720163742,7.81583457886558,-4.154168606720251,0.1137910568803498,-4.045376787586327,2.806224557797295,-0.7652614680636907,0.9680543486816496,1.0209261808997958,-0.6752072677785463,19.910428330708875,3.5497424447881225
rgb_1694952405,bev_1694952405,0.3963192646037579,0.0685773368508194,0.577534975589816,0.8099939061388826,0.4209554667183273,0.5569421549760507,0.9691477734030414,0.8016700557592032,0.3383396783013049,0.4807874872734199,7.304109132932104
rgb_1720161243,bev_1720161243,14.920470979809714,-4.224616819109322,0.1059456292298101,-5.653385471677152,2.818545801558068,-0.7147044094512425,0.9497796280050153,1.0307489977202815,8.874144304050091,21.95846905128509,3.623872933896071
s3_rgb,s3_bev,3.965124246143468,4.0186057703139255,0.0487718041338835,10.0,-3.625072662215352,0.2965583824028528,-0.7262624258328381,1.4275694160548416,74.22436459246273,82.51197455303017,3.498890246818924
rgb_1720228172,bev_1720228172,-6.995095460999943,5.3772569021832375,0.1537176615071983,1.180996717409336,-1.350135965077925,0.4347743336207439,-0.4274528321758957,1.3688852447673567,-22.52972759767127,43.073478104365925,2.4819064185803144
rgb_1694869662,bev_1694869662,0.8572667066390455,0.0339218322642971,0.4632341729352314,0.3912242043186574,0.4231986916116512,0.8853234554695533,0.9409488348176396,0.2451269072624533,0.3360603554932683,0.8903112990458152,7.357259045777063
rgb_1694986603,bev_1694986603,0.0885799618304664,0.2150661593851219,0.2153271284118968,0.6130968187846649,0.7547833251527135,0.7687068179278854,0.6553133477719665,0.566706693869202,0.8858909808986193,0.826362857594946,6.999982475666024
rgb_1694846126,bev_1694846126,0.3844425106701997,0.8484102641204856,0.18327380874587,0.034443167971548,0.0099518226199858,0.941416091014546,0.2977901625278527,0.891602860303508,0.475783888014359,0.5747014214621765,6.071962934802436
rgb_1694900475,bev_1694900475,0.2077192176156962,0.3477753205904682,0.5165811607551797,0.6577058757564159,0.8616076899019532,0.1384777003615211,0.654220353487269,0.3057602989374197,0.625819844112519,0.1982333972699859,5.966544819095352
rgb_1720219016,bev_1720219016,-7.248677008666737,5.3772569021832375,0.1798670087180744,-1.4911065625864932,-1.3439084309426337,0.4347927844178745,-0.3819712678686375,1.336572291809382,-24.79417999303644,54.29518276456376,2.542496791419417
rgb_1694942193,bev_1694942193,0.7307110616918112,0.8350724484277646,0.0256233381332721,0.9122197435353676,0.5416392731246017,0.2890289503441275,0.4796325577770677,0.1047709781726149,0.3231073492235145,0.565479153417693,5.594773740028979
rgb_1694869492,bev_1694869492,0.1168791622515731,0.2890754084233968,0.5394461536374233,0.4260170700963324,0.4569203179233816,0.7674340552402672,0.3785316929670169,0.4020008876646658,0.1528794185396497,0.8928948099825479,7.001628761695848
rgb_1694868631,bev_1694868631,0.204386351834206,0.0791053404509299,0.9043722617263732,0.0335974822390955,0.6466734014928855,0.7000408813511575,0.0405138775955018,0.6201726246808071,0.2438265481496571,0.4285725594692303,7.704119933944115
rgb_1720242331,bev_1720242331,-11.331175495668468,-0.4517766327920753,0.1596176792253844,1.4724921916567195,3.15871693075807,0.4814799234042284,-0.5454620192414873,1.0088682761859795,87.89077345005677,43.67257892722832,0.0
rgb_1720227600,bev_1720227600,-7.24779469466424,5.3772569021832375,0.1593954299281511,-1.5440478476733652,-1.5114396353048072,0.4347927844178745,-0.4197742819598083,1.3395630933678846,-24.79417999303644,54.29518276456376,2.445609315262382
s3_rgb,s3_bev,3.965124246143468,6.563135032400439,0.0487718041338835,10.0,-3.625072662215352,-0.0269882141498787,-0.7262624258328381,1.4275694160548416,-0.2516773560087415,85.78422586193071,0.0
s1_rgb,s1_bev,-3.6606355787802016,20.0,0.0,1.3756104726391776,-8.253908945440196,-0.4544596591967312,-0.635036496350365,1.401123654912717,14.857725000223368,94.89412177013908,0.0
s1_rgb,s1_bev,-3.6606355787802016,20.0,0.0178997613365155,-1.259435640667805,-7.0007761133599935,-0.2572210004196108,-0.5994139474710578,1.118140875512541,37.73895547226576,84.91408184997937,0.0
rgb_1694871146,bev_1694871146,0.4788692243784517,0.774410734945571,0.5698514743934985,0.4227476569498786,0.991637091882845,0.604695022205456,0.3695803656178126,0.7532708599498537,0.0240591392903219,0.0474409032230571,7.558878888622802
rgb_1694912767,bev_1694912767,0.7136138241392639,0.6107390602983339,0.105320691157285,0.3793408336891004,0.2233894270414319,0.971263116579732,0.1732964298876169,0.9666611581394988,0.0147984266470627,0.779321439736578,6.077539900566159
rgb_1694977124,bev_1694977124,0.6761158495730709,0.6642530305413972,0.2127892208952574,0.3556502312606843,0.5820721602295752,0.4745709758205997,0.7415117514554386,0.3403215797877604,0.4945033305456814,0.7160623215458107,3.3237407132075565
rgb_1694898892,bev_1694898892,0.7097874733880565,0.1680840556182878,0.8298537301475121,0.3382097485078557,0.0906101489889109,0.8365291143511338,0.910535967023368,0.1965611214581007,0.8203372931510233,0.4631876840586106,7.709937356400473
rgb_1694921398,bev_1694921398,0.7425752903395401,0.7451998746297317,0.2333917076822418,0.6721531164667014,0.1919316328211946,0.830967724926121,0.328057545031321,0.1016224280364681,0.0361550366542714,0.3886391792728177,5.430565266790087
s2_rgb,s2_bev,20.0,-6.887396734480059,0.3,6.686153146032503,6.429978363980233,-0.9796483361184604,0.5189336268488274,1.3722050461141122,-24.578528998290444,3.2565601535852746,1.556366276260878
rgb_1720139581,bev_1720139581,-11.354014562492608,-0.4517766327920753,0.1203604878003492,2.543967463204634,3.29264446542963,0.4819379601823095,-0.6260523388797081,1.0150737299811177,87.96084583224615,43.81923380143806,0.0
rgb_1720224256,bev_1720224256,-7.248677008666737,5.3772569021832375,0.1556323275018862,-1.4911065625864932,-1.3439084309426337,0.4347927844178745,-0.3819712678686375,1.336572291809382,-24.79417999303644,54.29518276456376,2.549489233975
rgb_1694905670,bev_1694905670,0.4833059160523218,0.2895609817888001,0.6343535461847677,0.9951803117323568,0.8017602077049111,0.0189463357486499,0.0562044079024253,0.4952272118116843,0.037390476380946,0.7363214384309815,3.492064558031187
rgb_1720136323,bev_1720136323,-11.330585808503448,-0.4517766327920753,0.1235073920140641,1.4690111986291845,3.15871693075807,0.6257516109808996,-0.6947346427894366,1.0160248078432434,66.38175528216362,43.67257892722832,0.0
rgb_1694892296,bev_1694892296,0.4528798411627486,0.0944447618561313,0.0604382849452367,0.501617937175814,0.1589650190158194,0.1526325150345292,0.2891867699791041,0.991177064857336,0.6569493346162055,0.979760640323836,3.50130447786618
rgb_1694979910,bev_1694979910,0.1496481828449153,0.0974379812651082,0.5521982804996047,0.0242862006218639,0.9323727398132275,0.818240340204818,0.5631337859678233,0.3968095413352527,0.9866469833198024,0.6619080889214014,3.5007243623753976
rgb_1694828889,bev_1694828889,0.0086129653080824,0.0759291726780563,0.6924017135426617,0.0334752585867221,0.6342248906816301,0.9061485101332932,0.1426780087242002,0.1693388901492679,0.4707329255641443,0.353118579907704,7.508625241630692
rgb_1720176021,bev_1720176021,19.08043200184396,-3.698080583901039,0.0936617477900397,4.616423295198171,-4.260075013123629,-0.6082889523290098,-0.96479475307825,0.979574213628268,20.75341405006398,24.386957560677605,3.964937746937408
rgb_1720136042,bev_1720136042,-9.05700513947895,-0.7424999102825147,0.1596176792253844,2.8805020339849907,3.1690287134648027,0.5065946880768433,-0.5896807659688591,1.0160552041524302,87.89077345005677,43.531546170862654,0.0
rgb_1720253205,bev_1720253205,10.590808412808885,-3.753559132337273,0.1215520228934662,-5.653385471677152,2.746656621629155,-0.5890896780935834,0.9896453707450844,1.0416985620146473,4.403694221717444,23.844134644479983,3.5646307433325526
rgb_1720137208,bev_1720137208,-11.330615939975514,-0.4517766327920753,0.1276907565549564,1.469330557220328,3.122327310775839,0.4813218153723992,-0.5896807659688591,1.014864736058858,87.56210322944432,43.67257892722832,0.0
rgb_1694985222,bev_1694985222,0.0863257987046119,0.9447866649443674,0.7194577048164309,0.4605994403180002,0.3179342120102961,0.5645596521252481,0.2604781342152621,0.1570281919076642,0.0194068525898438,0.5429120289269197,3.850936542776549
rgb_1720126670,bev_1720126670,-11.331175495668468,2.128388031997247,0.1212395473899278,1.4724921916567195,3.1557971815434644,0.4852821641839455,-0.4318730053903977,1.0159903262842311,87.87196598120372,45.84643948400278,3.103142344687067
rgb_1694943122,bev_1694943122,0.8820096738914471,0.1237118461082907,0.2600039956775415,0.7363625049729976,0.9916368286473926,0.2248313904452441,0.7510238497408874,0.6337713103224428,0.1610089565585793,0.4583459412166611,4.613443311425546
rgb_1694843252,bev_1694843252,0.9604877155401408,0.7047430531613571,0.836208251815529,0.2047701774361505,0.7737770760504171,0.4672261260474799,0.7196636703974674,0.4358950344923168,0.0358773354843,0.1243295198141398,4.46326376484696
rgb_1720140988,bev_1720140988,-11.330615939975514,-0.4517766327920753,0.1276907565549564,1.4692872032207926,3.122327310775839,0.4821422712576761,-0.5896807659688591,1.0148785429144207,63.05133444110143,43.69287287205352,0.0
s3_rgb,s3_bev,3.965124246143468,6.563135032400439,0.0487718041338835,10.0,-3.625072662215352,0.1775107633552337,-0.7262624258328381,1.4275694160548416,74.22436459246273,77.75686280790417,0.0
rgb_1694954466,bev_1694954466,0.3449853209596027,0.5625614719296088,0.1950867313530575,0.9173954191548772,0.9484629024438012,0.1696142631466077,0.1727576342091525,0.8031813502578479,0.7045466168982741,0.7758915765817886,3.5007541970791647
rgb_1720182655,bev_1720182655,19.039484427024924,-7.257178328525855,0.1533477639552684,-0.5666638343582733,6.472771966809887,-0.4041527361273908,0.9970942856778606,1.1476786352259831,64.43887833170805,14.883494122266486,4.00182461975884
rgb_1720238046,bev_1720238046,-11.330615939975514,-0.4517766327920753,0.1276907565549564,1.469330557220328,3.122327310775839,0.4821422712576761,-0.5896807659688591,1.0379867376455467,63.05133444110143,43.67257892722832,0.0
rgb_1694911734,bev_1694911734,0.4856645511855926,0.7907378861333381,0.9895551302409276,0.3805167572384642,0.7361418622166059,0.8762608431367237,0.36572787058642,0.6461322771746476,0.0286806918724341,0.5143739106462798,6.251870688217401
rgb_1694977890,bev_1694977890,0.2644737513227768,0.8538468240161021,0.3652854352209118,0.0122747673660303,0.9792343336525924,0.7051175824376723,0.2228918022258476,0.8439763151653502,0.446759193251091,0.5205789516125638,3.5000171917780443
rgb_1720231746,bev_1720231746,-7.248677008666737,5.3772569021832375,0.1593954299281511,-1.4911065625864932,-1.3439084309426337,0.4347927844178745,-0.3819712678686375,1.336572291809382,-24.79417999303644,60.211062866508016,2.5433102120445383
rgb_1720152679,bev_1720152679,11.078213327801876,-2.7242078793725355,0.1214853680670798,-5.653385471677152,2.736241752754145,-0.7073791996216658,0.9680344710039016,1.023350273852887,-1.1628921395584229,19.7298385402778,3.578409321599656
s1_rgb,s1_bev,-3.6606355787802016,14.722955145118732,0.0,1.3756104726391776,-7.0007761133599935,-0.3820649454882749,-1.0,1.1895903016485234,14.857725000223368,89.90783965272594,0.0
s1_rgb,s1_bev,-3.6606355787802016,16.308627550863367,0.1573348336122097,3.417781550810421,-7.0007761133599935,0.4366691516382674,0.1961366125415413,1.117889338609707,14.857725000223368,94.89412177013908,0.0
s1_rgb,s1_bev,-0.4473262133735574,19.808499731729725,0.2848071615236116,6.488215665430322,-0.7848930668313779,0.6726474762591759,0.2136760513436096,1.0393938687447215,29.55294394648916,25.62658971433532,0.0
rgb_1694899816,bev_1694899816,0.6894351377821518,0.4877821710823291,0.2348946275994829,0.0844093962280753,0.0936095842306551,0.4271262513538589,0.4017272387418024,0.9958838259495404,0.8507917102949317,0.7978906514380504,3.350632623064345
rgb_1720228701,bev_1720228701,-7.248677008666737,5.575306908088123,0.1494919731484715,-1.4911065625864932,-1.3439084309426337,0.4347927844178745,-0.3819712678686375,1.336572291809382,-24.79417999303644,54.29518276456376,2.545096237280396
rgb_1720236961,bev_1720236961,-11.376287429494065,-0.4517766327920753,0.1596176792253844,1.6480784887901585,3.15871693075807,0.4855705461366972,-0.6260523388797081,1.0152867399357342,82.08987636906693,45.81035182744976,0.0
rgb_1694843064,bev_1694843064,0.0578745832408763,0.1314739150106669,0.7460276888126763,0.8470515725007124,0.1928772466977136,0.4572289905472437,0.7787453331968065,0.871900509324901,0.5318292908560286,0.6500471976150631,4.59655539873232
rgb_1720155912,bev_1720155912,8.201514113411854,-4.433204898488697,0.1137815898492992,-5.653385471677152,2.806224557797295,-0.7072694274580312,0.9680344710039016,1.0332283211648312,-0.98795233463062,26.89666165069156,3.347523356647526
rgb_1720181294,bev_1720181294,19.642942148876664,-3.9889184360324528,0.1541420700361396,-0.676448385816597,4.985404036320302,-0.4465285367255255,0.998814330498894,1.193576320187132,59.50375306609692,6.960265449620406,4.000294846238685
rgb_1694836712,bev_1694836712,0.5261667945552692,0.4899430675934919,0.4826917212461581,0.1062465987369447,0.6911379540101237,0.8532929012354907,0.3045436174044087,0.5493564809147116,0.5659050353953091,0.5442523518279695,7.366741788914588
rgb_1694899661,bev_1694899661,0.674367782579832,0.8719804786336806,0.797678463583322,0.5868607539861223,0.0948586630176435,0.2192436613557871,0.5884851114213839,0.1624611530509486,0.4335544429765914,0.9316898792746088,7.653172114691434
rgb_1694986129,bev_1694986129,0.089127574357865,0.1456340727167616,0.6344964613338125,0.8824835906032145,0.8322950651737078,0.2901060048180783,0.1959875772984939,0.2310997754107152,0.8631049872278049,0.825802495666724,4.856191907546581
rgb_1694890283,bev_1694890283,0.922885565763442,0.2804872509444299,0.6701765679550533,0.4645137697560743,0.7288797758343936,0.3909080522731155,0.2021927080403914,0.6189078674132081,0.2981530958450386,0.9075235304518732,5.075848384428529
rgb_1720124579,bev_1720124579,-11.135882624451275,-0.3209255016362817,0.1596176792253844,1.4724921916567195,3.15871693075807,0.4851862273978746,-0.3995352319308753,1.0150869159172526,87.89077345005677,45.81035182744976,0.0
rgb_1694982145,bev_1694982145,0.8366431475201427,0.3097418018614314,0.4665009348750605,0.8497814170703896,0.7209473421756585,0.8156293373022889,0.4274707838821644,0.8172723936105354,0.7544564729244916,0.8350077274767843,3.9121774166663448
rgb_1720217414,bev_1720217414,-7.248677008666737,5.3772569021832375,0.1593954299281511,-1.4911065625864932,-1.3439084309426337,0.4347927844178745,-0.3819712678686375,1.336572291809382,-24.79417999303644,54.29518276456376,2.5478674003604165
rgb_1720229671,bev_1720229671,-7.248677008666737,5.3772569021832375,0.1655483543496642,-1.4911065625864932,-1.5905406213621216,0.4347910991010337,-0.3869577770990452,1.3030690031840095,-25.13370501195532,45.44907523409481,2.48108526456661
s1_rgb,s1_bev,-3.6606355787802016,16.308627550863367,0.0178997613365155,-6.0200437087207535,-8.253908945440196,-0.4544596591967312,-1.0,1.23507135826171,30.68885956486717,94.89412177013908,0.0
rgb_1694833439,bev_1694833439,0.6580050517270484,0.6961287994058426,0.6080952353955988,0.5718174560462576,0.6183876248493667,0.5833218605454671,0.6564624382341265,0.6030704085634652,0.931203851662948,0.9405598713665284,3.2266746932216863
rgb_1720252063,bev_1720252063,-11.213425241193988,-0.4517766327920753,0.1238012914251377,2.4635419500767863,3.14741730722975,0.4862739144972803,-0.7149638145501895,1.0360123249981283,87.89077345005677,43.70424885018729,0.0
rgb_1694909380,bev_1694909380,0.1461601193829972,0.0809019610962507,0.4563918204489179,0.994864802307158,0.3336700517171015,0.7820086470077241,0.7786797853441204,0.7241638932571623,0.8915698552603839,0.2547686655054476,7.645818415456655
rgb_1694922632,bev_1694922632,0.6246618561861677,0.3562230658597132,0.915585242867078,0.6517710623660692,0.0994330603122777,0.5968705140697348,0.6129840012995726,0.7435396397222354,0.4508254322193926,0.2584676570915558,5.823541234206611
rgb_1720175645,bev_1720175645,16.173595113860287,-10.771043850240758,0.1943358535616873,-1.2064146588061837,7.522521479733342,-0.2937549596846205,0.7056413163330051,1.015403948937666,49.26128104756606,25.836035879093128,3.9982313796503934
rgb_1720123614,bev_1720123614,-11.228474027132808,-0.5612146309657469,0.1230477959769667,1.4724921916567195,3.154220744372793,0.4817587725412744,-0.6260523388797081,1.0160298052942125,87.89077345005677,45.70668560328059,0.0
rgb_1694840877,bev_1694840877,0.7274204146450004,0.7130184389891047,0.008486448621004,0.8599328319495801,0.1381115557909149,0.946856769877502,0.862371830412359,0.2187182607946199,0.0422670620671836,0.0479699881858198,4.188482640703647
rgb_1694955835,bev_1694955835,0.6603299670912041,0.7747058908751783,0.9104947612288554,0.7203987615213043,0.4353465001413474,0.8600840884174604,0.1167533648949498,0.2833652984006228,0.2937111843409353,0.5969224146952326,3.9121774166663448
rgb_1694947129,bev_1694947129,0.4985804096070495,0.841399841368908,0.1298888673110434,0.8273712416994221,0.9332083504913044,0.8259685720878962,0.982024243757918,0.9239388903265028,0.6030868082853886,0.959506503727528,3.1352958143196235
rgb_1694899358,bev_1694899358,0.9586107707121309,0.170976318967819,0.4525769524995788,0.9623107891866838,0.6457574769563054,0.5125319693247654,0.8509277989236979,0.264355783532413,0.9199786326385548,0.8603309235554552,7.458900086416637
rgb_1694897769,bev_1694897769,0.2269606285382998,0.425593596965434,0.7132041540388269,0.0717497673102647,0.1221435590018481,0.3260600499666598,0.3467283034330085,0.699654743820344,0.090236165782444,0.1772180997128493,7.806768329419231
rgb_1720220562,bev_1720220562,-7.241219721228035,5.3772569021832375,0.1222872859230744,0.6977932538000609,-1.3439084309426337,0.4347927844178745,-0.3819712678686375,1.336572291809382,-24.79417999303644,54.95739019377687,2.5770044038989584
s1_rgb,s1_bev,-3.6606355787802016,7.637907315962536,0.1900145721743013,-6.0200437087207535,-7.0007761133599935,-0.4544596591967312,-1.0,1.118140875512541,14.857725000223368,94.89412177013908,3.1103219818209684
rgb_1694887487,bev_1694887487,0.0432747549699521,0.2955631837153819,0.1931888870041923,0.1062491395691614,0.3255868107563326,0.8139025990302131,0.4865193081510558,0.0568779184288222,0.7809766003026349,0.7982419492123995,5.742708464512028
s2_rgb,s2_bev,20.0,-6.887396734480059,0.3,6.686153146032503,7.319034852546919,-1.0,0.11973203004244,1.2656833069836777,76.95652173913044,47.2221021166708,3.964288704679418
rgb_1720160168,bev_1720160168,10.641562435583468,-3.753559132337273,0.1215522166963989,-5.653385471677152,2.806224557797295,-0.7072694274580312,0.9680344710039016,1.041614472677779,-0.8758334200807667,26.89666165069156,0.0
rgb_1720215106,bev_1720215106,-7.248677008666737,5.3772569021832375,0.1593954299281511,-1.4911065625864932,-1.3439084309426337,0.4347927844178745,-0.4027083052754538,1.336572291809382,-24.79417999303644,54.29518276456376,2.5206914393415603
rgb_1720264741,bev_1720264741,10.65887789244023,-3.726586350287942,0.1214853680670798,-5.653385471677152,2.736241752754145,-0.7070362202106293,0.9680344710039016,1.0219004305808277,10.311502472374356,26.89121998020621,3.56406072029405
rgb_1694874674,bev_1694874674,0.5491562584473302,0.4373937988297441,0.280258091347461,0.696424545069293,0.5098365899721102,0.9308497344380976,0.9086387388200152,0.2379269729190409,0.541820509508061,0.245283122323221,7.549164693700004
s3_rgb,s3_bev,11.87560969276047,-2.328974039657691,0.1084735921221482,-1.8867936762887447,-2.6579160172887217,-0.5860080199180335,-0.322331053439598,1.3062143117776943,89.24621322940973,32.12965706626495,3.203266282659752
rgb_1694922935,bev_1694922935,0.7172134542409694,0.9827173878418636,0.2073102886920175,0.657244319714989,0.0876437290315177,0.9154002759646512,0.6753965039483615,0.1850848497272785,0.6295117610190609,0.5413040546428752,3.4992248291947368
s3_rgb,s3_bev,12.069440232851882,12.81878634522696,0.2686739514149359,10.0,5.373686306542907,-0.967326812731105,0.5291069128259291,1.2627370991358866,8.174902676275906,82.51197455303017,0.0
rgb_1720261527,bev_1720261527,7.9423390834491805,-4.193973087170768,0.1200154095403708,-5.653385471677152,2.8071148160959467,-0.909624989491564,0.9680559028769312,0.9409822240633414,-0.98795233463062,26.89666165069156,3.5691420146601365
rgb_1720142158,bev_1720142158,-9.175090262207243,-0.7535648275962039,0.1545233749130575,1.479333738145165,3.328047125056383,0.4814799234042284,-0.600114463226787,1.0149965300877646,87.89077345005677,43.51158322099388,3.170057116642374
rgb_1720147803,bev_1720147803,7.820334475048099,-4.155623720139477,0.1141745294791515,-5.583634757954287,3.7099508427403087,-0.7046772910865692,0.9680344710039016,1.0327365182016477,-0.8960430887825765,27.131403392058584,3.5440992202175585
rgb_1720266456,bev_1720266456,15.505342129387252,-4.224616819109322,0.1225393392339078,-5.653385471677152,2.736267954855464,-0.7170110674676039,0.9680344710039016,1.031699742690982,1.953136815016407,23.70322769892124,3.654353804550909
rgb_1694980901,bev_1694980901,0.4303316715534346,0.2417364034239302,0.6728876349806442,0.7509982653654105,0.0776221385788046,0.4265176989202353,0.9578999677588728,0.936857106271632,0.7742545784999011,0.6769517811204664,3.500818023010261
rgb_1720232759,bev_1720232759,-7.382118416134418,5.3772569021832375,0.1537780702038992,-1.4911065625864932,-1.3439084309426337,0.4347927844178745,-0.3819712678686375,1.336572291809382,-19.987475268276413,54.29518276456376,2.5516370994103927
s2_rgb,s2_bev,20.0,-6.887396734480059,0.1695652173913043,5.545577155157112,8.914518317503395,-0.9796483361184604,0.5189336268488274,1.43,-24.578528998290444,0.0,0.0
rgb_1694837831,bev_1694837831,0.3282836462739328,0.8974255576208714,0.5619247103557659,0.6278483798094396,0.6125940845580112,0.2922775655049421,0.3998645345312233,0.0277224341290491,0.943732543613098,0.5118617852482988,6.906429084435158
rgb_1720228392,bev_1720228392,-7.248677008666737,5.3772569021832375,0.1594742564992511,-1.4911065625864932,-1.3439084309426337,0.4347927844178745,-0.3819712678686375,1.336572291809382,-24.79417999303644,54.29518276456376,2.548012772340355
rgb_1694889124,bev_1694889124,0.3835739720922795,0.975363105516746,0.8985154810992896,0.9525142034768246,0.6142393105807948,0.0691007991387278,0.8798944667570832,0.7247500485241356,0.0811084170437048,0.2146130293617176,3.4999871886118767
rgb_1720172080,bev_1720172080,17.54770537161758,-10.771043850240758,0.185701204538151,-1.1959566378465158,7.005315682029064,-0.3052935450952692,0.7931955866991334,1.015403948937666,50.232368302061786,40.13415389133541,3.9974170133646543
s2_rgb,s2_bev,8.420720712630715,-13.078267313869183,0.1734634505257747,7.716048141628676,8.129396100099193,0.7504477144007147,0.9737552562589308,1.2412886617762868,60.76388581004768,67.89769309025687,0.0
rgb_1694889206,bev_1694889206,0.4264273100935537,0.4324474403346328,0.5040379981328167,0.2845996363580647,0.7384125615825351,0.6416402294409502,0.1275098167709284,0.9578512993369762,0.0014972632864099,0.0308298391757666,3.4999871886118767
rgb_1694878009,bev_1694878009,0.2348115863857953,0.8935083566014054,0.1261531236620136,0.8711747447220173,0.8466110754728156,0.5801240562635693,0.7411022911495012,0.4379238001485956,0.5417324849527761,0.919312869428535,6.999956654900172
rgb_1720151949,bev_1720151949,8.852649461323683,-2.369233281946734,0.1165716814228376,-5.653385471677152,2.7372314482285205,-0.7152037647810582,0.9387305058585196,1.033261150150652,-1.3750550264578294,23.715935563697048,3.597687301008031
rgb_1720223289,bev_1720223289,-7.248677008666737,5.3772569021832375,0.1593954299281511,-1.4911065625864932,-1.3439084309426337,0.4347927844178745,-0.3819712678686375,1.3142558229823418,-24.79417999303644,58.40705011395087,2.534995934192912
rgb_1720185986,bev_1720185986,19.039484427024924,-7.257178328525855,0.1533477639552684,-0.5573068483777472,6.472771966809887,-0.4040053235043178,0.92379378128822,1.1542219318404765,55.12125027253339,22.963661592920666,3.987822122861095
rgb_1694878088,bev_1694878088,0.5159703081036809,0.2759775666676942,0.2053300107932739,0.7793880694430774,0.4288323650147251,0.1654145748646754,0.5349780629869433,0.2558453026692719,0.8099752843055645,0.1898027461616417,7.622695765873831
rgb_1694894261,bev_1694894261,0.5107550762458831,0.7067448170345424,0.6381045150960843,0.3493824538472743,0.927750147586491,0.3370689431184707,0.1398764800539862,0.4334791683107172,0.8029266546814077,0.2600568476395523,7.510757899519026
rgb_1694955435,bev_1694955435,0.740534673732047,0.4237443879010159,0.3025831630183575,0.4789075651542146,0.1257509353551901,0.1449706611100398,0.7038045205511806,0.6468159946883872,0.8474694072190758,0.1328622388377067,3.9121208716864926
rgb_1720182918,bev_1720182918,13.66066614564425,-10.000032145155997,0.1882232514530117,-0.5656632932710313,6.144651595718351,-0.3676962905777866,0.9919430603578676,1.0594613973180895,59.57068233422558,16.418649482967435,3.949298310794628
rgb_1720174772,bev_1720174772,18.97448441288575,-11.200686750564325,0.1742772387467935,-0.5651546105862231,6.144651595718351,-0.3870706712422186,0.9919483234293268,1.0629828087492827,59.562970632667685,25.777316425023027,3.989632967067676
rgb_1720145154,bev_1720145154,10.520306398703587,-3.753559132337273,0.1226241924912032,-5.653385471677152,2.8076815207525723,-0.7072694274580312,0.9529232565912596,1.0068507590293427,-0.8758334200807667,26.89666165069156,3.3254614907306834
rgb_1694916827,bev_1694916827,0.5564400182780375,0.0130441289640245,0.8151735115554123,0.4211204125977679,0.3263132634854087,0.8764837087363763,0.7459425519940875,0.3012617287730714,0.7751820055231372,0.9985922227785164,6.786779473103597
rgb_1694911328,bev_1694911328,0.0472185677779721,0.5762612847860278,0.5062032966011627,0.0498009206911566,0.5954963646177496,0.762714574506962,0.6243628162303652,0.1453621614400453,0.8087670641129117,0.641863726298759,0.0
rgb_1694892210,bev_1694892210,0.1835353028733257,0.3161492787387494,0.2703313524078672,0.0658379063659729,0.7009949848807234,0.8631667690529455,0.915349298010566,0.189117550616942,0.5963879205622566,0.1046140906451409,7.000653387968868
rgb_1720165379,bev_1720165379,15.352166524588952,-3.753559132337273,0.1224266202589478,-5.653385471677152,2.813679764898556,-0.7072694274580312,0.95259881287326,1.041614472677779,-0.6612855611520132,19.87011745693633,3.298744129980681
rgb_1720179779,bev_1720179779,15.242605241277488,-10.018735146728288,0.1597917910981891,-0.5665764138128289,6.144651595718351,-0.3868542041727874,0.9919544647242748,1.068855026811026,64.45284752806629,24.9128763526998,4.00039265235885
rgb_1720235040,bev_1720235040,-9.127826303666303,-0.4807755875505926,0.128914801585729,1.479333738145165,3.3270342492838534,0.4814799234042284,-0.3624050558452997,1.0150769995101374,87.89077345005677,53.20697734469809,0.0
rgb_1720223069,bev_1720223069,-7.248677008666737,5.3772569021832375,0.159618303127642,-1.056846832552127,-1.361897433547437,0.447706824786386,-0.3824612184942039,1.336572291809382,-24.79417999303644,54.29518276456376,2.493381162443884
rgb_1694922797,bev_1694922797,0.8004558232734532,0.9882703332772428,0.4023327930245512,0.7425486070821962,0.9377835777121446,0.7151949909672992,0.3209100745508988,0.2398108206249929,0.1054107829279514,0.6258650106706908,3.501286951009813
rgb_1720221439,bev_1720221439,-7.248677008666737,5.3772569021832375,0.1655681631473637,-1.4911065625864932,-1.3439084309426337,0.4347927844178745,-0.3819712678686375,1.336572291809382,-24.79417999303644,60.19483639881618,2.5467694008012867
s3_rgb,s3_bev,8.305623555539581,6.569626178477192,0.0487718041338835,8.61111111111111,-3.625072662215352,-0.3757395824262324,-0.7262624258328381,1.4275694160548416,13.146147956345803,82.51197455303017,0.0
rgb_1694979442,bev_1694979442,0.8405438802975351,0.116169151069042,0.7558917767964662,0.3280884431170607,0.0072919452649652,0.6396633032494433,0.3458893335928747,0.8896663627871858,0.934691543071437,0.2018009607490442,7.741883679997922
s3_rgb,s3_bev,17.773949217049676,-3.983405340639564,0.1004928717482631,-6.937659810306284,-6.608841540404439,-0.2830170368666325,0.1968143891848549,1.289167905564373,89.89442789212289,25.367645513846192,3.588321122861972
rgb_1720211705,bev_1720211705,-7.248677008666737,5.3772569021832375,0.1537796826267916,-1.3868797399380526,-1.3439084309426337,0.5325753799120061,-0.3819712678686375,1.336572291809382,-24.79417999303644,54.29518276456376,2.902686054290589
rgb_1694919267,bev_1694919267,0.1015598376640921,0.5217956881730154,0.5476795584580254,0.6951621472293741,0.5942085534678601,0.9021615357739704,0.7704038157800108,0.3117252272235843,0.8013115148359568,0.9330927433675908,3.4999691381288573
rgb_1694841463,bev_1694841463,0.472883240800207,0.8631378468035754,0.3536320463924812,0.0559086228386186,0.0266191718226911,0.2775978837159095,0.0357906092389864,0.147848284765762,0.3242672336226381,0.4829960714205702,7.385809298001858
s1_rgb,s1_bev,-3.6606355787802016,8.899736968959381,0.0170842824601366,1.3756104726391776,-9.049770465535696,-0.4544596591967312,-0.5994139474710578,1.118140875512541,14.857725000223368,84.91408184997937,0.0
rgb_1694985093,bev_1694985093,0.963877558158044,0.4570160959266701,0.9240933834238848,0.7590616393964559,0.0399239929254908,0.3244857280531648,0.8932951635107417,0.9413592101404218,0.649542043171456,0.7260981199910451,4.900512328013432
rgb_1720243252,bev_1720243252,-11.205381310664643,-0.4517766327920753,0.1238012914251377,2.590514173066863,3.307258264328185,0.4879469342424201,-0.4401263668660845,1.0150769995101374,63.21641584308029,43.683831193749526,3.471480559278687
rgb_1694942671,bev_1694942671,0.2277188925338326,0.051331790539306,0.7194492156559865,0.4293711556904033,0.9333667422153528,0.5239592192836939,0.4670230097090859,0.7889242002330312,0.6928143180741972,0.1773877602819196,3.5012370050680546
rgb_1720150622,bev_1720150622,8.40411233898704,-2.1132334744971466,0.1135569869612324,-6.545322917205857,2.8075773384287004,-0.7030073198020296,0.9680344710039016,1.032785372268814,-2.9651769730056543,20.51545402532681,0.0
rgb_1694845848,bev_1694845848,0.4012588143197581,0.5879936117614933,0.6566324235524484,0.3026683625558424,0.447388166349863,0.3465254427289639,0.766623086658278,0.2065465341255767,0.7315426233566613,0.3671963132533654,0.0
rgb_1720236321,bev_1720236321,-11.331175495668468,-0.3149226254825059,0.1596176792253844,1.4724921916567195,3.15871693075807,0.4852821641839455,-0.6260523388797081,1.0160248078432434,87.89077345005677,45.81035182744976,0.0
rgb_1720240209,bev_1720240209,-11.331175495668468,-0.4517766327920753,0.1596176792253844,1.4516662941622744,3.15871693075807,0.4862132259869667,-0.5896807659688591,1.0353674519850098,87.89077345005677,43.67257892722832,0.0
rgb_1720253350,bev_1720253350,15.16166381688037,-3.753559132337273,0.120341993120906,-5.653385471677152,2.81368938439744,-0.7064214514707627,0.9534943236381594,1.041614472677779,-0.4926004554395007,19.87011745693633,0.0
rgb_1720169961,bev_1720169961,0.6895900714890324,15.06149325866999,0.0313409517754091,2.075437292063441,-3.950941527837881,0.1497278889873234,0.60155471785811,1.4163448482600165,-40.88379750905168,57.21917455532065,3.975622569934487
rgb_1720236641,bev_1720236641,-11.331181805560163,-0.4789844933262301,0.1283406719302326,1.469330557220328,3.122327310775839,0.4821422712576761,-0.5896807659688591,1.016047215672171,73.98700480715183,43.67257892722832,0.0
rgb_1694957670,bev_1694957670,0.934701589847864,0.4740560651895618,0.9758661725578636,0.5125992902365544,0.4830253099106414,0.0323709572087634,0.2210050788351131,0.6608469512165188,0.8778440440961089,0.8757514242553704,3.4999572432266746
rgb_1720174198,bev_1720174198,19.77406235298946,-2.65207640836541,0.1920619179837575,-0.1203475744191671,7.377149078855318,-0.4588811185103734,0.6102828226225925,0.9762180682523388,72.60878070357074,48.56572874285256,2.5615237383864105
s1_rgb,s1_bev,-0.4473262133735574,17.463218031426994,0.2773277781940821,6.345591761419728,-1.2506896797069924,0.6715287476852849,0.1415756341428309,1.0393938687447215,32.21625232949974,26.95561875899495,0.0
rgb_1720129006,bev_1720129006,-8.259359524420823,-0.5595844629414444,0.1166138259201882,1.4692548805050691,3.1567525589350183,0.4817587725412744,-0.5868245285633115,1.0164201970395783,61.535962629078426,45.70668560328059,3.0844143941717688
rgb_1694892121,bev_1694892121,0.2539386695687285,0.164112993500094,0.2305029587193661,0.8992724555203572,0.8372074151549538,0.9006611740164315,0.775801242009129,0.2547925506782832,0.23471471284866,0.2591870945759901,7.000653387968868
s1_rgb,s1_bev,-0.4473262133735574,17.463218031426994,0.2848071615236116,6.536096791591035,-3.0645953320742905,0.6715287476852849,0.2107045569302936,1.0393938687447215,29.55294394648916,28.36072336575184,0.0
rgb_1694926052,bev_1694926052,0.9055067043001576,0.977287816830135,0.2900647735367659,0.0930338164188188,0.0611944641342174,0.7115490288424726,0.6409998041591785,0.1496793002889926,0.2110615098767886,0.1634840718315482,3.914141968634393
rgb_1694836897,bev_1694836897,0.0083754266181199,0.9486217383235872,0.7551671919501682,0.751134025356492,0.8260947955099435,0.964373788459348,0.4275320567674803,0.1635311222084398,0.3519575351096022,0.3593078529086885,7.356057652935167
rgb_1720184689,bev_1720184689,19.007040437019896,-7.211994704274822,0.1802960247774182,-0.5665585868807437,6.144651595718351,-0.3550318421011332,0.9971567911565744,1.0640548695162375,66.44990700538543,20.02451043016593,3.8155542356654695
rgb_1694901215,bev_1694901215,0.7630713587003414,0.9201737313446924,0.7247524599966708,0.0054361938100184,0.5912393550521973,0.20101178452144,0.3476162209008691,0.8551726219919831,0.9568698085510032,0.016593482725615,3.502398283168678
rgb_1720133549,bev_1720133549,-11.331175495668468,-0.4517766327920753,0.1596176792253844,1.4516662941622744,3.15871693075807,0.4862132259869667,-0.5896807659688591,1.0353674519850098,87.89077345005677,43.67257892722832,0.0
rgb_1694912050,bev_1694912050,0.8117641442779423,0.9780748740516622,0.3782777611476645,0.3953151630063318,0.8252382694501968,0.3184251932269681,0.0128006331536746,0.2583677217857548,0.8262099192524694,0.464198034224747,0.0
rgb_1720125383,bev_1720125383,-11.331175495668468,-1.2549635535758554,0.1596176792253844,1.4724921916567195,3.15871693075807,0.5143647501317774,-0.5896807659688591,1.008499742613944,87.08956114890907,43.67257892722832,0.0
rgb_1694828744,bev_1694828744,0.7000985098308389,0.6038945048223604,0.2180869614257035,0.5535418269541075,0.5751644839189364,0.9840430726447278,0.0943663427341618,0.9425492912970974,0.1192643563088019,0.2730976733042738,7.700127261799357
rgb_1694978123,bev_1694978123,0.381552257950142,0.2247185077091887,0.6164732250627319,0.4520074044837097,0.3644747684982745,0.2986078873934252,0.2385187126050471,0.6383292665570436,0.1193979218778651,0.0719301103057867,5.421065023190034
s3_rgb,s3_bev,20.0,12.81878634522696,0.2686739514149359,-3.2549449737132763,1.9074307955993104,-0.967326812731105,0.5291069128259291,1.43,8.174902676275906,82.51197455303017,3.088728246795444
rgb_1720265746,bev_1720265746,9.46067889799393,-7.409431721245694,0.1137815898492992,-5.653385471677152,2.806224557797295,-0.7072694274580312,0.9680344710039016,1.0332283211648312,-0.98795233463062,26.89666165069156,0.0
rgb_1694894855,bev_1694894855,0.8625588110323475,0.6988642978513695,0.3701807298367581,0.2171820199297478,0.8411903303905537,0.1882403044355566,0.4908928677581344,0.1449324632822114,0.4881603504347429,0.3690248701406564,6.758239074451534
rgb_1694915883,bev_1694915883,0.9023596362949288,0.0883263719482637,0.347145006917074,0.9684697425800708,0.6804216692716016,0.2599781349533434,0.413084190585823,0.3360509854363323,0.782455413766625,0.356401786105496,7.539823831710874
rgb_1720152208,bev_1720152208,10.749760035193404,-4.158336001217535,0.1210811265674365,-5.653385471677152,2.7332342961408447,-0.5059926824895399,0.9680551897516504,1.0216784562558807,-1.1628921395584229,19.484555707979865,0.0
rgb_1694980348,bev_1694980348,0.3244580506837021,0.4106448095555411,0.8087389158951501,0.7112265208785282,0.2635225597014911,0.5868732571214286,0.7185735427548595,0.7646880440857999,0.2714941837466503,0.116995458262169,3.500020014364257
s1_rgb,s1_bev,-13.393687999322191,10.90080771340487,0.0482452295702931,-4.709076650334081,-0.2434345736323156,0.7442012532340168,0.2273421749377665,0.9868824491374288,39.835712772069314,77.3845723029757,2.8738754762025045
rgb_1694836616,bev_1694836616,0.2841800968117745,0.5971461732489923,0.1519742366043719,0.13035674674304,0.4318886496984075,0.915823114430378,0.0346280073352789,0.3328564259242585,0.406038250689728,0.6063424215063916,6.3520715249703965
rgb_1694836341,bev_1694836341,0.4980085834507007,0.2707284307816472,0.8068139889612818,0.4430655126831692,0.9895842973590804,0.703651137025244,0.2265290294913901,0.4896332408600317,0.6168658769006468,0.1526666526536528,3.4294765623493166
rgb_1720183969,bev_1720183969,15.691578977898589,-10.021473198331686,0.1881123220850223,-0.564512825628432,6.292869336094881,-0.3694462224878956,0.71910301170648,1.0608899263759393,59.57068233422558,16.544897136326988,4.000058858586149
rgb_1720237644,bev_1720237644,-11.130915920702687,-0.4517766327920753,0.1250151788195815,1.4724921916567195,3.314459334893794,0.4814799234042284,-0.58056105743158,1.0150769995101374,87.89077345005677,43.7518291680059,0.0
rgb_1720165845,bev_1720165845,15.352166524588952,-3.753559132337273,0.1225668028865317,-5.653385471677152,2.8136713824833315,-0.7072694274580312,0.95259881287326,1.0113515361941396,-0.6616214601599211,19.87011745693633,3.695782999356165
s1_rgb,s1_bev,-0.6234298080892379,14.722955145118732,0.0,1.3756104726391776,-7.0007761133599935,-0.4544596591967312,-1.0,1.170268535087009,9.100298410968506,94.89412177013908,4.2513912644209455
rgb_1694827302,bev_1694827302,0.9008150590055805,0.7659887088429256,0.5246861558767224,0.3173067840915988,0.1482452313468292,0.3070025603082362,0.2981806750253631,0.7822879128485041,0.9254503199633796,0.889992905344041,6.943667805348622
rgb_1694838480,bev_1694838480,0.3119349301255879,0.4395584132582364,0.8772779431928437,0.118618224558179,0.8650653275435678,0.2308798875579382,0.1626036173821713,0.1719486593080149,0.1398439908363803,0.37772428374536,7.310545365217466
rgb_1720234039,bev_1720234039,-11.331175495668468,-1.2476166619563926,0.1596176792253844,2.8805020339849907,2.4117883326919465,0.5065946880768433,-0.6449170014598088,1.0160248078432434,87.89077345005677,43.67257892722832,0.0
rgb_1694918832,bev_1694918832,0.302155749519735,0.1747850056842994,0.2403675670670489,0.1242479122004576,0.3068166882060182,0.1273491939409782,0.1883060049753152,0.3957870981136023,0.1782643994421628,0.2237355159974704,3.4792174808219296
rgb_1694895017,bev_1694895017,0.4707640999800344,0.1016974058530717,0.5697534099109705,0.6425099952232819,0.7915288108883837,0.261447340475934,0.4231730488453519,0.6785689050560326,0.9852972808940506,0.9446878195403132,0.0
rgb_1694866950,bev_1694866950,0.9955291655404842,0.8649649507683136,0.527314648624132,0.6269554570510706,0.0536356483931342,0.1783251297538759,0.758404940202713,0.2449390636675131,0.5351587750837472,0.4159650887927475,3.586906102658925
rgb_1720177537,bev_1720177537,18.00043769597189,-6.134066203739304,0.1864105874463857,-1.1997323923674372,7.749869960256298,-0.296377921620676,0.7993047447725055,1.0012050823265717,44.843154435543056,35.217280828039605,2.7935171660111964
rgb_1720229980,bev_1720229980,-7.244028646413593,5.3772569021832375,0.1608279849443225,-1.4782706516600363,-0.8866480111443558,0.4347905265797465,-0.3759567148271798,1.372505819998732,-35.3014493932416,53.37600993858707,2.589267725916847
rgb_1694887318,bev_1694887318,0.2407548160394412,0.7477336138756393,0.8358593167538946,0.7581038206258068,0.3828197987865768,0.4150177496665643,0.0842887499843829,0.2845555510443825,0.6371581071812232,0.9357560979160942,7.36442443336422
rgb_1694942031,bev_1694942031,0.061376362188624,0.8376101698344308,0.4102276735995289,0.4086889835626001,0.4006569126638292,0.932808270219988,0.9623010825065568,0.2358654974727144,0.572340805694525,0.1338252138076977,5.616838533586093
rgb_1720239327,bev_1720239327,-11.3305930979685,-1.262826331913356,0.1568844613456385,1.469617770703115,3.121901231768371,0.5143647501317774,-0.5896807659688591,1.0144530775965643,88.15355939702928,43.67257892722832,0.0
rgb_1720126871,bev_1720126871,-11.358560765862196,-0.4694394007339539,0.1583238085401962,1.4724921916567195,3.15871693075807,0.4816621128244762,-0.5896807659688591,1.0160400151657545,87.89077345005677,46.18778574588786,0.0
rgb_1720245614,bev_1720245614,-11.213425241193988,-0.4517766327920753,0.1238012914251377,2.590514173066863,3.307258264328185,0.4814799234042284,-0.4401263668660845,1.0150769995101374,87.89077345005677,43.75437700508703,0.0
rgb_1720144250,bev_1720144250,10.924651383939285,-4.170949462779689,0.1138319756430549,-5.653385471677152,2.733223724716208,-0.7072694274580312,0.9680344710039016,1.0332283211648312,-0.98795233463062,26.89666165069156,0.0
rgb_1694906457,bev_1694906457,0.2067481400426906,0.6965818849714227,0.8163068613612448,0.424926855777645,0.9821573036088505,0.492856195549794,0.3955293432507091,0.5337298218172308,0.1674861928727641,0.4397461785225363,4.8974387927377165
rgb_1694827356,bev_1694827356,0.6541767321682256,0.7397715901259072,0.6030170499180081,0.8230032316997979,0.6253474304953214,0.5988460530808438,0.8735701173794669,0.3265985218483036,0.5251355144676302,0.802639277622333,7.1023789143199645
rgb_1694943189,bev_1694943189,0.4496811406294548,0.3190161830195707,0.9426713552064224,0.5078805937677076,0.9304628544055784,0.0318982867849871,0.3829269297729488,0.0535490422857698,0.8379049022074349,0.5664790245640393,2.703417620077339
rgb_1694910836,bev_1694910836,0.691099728122272,0.0242481323640836,0.0684918940163487,0.8209893213615983,0.8017922568712649,0.9217132995823252,0.0726798896410246,0.5910300748961255,0.9388310373156504,0.3087856404883634,6.115735626731023
rgb_1694983972,bev_1694983972,0.6297533688095568,0.4371779338130163,0.972639471188503,0.4633613643060609,0.0153078881310513,0.7755298188873065,0.7720971927485162,0.7625607583630932,0.6082499118072362,0.2730145360578332,8.267776413998941
rgb_1720224564,bev_1720224564,-7.248677008666737,5.3772569021832375,0.1655681631473637,-1.4911065625864932,-1.3439084309426337,0.4347927844178745,-0.3819712678686375,1.336572291809382,-24.79417999303644,60.19483639881618,2.5401482843348635
rgb_1694921187,bev_1694921187,0.7033395229873219,0.8221884321451096,0.6119471677999944,0.2321528955537709,0.3152803977497165,0.2122387912587559,0.5190156897220412,0.007351563335718,0.023797469618331,0.5073021004268072,4.088413891357294
rgb_1694976920,bev_1694976920,0.95331557953103,0.724193968994234,0.7221900847988181,0.0918896502257099,0.4932924431592543,0.5561652524006856,0.5992498862653517,0.7034272577499024,0.2495286439464312,0.8180860920498471,3.5009988038060404
rgb_1694917002,bev_1694917002,0.8553490417280994,0.3348173159958431,0.2083583376517811,0.7566094174595819,0.2870317977048555,0.7141092835421292,0.3931654573736077,0.1255859997630285,0.4045806572175352,0.3532110455175929,5.646755275727065
rgb_1720134675,bev_1720134675,-11.331175495668468,-1.2549635535758554,0.1596176792253844,1.4724921916567195,2.9479594473449904,0.8742636806898891,-0.7272823127812648,1.0160248078432434,87.83309151015206,42.08566772348112,4.752235297308836
rgb_1694948422,bev_1694948422,0.2776040279641806,0.4845612773362638,0.6455988644318159,0.4406930361507627,0.1681760444331427,0.7995711833890693,0.3352762780858326,0.7870699504989364,0.1637860354029277,0.2403726004670414,3.414835081916373
rgb_1720260554,bev_1720260554,10.567107447940703,-4.224616819109322,0.1214853680670798,-5.653385471677152,2.7362347585464946,-0.7030073198020296,0.9680344710039016,1.0362892120168876,-1.206661690768314,23.87880054118183,0.0
rgb_1694873298,bev_1694873298,0.44091958373958,0.8160568916755283,0.7210786670350029,0.4361403847423124,0.8343962096109607,0.3194288591023743,0.9634387960247632,0.8686710933643957,0.1360543701373316,0.0220428544815836,7.214872881477357
rgb_1694919859,bev_1694919859,0.1092127238138094,0.832979578842728,0.7559612924572143,0.0846590913788759,0.0542207947644231,0.2937978630217609,0.8277896059878769,0.3103347300149272,0.4793592877472965,0.6696846598582855,4.789557155289333
rgb_1694944842,bev_1694944842,0.7243694415947128,0.8387724602175262,0.0090433378072649,0.834571159147556,0.5309077382216866,0.6838234390897273,0.2213827595963701,0.4179854006678455,0.4237154261418622,0.6218371260129485,4.406263178809412
rgb_1720247976,bev_1720247976,-11.331175495668468,-1.2549635535758554,0.1596176792253844,3.047302853491725,3.15871693075807,0.4842498808834157,-0.5896807659688591,1.0160248078432434,87.89077345005677,43.67257892722832,0.0
rgb_1720186855,bev_1720186855,16.922789460450865,-10.160745473910778,0.1924443727283667,-0.5657295285315449,6.144651595718351,-0.3870717953602743,0.932825384572358,1.0620152295825116,60.67176396894121,25.013532691057183,3.992995168904911
s2_rgb,s2_bev,18.92656233748623,-14.160124007207331,0.3,6.686153146032503,6.429978363980233,-0.9796483361184604,0.5189336268488274,1.3722050461141122,-90.0,47.2221021166708,3.2445096340782373
rgb_1694838018,bev_1694838018,0.4903263398327818,0.2742564327272516,0.4793507172229487,0.4431211194854567,0.363770845217041,0.3029739150825621,0.598376692402739,0.691840666345435,0.66011786902841,0.984012076678489,3.4999283826900296
rgb_1694978552,bev_1694978552,0.4587132617823554,0.8045785412012556,0.3060965363897097,0.4628633545955982,0.2065981412526836,0.5889808884674579,0.6091116648224452,0.2665496526714801,0.2322118033526785,0.8154263502640309,6.22945433846829
rgb_1694901900,bev_1694901900,0.8317946546072957,0.3136823582892944,0.9243170631607238,0.6525703910405295,0.117235969365813,0.7773298603145727,0.1796313875360023,0.4835727825791636,0.2907240157642818,0.3616230746281939,7.33106393246132
rgb_1694823263,bev_1694823263,0.0806541561785894,0.0955997452484369,0.3634695403004477,0.5650628143741876,0.0247249905916164,0.1045607621491556,0.5377064462088006,0.124613549244098,0.5360876928430468,0.0178722218218663,4.014142604764453
s2_rgb,s2_bev,18.63013698630137,-6.887396734480059,0.2863325740318906,6.686153146032503,3.768634385270986,-1.0,0.8556339635491641,0.995935046977332,-23.879604977997623,0.0,0.0
rgb_1694920132,bev_1694920132,0.0271065248169287,0.252872344280501,0.3163975945315967,0.0715409292148822,0.7277713334668624,0.8553992691591175,0.1502488681512078,0.7886290923487645,0.5060553132434447,0.7751566151847528,3.5001032798629765
rgb_1720171398,bev_1720171398,16.173595113860287,-10.771043850240758,0.1943358535616873,-1.6042992637896545,7.522521479733342,-0.2947585260447262,0.7055031689119273,1.015403948937666,49.40115686850831,35.134175191140784,3.994671049498705
rgb_1694983322,bev_1694983322,0.6138727764531724,0.8278093968273832,0.918748335301238,0.7437059201290291,0.5528225880409988,0.5416242017994114,0.9650791792383632,0.6195032841978135,0.0756029546894212,0.742364134298029,3.041357541559023
rgb_1694910423,bev_1694910423,0.2815184776026853,0.5700224691364478,0.8458307658141512,0.5768784635811905,0.8758541176889612,0.1328849224085438,0.7152181397990715,0.0695738894286388,0.5648375744839622,0.1681437201947477,3.450015990513748
rgb_1720132384,bev_1720132384,-11.331175495668468,-0.5652990211165374,0.1230544895154582,1.4516322075763703,3.125395982328083,0.4862132259869667,-0.5572254224153955,1.0160248078432434,75.44904935038792,43.67272712535634,0.0
rgb_1694976358,bev_1694976358,0.0991902935539302,0.237700845183617,0.2983413548923967,0.5337778508950508,0.1297408661710415,0.6144759413500692,0.8496458298857176,0.3705053971086189,0.0657421760079326,0.7028392397176783,5.506765436877817
rgb_1694827356,bev_1694827356,0.6541767321682256,0.7397715901259072,0.6030170499180081,0.8230032316997979,0.6253474304953214,0.5988460530808438,0.8735701173794669,0.3265985218483036,0.5251355144676302,0.802639277622333,7.1023789143199645
rgb_1694829326,bev_1694829326,0.51055220419521,0.5745608437253688,0.0662523724221409,0.8372116315323042,0.94876979628146,0.3310880223508244,0.6250024826199498,0.4404952947560959,0.8978507277982491,0.8043667109287808,7.458011970244759
rgb_1720236521,bev_1720236521,-11.223957221597,-0.5881772260014486,0.1138923477219109,1.4724921916567195,3.126159874749643,0.486254274103554,-0.5999453109597965,1.016058080638293,75.90259371350481,45.80468989815611,0.0
rgb_1694897461,bev_1694897461,0.0595603109119885,0.6589986820465695,0.1063526301778218,0.6260706165027007,0.3267891424273269,0.994159711483902,0.0203673534490583,0.2261141877213672,0.9418343456924242,0.4997445817611389,3.499980650859906
rgb_1720231084,bev_1720231084,-7.248677008666737,5.3772569021832375,0.1562065712428821,-1.674496080826449,1.058209414562178,0.4347927844178745,-0.3819712678686375,1.336572291809382,-24.846339591470453,54.29518276456376,2.4411316518970385
rgb_1720152939,bev_1720152939,16.189610963444437,-2.7137322114777724,0.1215520228934662,-5.653385471677152,2.8064778968274435,-0.5091276656213135,0.968033988921587,1.040719083197184,-0.3752633330793742,19.859801608823044,3.745428533058676
rgb_1720218216,bev_1720218216,-7.248677008666737,5.3772569021832375,0.153748909982038,-1.4911065625864932,-1.149018294018644,0.4347927844178745,-0.3819712678686375,1.336572291809382,-24.79417999303644,54.29518276456376,2.576950887702756
rgb_1720136523,bev_1720136523,-11.331175495668468,-1.2549635535758554,0.1195250979001756,3.061067944083435,3.158465366697552,0.5065946880768433,-0.5810085125862521,1.0160248078432434,87.89077345005677,43.67257892722832,0.0
rgb_1720260808,bev_1720260808,10.567107447940703,-4.199996490066916,0.1214853680670798,-5.653385471677152,2.8005385124978126,-0.4628935019663309,0.9680344710039016,1.0407473077326743,-1.1697401708322843,19.85232433648442,0.0
rgb_1720244933,bev_1720244933,-11.331175495668468,-1.2549635535758554,0.1596176792253844,1.4724921916567195,3.15871693075807,0.4778126583157649,-0.5896807659688591,1.008499742613944,87.89077345005677,43.67257892722832,0.0
rgb_1694947330,bev_1694947330,0.1381289474396055,0.9974570779400724,0.896116572200215,0.3493158281410367,0.4773756443845498,0.9515755972880934,0.9155130681824916,0.2732311683793487,0.9891522185694336,0.9317054273588458,5.867573297546368
rgb_1694910257,bev_1694910257,0.2196655988416448,0.7118746279807974,0.0327059614161587,0.4586625025513405,0.8122820156604765,0.2825064004167994,0.3813097303627228,0.9660540857115588,0.4140382307964385,0.7223973624151806,3.501755749576952
s2_rgb,s2_bev,20.0,-6.887396734480059,0.1695652173913043,6.686153146032503,3.768634385270986,-1.0,0.8556339635491641,0.995935046977332,-75.75280382525987,0.0,0.0
rgb_1694955088,bev_1694955088,0.789263401259485,0.2960847571886155,0.3923995543963081,0.6578413474385989,0.7199808716501304,0.5475521535106692,0.9947009523210084,0.1904963913857367,0.8070396159425095,0.5496284418787895,4.77185631068795
rgb_1720212625,bev_1720212625,-7.248677008666737,5.3772569021832375,0.1557507078194263,1.1824083847306357,-3.398050561221986,0.434773149593759,-0.4201847009974854,1.312543987379775,-24.81539244631233,54.29518276456376,3.640016444505963
rgb_1720124739,bev_1720124739,-11.213425241193988,-0.4517766327920753,0.1203041183192016,1.4692923314598172,3.1699498795432284,0.3159888731969942,-0.4532790864568263,1.0100649755542557,87.89077345005677,43.14337485503184,3.5515608067449835
rgb_1694978193,bev_1694978193,0.4332290690468722,0.8097673851709395,0.260830497795856,0.7944711086358718,0.3574737566872109,0.0029668567721644,0.2887914336479151,0.3914481982570534,0.5250969178315633,0.578953706737723,5.296978381577153
rgb_1694957103,bev_1694957103,0.3217125224396001,0.0185452531148216,0.9206798601334104,0.63595984917318,0.3749337105799245,0.4472162647281471,0.4919568367772093,0.1283736123587517,0.0202106039214198,0.8487506071493595,4.663058499339896
rgb_1720254406,bev_1720254406,10.553516007315736,-4.176590979338194,0.121137141971997,-5.653385471677152,2.734838988835598,-0.7067313128521827,0.9680344710039016,1.031699742690982,-0.8733777176061324,24.20671819352839,0.0
rgb_1694903254,bev_1694903254,0.7277566228263435,0.5997830299980511,0.1303259006418777,0.6854099422285366,0.0825617124305265,0.4108401580842122,0.1947142781774479,0.0324236161698283,0.8639178775982753,0.4970702601898678,5.453422910079016
rgb_1694976990,bev_1694976990,0.3699442105143848,0.2445260594447637,0.7872761995877183,0.6641416801265076,0.0271914634826025,0.7060923841094797,0.7598235486222893,0.2930573615050998,0.1105874255392624,0.3973492211020409,3.4981245917445247
rgb_1694829032,bev_1694829032,0.3307860291505367,0.7655060484251917,0.7194637652191912,0.899414839610875,0.4916457054636735,0.6176082631634024,0.5219107214389825,0.8187481674080529,0.1193115351499766,0.1326735827504768,7.330784562318656
s3_rgb,s3_bev,1.87197929585566,4.0186057703139255,0.0487718041338835,10.0,-3.625072662215352,0.2965583824028528,-0.7262624258328381,1.4275694160548416,74.22436459246273,89.8379818790375,0.0
rgb_1720231349,bev_1720231349,-7.248677008666737,5.3772569021832375,0.1593954299281511,-1.4911065625864932,-1.3439084309426337,0.4347927844178745,-0.3819712678686375,1.336572291809382,-24.79417999303644,54.29518276456376,2.551149149712156
s1_rgb,s1_bev,-3.6606355787802016,14.722955145118732,0.0170842824601366,1.3756104726391776,-9.166317704564284,-0.4544596591967312,-0.7329475257452798,1.170268535087009,14.857725000223368,100.0,0.0
s2_rgb,s2_bev,8.41997730612583,-13.078267313869183,0.1734422122233618,7.716476422755193,8.129388657545942,0.7504477144007147,0.9735967057891732,1.2385424508850604,60.86549524930459,76.54025857495537,0.0
rgb_1694869747,bev_1694869747,0.7477797636017106,0.2744845788157724,0.8501737048670696,0.2469149461318227,0.3240374053222262,0.0499382322992074,0.4779502869946262,0.7281528390232525,0.6209611430588012,0.1316211012214793,7.7481597761025665
rgb_1720181446,bev_1720181446,19.0796532904491,-4.764073198567015,0.1533477639552684,-0.676448385816597,8.238264399205661,-0.4465285367255255,0.9989287223744252,1.1935766593819568,60.47320480148196,17.08114075993056,4.001374261062384
rgb_1694915646,bev_1694915646,0.5422669399524326,0.6641410231710063,0.6257366331910369,0.672872273912372,0.2830038374242928,0.4983379704120977,0.938238392843806,0.6619763857699582,0.1558070374213382,0.6443077451259408,7.475672091309043
s1_rgb,s1_bev,-5.417332987651523,14.722955145118732,0.0024421012718192,-9.4014816425737,-9.166317704564284,-0.1909550478660329,-0.7915041060409905,1.170268535087009,14.857725000223368,100.0,3.296953276801317
rgb_1720128321,bev_1720128321,-11.331175495668468,-0.4517766327920753,0.1596176792253844,1.6118084717143333,4.062375217078905,0.4814799234042284,-0.546853872472006,1.0088682761859795,87.89077345005677,43.67257892722832,3.1922725153407088
rgb_1720243292,bev_1720243292,-11.331175495668468,-1.2549635535758554,0.1596176792253844,1.4724921916567195,3.15871693075807,0.4862132259869667,-0.5896807659688591,1.0162347436745565,87.89077345005677,41.86254071421556,0.0
s1_rgb,s1_bev,-0.4544815441293899,9.349208921785396,0.2848071615236116,6.351220062190308,-3.0798076104697305,0.6432915330168647,0.2495522524063336,1.0393938687447215,35.992528299225285,22.159468773452573,0.0
rgb_1694901137,bev_1694901137,0.6592457618616473,0.4047160575584136,0.8766775693730952,0.3218791642432537,0.227098432866469,0.2550138687770309,0.7016635630952696,0.1795989932093641,0.0070183670540965,0.8185411752710994,3.502398283168678
rgb_1720174614,bev_1720174614,19.0416548847822,-7.25845846484717,0.1533477639552684,-0.5666638343582733,6.472771966809887,-0.3866839179343616,0.99178517475256,1.1362090088238952,64.44194918291154,21.75817674779344,3.98785789550189
rgb_1694945484,bev_1694945484,0.8348500957119916,0.8134410772331846,0.8074257664808658,0.5867005710248825,0.7735004271681284,0.1058986309260453,0.9276984108588784,0.1066909751913822,0.1443724933738206,0.347254299720119,4.921902310299414
rgb_1720172498,bev_1720172498,19.03918449430109,-9.714384697128756,0.1604829796896083,-0.5666638343582733,6.472771966809887,-0.3866827670115036,0.99710476091594,1.1125240001889891,64.33151868968497,24.326811465192343,3.9906005634893527
rgb_1694978079,bev_1694978079,0.6958911660964706,0.828190975024612,0.3050584267056897,0.4250012421064778,0.6315888299309005,0.5650078736277538,0.9792739530325636,0.7697819939441655,0.1438109301183107,0.0319381446166098,4.527424356798904
rgb_1720144101,bev_1720144101,10.567107447940703,-4.222817593062359,0.1047739758789871,-5.653385471677152,2.804591847150596,-0.7073148980122447,0.9680344710039016,1.0217464790931472,-1.218485204279716,23.70322769892124,0.0
rgb_1694910921,bev_1694910921,0.2317617703018178,0.4011177483749557,0.3962427617083037,0.4711902134693071,0.9807891688080485,0.170297649877486,0.3921367764533549,0.8814225207765686,0.2549459936206085,0.7366000878207871,7.66924748377722
rgb_1694976770,bev_1694976770,0.6679722314459317,0.5730902879627889,0.9358878128648463,0.7947535993782252,0.3127006527387049,0.7627223135014652,0.1639181256980737,0.2966495288873718,0.407235740864778,0.2878121359473045,4.533600692610299
s1_rgb,s1_bev,-0.4473262133735574,17.463218031426994,0.2848071615236116,6.711548795975047,-3.0645953320742905,0.6715287476852849,0.2107045569302936,1.0393938687447215,29.55294394648916,28.36072336575184,0.0
rgb_1720259430,bev_1720259430,15.352166524588952,-3.753559132337273,0.1242617013898498,-5.653385471677152,2.81368938439744,-0.7072477557932693,0.9545914078096892,1.0403466772374934,-0.6612855611520132,19.87011745693633,0.0
rgb_1720234439,bev_1720234439,-11.332825794677202,-0.4517766327920753,0.1626447699344977,-0.0313065569922326,3.15871693075807,0.4862132259869667,-0.5896807659688591,1.0160262798166848,87.89077345005677,45.88169053423234,0.0
rgb_1720220606,bev_1720220606,-7.248677008666737,5.3772569021832375,0.1593954299281511,-1.4911065625864932,-1.3439084309426337,0.4347927844178745,-0.3819712678686375,1.336572291809382,-24.79417999303644,54.29518276456376,2.548290082557309
rgb_1720234199,bev_1720234199,-9.175090262207243,-0.757238453545849,0.1291513739183558,1.479333738145165,3.3270342492838534,0.4814799234042284,-0.2093396579194374,1.0150769995101374,87.89077345005677,46.56808350254997,2.568671075643927
rgb_1694980145,bev_1694980145,0.7180203956659348,0.8027492428690585,0.2014966165137677,0.4196000426635433,0.2912885273402174,0.4002167818223376,0.6004791751577533,0.2710560364506676,0.3111171254640318,0.9233768939029332,5.667517117459427
s2_rgb,s2_bev,8.41997730612583,-12.940139921855204,0.1734442971837771,7.705625011196343,8.129546533505643,0.6369422922730614,0.9821566119752114,1.2416677803409844,63.591071844602425,67.89769309025687,0.0
rgb_1720249618,bev_1720249618,-11.215772773244243,-0.4517766327920753,0.1238012914251377,1.4722495445293244,3.1699498795432284,0.4814799234042284,-0.4401263668660845,1.0150769995101374,88.98187721623617,43.75437700508703,0.0
rgb_1720158444,bev_1720158444,8.894269903945222,-3.753559132337273,0.1198603307950922,-5.653385471677152,2.808942568385337,-0.7072694274580312,0.9680348861381208,1.0418582842015534,-1.1309723347257403,21.61558555346341,0.0
s2_rgb,s2_bev,20.0,-17.493457340540665,0.2523052464228935,6.686153146032503,7.485387334956485,-0.9796483361184604,0.5189336268488274,1.43,-4.4958800266844605,7.852148388879392,0.0
rgb_1720213112,bev_1720213112,-7.248677008666737,4.328002283621238,0.1662698183459062,-1.4911065625864932,-1.3439084309426337,0.4347927844178745,-0.3819712678686375,1.336572291809382,-24.49027523006956,57.31415064747263,2.54332305083165
rgb_1720218704,bev_1720218704,-7.248677008666737,5.3772569021832375,0.1593954299281511,-1.4911065625864932,-1.3439084309426337,0.4347927844178745,-0.3819712678686375,1.336572291809382,-24.79417999303644,54.29518276456376,2.548248093745165
rgb_1694843809,bev_1694843809,0.2093631928271533,0.6085303992169954,0.2298617023718818,0.7935121738360601,0.776279981895809,0.6311916683779201,0.5335884334375304,0.8902524036320775,0.54721542446958,0.6923038542034662,3.6831998117931946
rgb_1720212669,bev_1720212669,-7.225705334801267,5.3772569021832375,0.1594403355670541,1.066974191644798,-1.521000435892356,0.4347936096060116,-0.4230180822347407,1.3085475193753746,-24.80242528201028,43.073478104365925,2.4742328669115543
rgb_1694907924,bev_1694907924,0.6593804261860278,0.4697714766798135,0.293245390907549,0.7376191676862776,0.4619743404094931,0.2151233761519768,0.4129058124309714,0.6459594413027432,0.6797051809564865,0.1772817294974532,3.239568047995962
rgb_1720238286,bev_1720238286,-11.213425241193988,-0.4517766327920753,0.1238012914251377,2.590514173066863,3.307258264328185,0.5030858022637568,-0.4401263668660845,1.0150769995101374,88.98918787559396,43.75437700508703,0.0
rgb_1720214131,bev_1720214131,-7.248677008666737,5.3772569021832375,0.1593954299281511,-1.4911065625864932,-1.3439084309426337,0.4347927844178745,-0.1537336237580708,1.336572291809382,-24.79417999303644,53.65516928217261,3.5329190503327026
rgb_1694829695,bev_1694829695,0.2126058378944603,0.2274638894376283,0.3035777423821779,0.6029207917258472,0.2252860834204505,0.894444654158647,0.0530740416280235,0.9350140523339584,0.8319413690033682,0.4028748425519357,0.0
rgb_1694981959,bev_1694981959,0.6352253452048807,0.6687238222609336,0.8707184505768949,0.9252152897814148,0.4178125184957841,0.4437089390736303,0.283072980616455,0.4477625322012349,0.4278569672021887,0.6200070767019268,3.5014227932559563
s3_rgb,s3_bev,11.989386823809689,-3.983405340639564,0.1273611626366561,-1.2369526302691032,-5.015907599810701,-0.1099425938404077,0.2409076240424193,1.3816086288344498,88.43298995555426,19.024655065276068,3.207903302780291
rgb_1720133990,bev_1720133990,-11.349137146002311,-0.46725029872308,0.1134879819841808,2.590514173066863,5.067419961986037,0.4853391587908164,-0.4401263668660845,1.0150769995101374,87.89077345005677,43.4486191231246,0.0
rgb_1720211002,bev_1720211002,-7.244755066995117,5.3772569021832375,0.1594719556325411,-1.6090254886741793,-0.9222072878446212,0.4347088574735764,-0.2108396672666603,1.344012852247455,-21.92586055024867,54.27517188265969,3.0817185953360253
rgb_1720129086,bev_1720129086,-11.212583487879217,-1.2492677418006828,0.1857465657167595,1.4724921916567195,3.15871693075807,0.5143647501317774,-0.626612200121937,1.008499742613944,87.89077345005677,43.80842833223634,0.0
rgb_1720148255,bev_1720148255,10.567107447940703,-2.7242078793725355,0.1210876634048871,-5.653385471677152,2.737268180273041,-0.6540839553021743,0.9680344710039016,1.0217464790931472,-1.1628921395584229,19.7298385402778,0.0
rgb_1720135599,bev_1720135599,-11.118737860625307,-0.8066777961661025,0.1297478449194659,1.4692887616385626,3.1699498795432284,0.4845119749040358,-0.4401263668660845,0.9973918830672528,87.89077345005677,43.53718414357961,0.0
rgb_1720234719,bev_1720234719,-11.331175495668468,-0.4188737928104125,0.1609987541113342,1.459442109064682,3.125395982328083,0.4807647215688559,-0.7272823127812648,1.0160248078432434,87.83309151015206,41.980141583545375,0.0
rgb_1694898069,bev_1694898069,0.1432827950768527,0.5856785073137825,0.7166333777224666,0.363933198471098,0.0336469613010739,0.6724689037274053,0.7739417812730776,0.950726246028532,0.6936994636684738,0.2616161136078385,3.700693006330668
s1_rgb,s1_bev,-0.4473262133735574,16.901399609819382,0.2794337322479043,6.48488359737949,-3.344263487998047,0.6795369331204419,0.1877163020925483,1.063332315551218,29.893135825213665,39.993845256108216,0.0
rgb_1694828009,bev_1694828009,0.4312160699767213,0.1586354587645253,0.5802171043964,0.9844804466916568,0.4233001012367813,0.7621938585144097,0.7969146363537909,0.1273442305888354,0.2337134180016815,0.8342663444661709,6.579041492621412
rgb_1720170871,bev_1720170871,16.427129438738262,-11.466625909124923,0.1943474941478095,-0.0514895557953192,7.24861853416018,-0.3174167799815167,0.6985183461531308,0.9585792389374788,49.38369127333118,35.27135213457658,3.992914307765868
rgb_1694944218,bev_1694944218,0.662527636127788,0.5299084008053654,0.3569943252882196,0.9395611159196544,0.2005062943522245,0.9159842137403944,0.998205086723012,0.4322131369926689,0.2030004747022078,0.6550844575497536,3.4999572432266746
rgb_1720162318,bev_1720162318,10.567107447940703,-2.6904385632502645,0.1214853680670798,-5.653385471677152,2.7362347585464946,-0.7030073198020296,0.9680344710039016,1.1607504538503246,-0.6580865602147554,19.78704846429528,2.409484132019591
s1_rgb,s1_bev,-3.6606355787802016,16.308627550863367,0.1573348336122097,3.417781550810421,-3.98867478669116,0.2540932323688672,-1.0,1.2745238542359454,90.0,35.46989953160345,0.0
rgb_1720160780,bev_1720160780,10.559245757427522,-2.0539185225784493,0.121098233062786,-5.653385471677152,2.737097825168597,-0.7034094700976337,0.9680344710039016,1.031699742690982,-1.1628921395584229,23.70322769892124,0.0
rgb_1694824610,bev_1694824610,0.483445307086795,0.5839783597893456,0.5164961929546633,0.707546998498023,0.4618491104561119,0.6974606949310487,0.1904096772141064,0.6403652327518654,0.13234767529981,0.1144752752770447,7.483443952440729
rgb_1720265397,bev_1720265397,15.352166524588952,-3.753559132337273,0.1224358364664821,-5.139114804814398,4.495036484245244,-0.7509921053593628,0.9881158903579712,1.0416068379670411,6.869801496068192,19.86695447368875,3.622505655641848
rgb_1720254105,bev_1720254105,15.352166524588952,-3.753559132337273,0.1225668028865317,-5.653385471677152,2.8139200394484742,-0.7072694274580312,0.95259881287326,1.0113515361941396,-0.6590171353126095,19.87011745693633,3.674947148247029
rgb_1720165742,bev_1720165742,8.894269903945222,-3.753559132337273,0.1210818256128741,-5.653385471677152,2.808942568385337,-0.7072694274580312,0.9680344710039016,1.0416190842175588,-0.3522206060755763,18.49954195682225,0.0
rgb_1720177083,bev_1720177083,6.5910855010608245,-14.89388870832776,0.1920619179837575,-0.1203475744191671,7.377149078855318,-0.4588811185103734,0.6083371971175966,0.9416179872341358,72.60878070357074,48.53872178328387,2.598167759258826
rgb_1720237524,bev_1720237524,-11.213425241193988,-0.4517766327920753,0.1234513353738674,2.590514173066863,3.2801775635203345,0.4813784007417008,-0.6461200221948575,1.0150769995101374,87.89077345005677,43.75437700508703,0.0
rgb_1720214928,bev_1720214928,-7.248677008666737,5.3772569021832375,0.159393529912813,1.346842033758037,-1.3439084309426337,0.4347924607028413,-0.3819712678686375,1.336572291809382,-24.790954429224684,53.00758691473677,2.460547952029419
rgb_1720212319,bev_1720212319,-7.248677008666737,5.3772569021832375,0.1593954299281511,-1.4911065625864932,-1.3439084309426337,0.4347927844178745,-0.3819712678686375,1.336572291809382,-24.79417999303644,54.29518276456376,2.5444365232298165
rgb_1694824679,bev_1694824679,0.3743073038789851,0.5186953684701947,0.4307344384873178,0.0958355285884544,0.857509558385791,0.1404057115458503,0.6947127222313783,0.7810439585459137,0.4109394919491927,0.7784787977248515,7.374306571000299
s1_rgb,s1_bev,-0.4473262133735574,12.49475749552802,0.2848071615236116,6.488215665430322,-0.7848930668313779,0.6490095348492575,0.2495522524063336,1.0393938687447215,29.87522957694961,25.62658971433532,2.9795476144060262
rgb_1720134836,bev_1720134836,-11.330551753148196,-0.4517766327920753,0.158997464804461,1.469330557220328,3.118009345011721,0.4821422712576761,-0.6237834205566273,0.9863439736586624,59.4118359262925,43.67257892722832,0.0
rgb_1720162112,bev_1720162112,8.201514113411854,-4.22528604222302,0.1015543833066661,-5.653385471677152,2.806224557797295,-0.789591671207459,0.9680344710039016,1.0328607712241933,-0.98795233463062,22.96904671512304,3.548102407941925
s1_rgb,s1_bev,0.0704729988887287,12.49475749552802,0.2848071615236116,6.5346984296488575,-0.7848930668313779,0.645695329038162,0.2495522524063336,1.0393938687447215,29.56463389661468,87.37228869304589,0.0
s1_rgb,s1_bev,-6.840138695875022,10.428666424661852,0.1012221313360523,-5.42831709956962,-0.2040475262663008,0.5243548686913395,0.1371770651495589,0.9783589705079332,38.23368357971359,28.080717198900107,3.069937286475644
rgb_1720267516,bev_1720267516,10.754258742927014,-4.57657918925568,0.1214583607998918,-5.653385471677152,2.736217078497539,-0.702779290732555,0.9680344710039016,1.0217464790931472,-1.1628921395584229,26.475303941602306,0.0
rgb_1720256775,bev_1720256775,10.641562435583468,-4.211834846279745,0.1215522166963989,-5.653385471677152,2.7372602984423686,-0.7069290022789891,0.9680344710039016,1.041614472677779,-0.8758334200807667,26.89666165069156,2.844117318255562
rgb_1720215239,bev_1720215239,-0.6584817377600345,2.5441212164135294,0.2875497132899031,9.345542014769524,0.3947224015719008,0.4774181552787242,-0.7354403088959831,1.3665951321756455,4.487727188864881,24.960287022943938,3.640016444505963
rgb_1694901215,bev_1694901215,0.7630713587003414,0.9201737313446924,0.7247524599966708,0.0054361938100184,0.5912393550521973,0.20101178452144,0.3476162209008691,0.8551726219919831,0.9568698085510032,0.016593482725615,3.502398283168678
rgb_1694898443,bev_1694898443,0.0255372681823669,0.9240118555230188,0.7166960556785519,0.8092800158628372,0.2814949117378511,0.3687015308986714,0.8248885765647197,0.8857997969696726,0.1053152259667364,0.6358168453025749,3.537875984570115
rgb_1694982685,bev_1694982685,0.1759516620538651,0.3784750165913143,0.8772599401336553,0.1490637580026296,0.6831273625374197,0.3183288165930379,0.4212103324772712,0.5467253327856676,0.4950033957655551,0.3644179832258961,4.409981501056087
rgb_1694910423,bev_1694910423,0.2815184776026853,0.5700224691364478,0.8458307658141512,0.5768784635811905,0.8758541176889612,0.1328849224085438,0.7152181397990715,0.0695738894286388,0.5648375744839622,0.1681437201947477,3.450015990513748
rgb_1720148208,bev_1720148208,7.820334475048099,-4.155623720139477,0.1137815898492992,-4.045376787586327,2.806224557797295,-0.7366361513330442,0.9680344710039016,1.037288605307154,2.2512318540202187,19.910428330708875,3.6442997315346153
rgb_1720178106,bev_1720178106,18.91341912054167,-4.2482510428130364,0.1533477639552684,-0.211207914756681,6.370212201771231,-0.4465285367255255,0.9988843952338196,1.1935766593819568,60.75490877732622,17.312100519216237,4.000138078797702
rgb_1694888404,bev_1694888404,0.4054735957173848,0.9900017401838778,0.6661786631888407,0.0215413715455541,0.025739143011467,0.375867530922564,0.0072373634740533,0.8820488656051805,0.294321426861082,0.3450580954831334,7.055827680641927
rgb_1694869662,bev_1694869662,0.8572667066390455,0.0339218322642971,0.4632341729352314,0.3912242043186574,0.4231986916116512,0.8853234554695533,0.9409488348176396,0.2451269072624533,0.3360603554932683,0.8903112990458152,7.357259045777063
rgb_1720266099,bev_1720266099,10.641562435583468,-3.753559132337273,0.1215522135569197,-5.653385471677152,2.806224557797295,-0.7244170523729162,0.9680344710039016,1.0576786273497725,-0.8758334200807667,26.40266817797588,3.193574691949633
rgb_1720262041,bev_1720262041,10.542878403735756,-4.379696122556247,0.1140028170607527,-6.184640445259461,2.807423952181857,-0.9598053235059276,0.9669960762331552,1.0421574381237684,4.375054897092312,23.617127342992628,3.564444385072448
rgb_1694839763,bev_1694839763,0.8916668395902253,0.1485688298372698,0.4683002919911855,0.4687208865349098,0.7279465561798655,0.2215336367832617,0.2784844776063093,0.0460117235656801,0.6564606933327729,0.4141583201831761,3.499948449718447
rgb_1694976698,bev_1694976698,0.0671534371353704,0.8004446416461584,0.0755577989524052,0.6479874048212511,0.4735708573466461,0.5076585176614803,0.7651694736069982,0.5245245404585762,0.7292666039881063,0.541797024131849,3.631247544180692
rgb_1720182124,bev_1720182124,18.73384957684265,-10.018735146728288,0.1597917910981891,-0.566650879918468,6.144651595718351,-0.3868542041727874,0.9919544647242748,1.0686255936220854,64.45284752806629,24.326811465192343,3.990311008055108
rgb_1694890364,bev_1694890364,0.4590155624505713,0.6321171219719778,0.014945370642474,0.8690337365883555,0.6752055807245528,0.4506690406424446,0.594080029565094,0.9235870634662864,0.520176153024641,0.0122815534432121,6.999996664519376
rgb_1694980348,bev_1694980348,0.3244580506837021,0.4106448095555411,0.8087389158951501,0.7112265208785282,0.2635225597014911,0.5868732571214286,0.7185735427548595,0.7646880440857999,0.2714941837466503,0.116995458262169,3.500020014364257
rgb_1720260703,bev_1720260703,16.97674942298118,-3.753559132337273,0.1226695627819575,-5.653385471677152,2.81368938439744,-0.7072694274580312,0.95259881287326,1.041614472677779,-1.176317947231837,19.87011745693633,0.0
rgb_1694954089,bev_1694954089,0.2619653556156267,0.0487459650866879,0.7015179603159304,0.8066063974413181,0.7664505538736448,0.322208569125052,0.4982618302123603,0.6538343351457633,0.1970089039428378,0.459807218367165,5.694666270773346
rgb_1694910177,bev_1694910177,0.4110260559325334,0.0036897782873137,0.9853701523708328,0.2820815344076435,0.923261859922416,0.6971098946566787,0.5881111451671198,0.8468347320350804,0.2770867271141763,0.7493316375559683,3.4992248291947368
rgb_1720182540,bev_1720182540,17.54770537161758,-10.835327566230838,0.152392737262304,-1.195222882557294,7.623623924860304,-0.2935847242888904,0.7933441395542322,1.013698887702079,44.90823417902905,36.67236960094792,3.998948917965294
rgb_1720184386,bev_1720184386,19.500487151667272,-10.021693461251262,0.1832939374152214,-0.0334809320046769,6.144651595718351,-0.3843397905594879,0.992042340516336,1.0638227597786591,65.92575969614887,26.905767953704444,3.890995577716247
rgb_1720126107,bev_1720126107,-11.331175495668468,-0.4517766327920753,0.1596176792253844,1.4693464234038238,3.161080282229665,0.4822307708341433,-0.5896807659688591,1.0160185394966372,88.82873300506407,43.67257892722832,0.0
rgb_1720266960,bev_1720266960,16.189610963444437,-3.636165175509952,0.1141711930541713,-5.653385471677152,2.8062369834311625,-0.7072694274580312,0.9680344710039016,1.0416149296730677,-0.3519803269857533,19.859801608823044,0.0
rgb_1720234920,bev_1720234920,-11.130915920702687,-0.4517766327920753,0.1238012914251377,1.4724921916567195,3.1699498795432284,0.4814799234042284,-0.4044639928271146,1.0150769995101374,87.89077345005677,41.66282062736188,0.0
s1_rgb,s1_bev,-0.4421307837096186,12.49475749552802,0.2776304575875507,6.488215665430322,-0.7848930668313779,0.6490095348492575,0.2789703062045921,1.0393938687447215,29.55294394648916,24.13920408481,0.0
s2_rgb,s2_bev,8.41997730612583,-12.940139921855204,0.1734442971837771,7.705625011196343,8.129541404975651,0.6369422922730614,0.981908561430266,1.2416677803409844,63.591071844602425,64.4990841698371,0.0
rgb_1720168302,bev_1720168302,16.190314556509406,-12.66526372684839,0.1942104680990821,-1.1698860601062364,7.522521479733342,-0.3072868054717605,0.7060899058314289,0.9584358093758876,49.44463733150064,35.23324921305018,2.402019551206317
rgb_1720165896,bev_1720165896,10.559245757427522,-7.071001839334199,0.1210811265674365,-5.653385471677152,2.737217673242295,-0.7171651772284792,0.9680344710039016,1.031699742690982,-1.1628921395584229,23.70322769892124,3.21016542186197
rgb_1720134111,bev_1720134111,-11.331175495668468,-0.3209255016362817,0.1596176792253844,1.5239002827396495,3.15871693075807,0.4852821641839455,-0.6260523388797081,1.0160248078432434,87.89077345005677,45.81035182744976,0.0
rgb_1720160118,bev_1720160118,8.201514113411854,-4.514385684933718,0.1137815898492992,-5.653385471677152,2.80607443319042,-0.4932803092435531,0.9680344710039016,1.0332283211648312,-1.1430887437102513,26.89666165069156,3.5529814856986746
s3_rgb,s3_bev,11.875609544571809,-3.763623017729525,0.117281859126266,-1.412336616500113,-4.808880564098994,-0.5989689502904341,-0.2523340071095028,1.2796876568707631,89.45486204410793,9.383677589112915,3.2068988582568885
rgb_1720244532,bev_1720244532,-11.331175495668468,-0.4517766327920753,0.1596176792253844,1.4724921916567195,3.15871693075807,0.5143856310085342,-0.5425439721686277,1.008842553341167,87.89077345005677,43.67257892722832,0.0
rgb_1720176355,bev_1720176355,19.0416548847822,-7.2584562956485215,0.1533477639552684,-0.5666638343582733,6.472771966809887,-0.3866839179343616,0.9984346474673564,1.1362090088238952,64.44194918291154,16.790420209532154,3.987985488003167
rgb_1720224520,bev_1720224520,-7.259046718950133,10.939160715764071,0.1397604702404667,-1.6425786726752687,-1.154779337727028,0.4347088574735764,-0.1914244784367055,1.3793339847360775,-24.88820363519268,55.14335694122278,2.875078218137645
rgb_1694976698,bev_1694976698,0.0671534371353704,0.8004446416461584,0.0755577989524052,0.6479874048212511,0.4735708573466461,0.5076585176614803,0.7651694736069982,0.5245245404585762,0.7292666039881063,0.541797024131849,3.631247544180692
rgb_1694845198,bev_1694845198,0.8212634721722626,0.0349661551043726,0.6165364752952505,0.5412685061319668,0.56490244724257,0.2691394942656602,0.5767161294850268,0.2515202392269199,0.7371013777784213,0.5058845077244649,3.500107867851987
rgb_1720176431,bev_1720176431,17.207056509079997,-7.256941164355595,0.1533477639552684,-0.5666638343582733,6.472771966809887,-0.4041527361273908,0.9970942856778606,1.1355351047308386,64.44339749038028,24.326811465192343,4.00027264395568
s1_rgb,s1_bev,-0.4544815441293899,9.862864521948094,0.2848071615236116,6.351220062190308,-3.0798076104697305,0.6432915330168647,0.3098609780593766,1.0393938687447215,35.992528299225285,25.75841161960389,0.0
rgb_1720179475,bev_1720179475,16.632464309584186,-7.077220484285505,0.1778053169625434,-1.7710167145539657,6.467016237529244,-0.4465285367255255,0.9987956404375598,1.284207676303064,60.630231142925965,25.609455364324617,4.000307200350656
rgb_1694892042,bev_1694892042,0.7235264574740846,0.6197487794606992,0.0276445024166418,0.308862143926584,0.6965375150551683,0.3766276002649283,0.5961506260712485,0.4690256608951778,0.3379130528671757,0.9872993450912808,3.4943263424070032
rgb_1694952405,bev_1694952405,0.3963192646037579,0.0685773368508194,0.577534975589816,0.8099939061388826,0.4209554667183273,0.5569421549760507,0.9691477734030414,0.8016700557592032,0.3383396783013049,0.4807874872734199,7.304109132932104
rgb_1720129609,bev_1720129609,-11.331175495668468,-0.845891755701544,0.1596176792253844,1.4725518137487104,3.1585049023863387,0.4862132259869667,-0.4508923741652916,1.0151129495621325,87.89077345005677,43.67257892722832,0.0
rgb_1694869912,bev_1694869912,0.1507237137631957,0.0016474588864801,0.20903821280971,0.0233488492019705,0.3759196299744142,0.0793353496492244,0.3217497306496791,0.6474221573652938,0.2762173288263794,0.5239012737095103,3.4999732555964926
rgb_1694984437,bev_1694984437,0.8492612729908222,0.1138094650722425,0.5926810439953988,0.9883786700953968,0.7503401647578729,0.4173065578212956,0.1698977960813377,0.2289880691865679,0.6295275492945466,0.6051968996548017,2.7392534983129453
rgb_1720243212,bev_1720243212,-11.331175495668468,-1.3289005886777012,0.1596176792253844,1.4724921916567195,3.161111807837589,0.4862132259869667,-0.5790433458738992,1.0160248078432434,87.84020713234128,44.08493428608949,0.0
rgb_1720217459,bev_1720217459,-0.6584817377600345,2.5441212164135294,0.2875497132899031,7.5281776081091,0.3331825104297472,0.5603721104013772,-0.7355425075979966,1.2024508672720189,-52.173767675277794,24.960287022943938,3.640016444505963
rgb_1694908747,bev_1694908747,0.033458641033282,0.6765036134547544,0.8126548392590426,0.0679742487088614,0.310023725327832,0.587904904497819,0.7900414380841223,0.5543228204685556,0.2833161231315673,0.2220102035101051,3.4989491503596635
rgb_1720231835,bev_1720231835,-2.33108953519611,5.713085832917699,0.1499379759955797,6.308439947155279,-0.9200452261588908,0.5594699051450425,0.976858451588845,1.3485011792882216,-24.83301615734472,53.14646599598788,3.640016444505963
rgb_1694912685,bev_1694912685,0.7244963565831992,0.2783936325134835,0.1343459708218848,0.8839328916054144,0.8673599173229614,0.5040341207944875,0.4509182968061856,0.8385813122348755,0.5580627389086972,0.1066327103041764,5.625515942036484
rgb_1720218082,bev_1720218082,-7.247830696792583,5.3772569021832375,0.1605389585498981,-1.4858271928094895,-1.0907959498689337,0.4347927844178745,-0.375771807639402,1.338672262920371,-24.79417999303644,43.09914393665117,2.579678978200584
s1_rgb,s1_bev,-3.6606355787802016,12.591596704187149,0.0,-6.499205381501714,-6.676836726291892,0.2540932323688672,0.2877927591729683,1.1473022787632994,9.100298410968506,56.44617275167779,0.0
rgb_1694918395,bev_1694918395,0.5766632373612604,0.3252666949888132,0.6027385543548387,0.7486895199066256,0.8253202211747281,0.2523282277248999,0.5798696206496202,0.5713890744502872,0.2184079154519944,0.6799264294518967,2.730823879051289
rgb_1720127434,bev_1720127434,-11.331175495668468,-2.1822919012932545,0.1596176792253844,1.319569942440042,3.15871693075807,0.5065946880768433,-0.5896807659688591,1.0160248078432434,87.89077345005677,43.67257892722832,0.0
rgb_1720237724,bev_1720237724,-11.360994804300644,-0.3209255016362817,0.1550797639308162,1.4724921916567195,3.170980645207912,0.4852821641839455,-0.6260523388797081,1.0160248078432434,89.68100906731016,45.90614654577586,0.0
rgb_1694977890,bev_1694977890,0.2644737513227768,0.8538468240161021,0.3652854352209118,0.0122747673660303,0.9792343336525924,0.7051175824376723,0.2228918022258476,0.8439763151653502,0.446759193251091,0.5205789516125638,3.5000171917780443
rgb_1720169697,bev_1720169697,18.263443691504666,-9.49828135278425,0.1533477639552684,-0.676448385816597,6.365170470414547,-0.4465285367255255,0.9990108687764568,1.193036214160514,60.71054332428599,24.17343690351898,4.0011419817481455
rgb_1694873212,bev_1694873212,0.7246357022075023,0.4746018369478318,0.9048060948852203,0.6105692376361923,0.3854386042133175,0.6826216846036592,0.7663186857825045,0.3550867977173267,0.967360012733565,0.4408112842220982,3.5006851941264485
rgb_1720217547,bev_1720217547,-7.248677008666737,5.3772569021832375,0.1494919731484715,-1.4911065625864932,-1.3439084309426337,0.4347927844178745,-0.3819712678686375,1.336572291809382,-24.79417999303644,54.29518276456376,2.542884022852764
rgb_1720182693,bev_1720182693,13.40787901545253,-10.771043850240758,0.185701204538151,-1.207257697906094,7.3708987920006095,-0.2932512711005617,0.7167331811837687,1.0216177821044103,46.51231661679023,35.23264443649373,3.9868150535345848
rgb_1720150570,bev_1720150570,15.299006537733192,-2.7137322114777724,0.1215421557370606,-5.653385471677152,2.8064778968274435,-0.7073287585215864,0.9684732911714542,1.04131575054659,-0.415535312002234,20.575024378366127,0.0
rgb_1720262489,bev_1720262489,10.559245757427522,-4.224616819109322,0.1210811265674365,-5.653385471677152,2.7370841154111645,-0.7147044094512425,0.9420352875176125,1.031699742690982,-0.9772016779718912,26.82566798139046,3.65588173464163
rgb_1694943628,bev_1694943628,0.8356491765693165,0.1199772314725093,0.6314682239295006,0.6959356916105128,0.0357037365202883,0.6943279797234507,0.3590022275257113,0.6539344692726214,0.3387313129321729,0.7964612111720502,4.625150652435357
rgb_1694950710,bev_1694950710,0.1042482330767482,0.1361880656820835,0.1345934194139573,0.1568841037493574,0.5477163769456806,0.0838296702573365,0.3655577217235598,0.8790762309163794,0.8186546556745188,0.564156111628973,6.6052542404366585
rgb_1720236121,bev_1720236121,-11.335022875797916,-0.4517766327920753,0.1238012914251377,1.6876422590190785,3.1699498795432284,0.4814799234042284,-0.4483979094548117,1.0150769995101374,87.89077345005677,51.36107320738872,3.518592928821356
rgb_1694908089,bev_1694908089,0.5073073441527637,0.3104959991162295,0.6916795298002146,0.3122671464239654,0.8203700936477816,0.330981233101011,0.607442980862393,0.0378972566350527,0.7182924491901561,0.0382524000287115,7.347906338483689
rgb_1694982450,bev_1694982450,0.3171475343157827,0.3248454878967661,0.5182500978040698,0.6064807063578683,0.0760722792902801,0.5973526670900458,0.4909623093838934,0.3646039346729619,0.6384829826112981,0.2991478514153468,5.9907899196047065
rgb_1720125584,bev_1720125584,-11.213425241193988,-0.532604176318916,0.161189580311112,1.473960833377868,3.1699498795432284,0.4814799234042284,-0.4401263668660845,1.016149851480609,87.82194722772343,43.75437700508703,0.0
rgb_1694978729,bev_1694978729,0.2948022338613829,0.4922946115263182,0.3081423391575917,0.3214349327055462,0.548258781926569,0.2245498913466865,0.2469752298313016,0.3097329081633134,0.1885226949522896,0.1989231241295447,6.587081438599129
rgb_1694918694,bev_1694918694,0.6861517205082663,0.3154489396603537,0.5436133913376122,0.8871940608168436,0.3558687236952801,0.1347807042823962,0.9823425468039724,0.2510470464190967,0.5341883291420028,0.687459796943819,3.492064558031187
rgb_1720249097,bev_1720249097,-11.33115003053175,-0.4517766327920753,0.1261324233363022,1.469330557220328,3.1631181615994564,0.4814527829403348,-0.5896807659688591,1.0040643794275872,78.56471806707535,43.67257892722832,0.0
rgb_1720251661,bev_1720251661,-11.331175495668468,-0.300958263388754,0.1274981112061691,1.4696397289324192,3.15871693075807,0.4852821641839455,-0.6262245895176368,1.015942151960472,78.47377398100502,45.87651868386692,0.0
rgb_1720230774,bev_1720230774,-7.248677008666737,5.3772569021832375,0.1593954299281511,-1.4911065625864932,-1.3439084309426337,0.4347927844178745,-0.3819712678686375,1.336572291809382,-24.79417999303644,54.29518276456376,2.5716580819876174
rgb_1694878009,bev_1694878009,0.2348115863857953,0.8935083566014054,0.1261531236620136,0.8711747447220173,0.8466110754728156,0.5801240562635693,0.7411022911495012,0.4379238001485956,0.5417324849527761,0.919312869428535,6.999956654900172
rgb_1720145606,bev_1720145606,8.852649461323683,-4.022827236831175,0.1210792054649663,-5.653385471677152,2.824530440588504,-0.7072694274580312,0.9680344710039016,1.046638325279213,13.463367665321996,18.011179921206093,3.557081877671891
s2_rgb,s2_bev,18.63013698630137,-4.786556398345606,0.2523052464228935,6.686153146032503,7.485387334956485,-0.9796483361184604,0.5189336268488274,1.4123487031700288,-4.4958800266844605,7.852148388879392,0.0
rgb_1720165019,bev_1720165019,11.036822062326422,-3.838386212031722,0.1211936626077028,-5.653385471677152,2.736178418609862,-0.7069740128038249,0.9661121429490538,1.0417117684245376,-1.1628921395584229,23.70322769892124,0.0
s3_rgb,s3_bev,17.773949217049676,-2.748849887790917,0.0996415280062445,-6.937659810306284,-9.466294472924323,-0.281873869379316,0.1968143891848549,1.2889950464233797,89.14739958028275,25.367645513846192,4.024920955323007
rgb_1694895101,bev_1694895101,0.1690241688730154,0.1584872317419181,0.3889269811833549,0.3070747109117259,0.9972632044551302,0.5969288974391238,0.5298148997171593,0.294730826035122,0.4451977018695493,0.3758936105434275,7.403973686555214
rgb_1720186099,bev_1720186099,15.77681676686592,-10.955136508642465,0.1878211793199816,-1.196001608015493,6.983018480441757,-0.2981218304051237,0.7993047447725055,1.0195523927611765,40.56885018107326,34.09631846773211,3.9996714748107287
rgb_1694942609,bev_1694942609,0.4341326028593487,0.93835689326825,0.6379448597127012,0.7914104139329724,0.1506051645384702,0.7852811225856662,0.6985173998887612,0.8058316002904743,0.4983880193216691,0.3746311084698074,3.5007818879582384
s2_rgb,s2_bev,8.41997730612583,-9.248319318265118,0.1734553249411562,7.705695477754703,8.129541404975651,0.7629928749139028,0.9818008988451709,1.2416677803409844,63.62005146712672,67.89769309025687,0.0
rgb_1694893651,bev_1694893651,0.6350575738377034,0.1327190247576392,0.8748426651014569,0.9220124616851691,0.4334092260164855,0.2906188686250046,0.2547756979985531,0.7649123272126132,0.2028412647544583,0.5283934138431139,3.9121637376590033
rgb_1720235880,bev_1720235880,-11.331175495668468,6.363950078207079,0.1596176792253844,1.4724921916567195,3.1574912258742227,0.4852821641839455,-0.5683743939822126,1.0160248078432434,74.61019863082768,43.84971624089165,3.308972219496161
rgb_1694946572,bev_1694946572,0.5446123513233453,0.894616920702605,0.3262030122801849,0.7165650660619645,0.5858062603857094,0.631796593729001,0.3318236032031405,0.1420492948975109,0.8464145609791148,0.5258139561431869,4.749495731466859
rgb_1694920409,bev_1694920409,0.7250061333647131,0.3177109205166418,0.1043813578218526,0.9971614558412528,0.2768168579907759,0.3060248273451025,0.0515538612308534,0.1485187809434818,0.4194741281937506,0.3131025721961834,5.608611070148353
rgb_1694923349,bev_1694923349,0.6037657163290572,0.9017813081950204,0.5614558697261925,0.6472684412844465,0.9725197957769276,0.5609140215149327,0.5316826582984749,0.1132083818017315,0.9166998686819982,0.7444165812545681,7.648703619689428
rgb_1694844081,bev_1694844081,0.1978239721167201,0.2276552891654604,0.3542310896583369,0.0773315933750677,0.3642839536819932,0.8101728774248249,0.9226325686852822,0.9916663078347396,0.7281864749343396,0.1660845659223219,3.7350280916878793
rgb_1720147033,bev_1720147033,7.415689909085707,-4.162467830117496,0.1137815898492992,-5.653385471677152,2.806224557797295,-0.7072694274580312,0.9680344710039016,1.0332283211648312,-0.98795233463062,26.89666165069156,0.0
rgb_1720242251,bev_1720242251,-8.542416936112945,0.8399889012886739,0.0540280533783925,1.4585129186879229,1.393993334029954,0.4812334291311178,-0.3924857195325706,0.9559737690551576,86.18623734986019,46.568108742827576,4.980880138275753
rgb_1720218171,bev_1720218171,-6.995095460999943,5.3772569021832375,0.1594403355670541,-1.3976826901197017,-1.3439306287492627,0.434791926935586,-0.4089479920139619,1.3085475193753746,-24.74974421899228,43.073478104365925,2.4653080680660886
rgb_1694908253,bev_1694908253,0.497002385292654,0.5618415725410253,0.0347465696645405,0.6891389313342642,0.1016492771045818,0.5867713121188006,0.4395888314887852,0.1630531531857135,0.1499617033875698,0.1556539862104555,3.3866130725472234
s2_rgb,s2_bev,7.800250051482448,-10.441553815886472,0.1734400728787711,7.640639168283322,8.129618744413639,0.7649717289712751,0.8511793716570666,1.2415428672970117,63.70654384502561,68.18156376746055,1.7469217536842088
rgb_1720139017,bev_1720139017,-11.331175495668468,-0.4517766327920753,0.1148535641491282,2.5885709151672014,3.15871693075807,0.4814799234042284,-0.5454620192414873,1.0092933733279557,87.89077345005677,43.67653184359658,0.0
rgb_1694942718,bev_1694942718,0.0537624005961621,0.46619287207734,0.6156476092405587,0.3505597055284577,0.8771214069740594,0.0048769641439944,0.5787093797120044,0.4112644031330416,0.1112010794127578,0.0316720703373241,3.5008224332142945
rgb_1694956704,bev_1694956704,0.3517231940525284,0.1646923741032344,0.1875191965365161,0.3871410153580097,0.1941311257240132,0.0437601699482177,0.8088579755288097,0.2068866149001633,0.3158799952423055,0.7052652297978307,5.233609339643748
rgb_1694976410,bev_1694976410,0.2156063224541397,0.5139010731793748,0.875432348164933,0.058842241335598,0.8396250873804993,0.6945866938740634,0.1963796162079556,0.4805688930737124,0.9647763467589888,0.1279307326072546,4.570807383817475
s3_rgb,s3_bev,3.965124246143468,6.569626178477192,0.0487718041338835,10.0,-3.625072662215352,-0.0269882141498787,-0.5838790711802699,1.43,68.64815641402407,92.0539592858546,1.516017774594586
s1_rgb,s1_bev,-0.4473262133735574,17.84285973346813,0.2866882495465085,6.48488359737949,-3.344263487998047,0.6715287476852849,0.1524817252525918,1.0636598823244543,29.55294394648916,39.993845256108216,0.0
rgb_1720166053,bev_1720166053,10.749760035193404,-4.158336001217535,0.1210818158310634,-5.653385471677152,2.806665774694279,-0.492450331722876,0.714695875605301,1.031699742690982,-1.1628921395584229,23.292097821757952,0.0
rgb_1720249818,bev_1720249818,-11.202714371866358,0.2015708937521587,0.123778600432103,3.400217756983835,3.1588304205114923,0.4814799234042284,-0.4401263668660845,1.015194691106522,88.85779690562507,43.65559407558227,0.0
rgb_1720149287,bev_1720149287,10.567107447940703,-7.167011114344659,0.1214853680670798,-5.653385471677152,2.7362347585464946,-0.7030073198020296,0.9680344710039016,1.0407473077326743,-0.6580865602147554,19.78704846429528,0.0
s3_rgb,s3_bev,11.87561489134652,-3.983405340639564,0.1138626754418989,-2.9967554081277985,-4.45534027286948,-0.1484044986770651,-0.3021638626315493,1.3074862190926415,89.24621322940973,20.79088354066544,3.2056496780517176
rgb_1720215546,bev_1720215546,-7.248677008666737,5.3772569021832375,0.1596009892784975,-1.4911065625864932,-1.3439084309426337,0.4347927844178745,-0.3819712678686375,1.336572291809382,-24.833359460281216,58.93019276311384,2.5470279396466324
rgb_1720261630,bev_1720261630,10.641562435583468,-3.753559132337273,0.1215520228934662,-5.653385471677152,2.8064778968274435,-0.7072694274580312,0.9680344710039016,1.0416189113126346,-0.3750178314339933,18.41240233403594,0.0
s3_rgb,s3_bev,3.965124246143468,6.563135032400439,0.0487718041338835,8.61111111111111,-3.625072662215352,0.1775107633552337,-0.7262624258328381,1.43,27.80412841237187,92.0539592858546,3.639037349436257
rgb_1694843252,bev_1694843252,0.9604877155401408,0.7047430531613571,0.836208251815529,0.2047701774361505,0.7737770760504171,0.4672261260474799,0.7196636703974674,0.4358950344923168,0.0358773354843,0.1243295198141398,4.46326376484696
rgb_1694887656,bev_1694887656,0.0174706026972992,0.8270739634540586,0.3357920380850323,0.1297121045728357,0.288897732070759,0.7376542266275246,0.8426174749874207,0.8981076500189243,0.7931993261802358,0.5870850808551423,3.2747637289532374
rgb_1720228040,bev_1720228040,-7.248677008666737,5.3772569021832375,0.1593954299281511,-1.4911065625864932,-1.3439084309426337,0.4347927844178745,-0.3819712678686375,1.349748186633042,-24.79417999303644,54.29518276456376,2.572568764462118
rgb_1694892464,bev_1694892464,0.9378165835373746,0.4203858032724632,0.9081624235869996,0.4494487060093772,0.2583265257203484,0.4125616764770655,0.4506465724330747,0.1882301118330713,0.3220432544007996,0.5931167973999762,7.437806036479686
s3_rgb,s3_bev,11.875609544571809,-3.763623017729525,0.1078591132798512,-1.412336616500113,-4.808880564098994,-0.5989689502904341,-0.2523340071095028,1.340773379730642,89.24621322940973,9.383677589112915,3.116721879611459
rgb_1720151695,bev_1720151695,10.641562435583468,-3.753559132337273,0.1215520228934662,-5.653385471677152,2.806227223704047,-0.7072694274580312,0.9680344710039016,1.0416189113126346,-0.3750178314339933,18.41240233403594,0.0
rgb_1694980733,bev_1694980733,0.4328467646346942,0.6936929590160369,0.9702043207848536,0.93230588831973,0.3850829072159804,0.3806117332929921,0.5179473612922961,0.4070188396515654,0.2393966720335232,0.3172620407480997,3.500020014364257
rgb_1720124699,bev_1720124699,-11.213425241193988,-0.4517766327920753,0.1238012914251377,1.4692887616385626,3.1699498795432284,0.4814799234042284,-0.4401263668660845,1.0150769995101374,87.87622999185135,43.75437700508703,0.0
rgb_1694979221,bev_1694979221,0.1513677779777492,0.3615338651010421,0.6536181330226144,0.5738204065550282,0.3425264928930061,0.7378364406560122,0.7776504607376649,0.5230659890072963,0.0910692372211089,0.6383544912043785,5.808826623084094
rgb_1720241851,bev_1720241851,-11.327341082461178,-0.4517766327920753,0.1219724843607625,1.472656460592308,3.1694793235047047,0.4810685173231497,-0.6187241970184334,1.0161237313579274,88.98187721623617,42.99433265918607,0.0
rgb_1720125946,bev_1720125946,-10.689790134420162,-0.5354210023276522,0.1238012914251377,1.420629103640351,3.3058887176772966,0.4817968215458434,-0.4401263668660845,1.0150769995101374,87.89077345005677,43.93512183303902,0.0
rgb_1720135439,bev_1720135439,-11.331175495668468,-1.2549635535758554,0.1734895772880352,1.2676354884329637,3.15871693075807,0.5062911163115604,-0.5896807659688591,1.008499742613944,87.89077345005677,43.67257892722832,0.0
rgb_1694945101,bev_1694945101,0.8348813629121815,0.0790535465280595,0.7738333207128847,0.2246527176500535,0.5202423100399379,0.3852300111417164,0.7131352011381181,0.5176733781921566,0.2614125990990998,0.9344097917547908,3.2462340678147736
rgb_1720132906,bev_1720132906,-11.211347531215038,-0.4517766327920753,0.1276907565549564,1.5811048907890388,3.122327310775839,0.4821422712576761,-0.6635743446882094,1.0148785429144207,63.05133444110143,43.78027285356414,0.0
rgb_1694986251,bev_1694986251,0.9064380290227972,0.7201831895059413,0.934034799993091,0.2311620851301938,0.1959530365946113,0.1194380949535406,0.2768465373739439,0.8282475670489112,0.5861445775238143,0.1414136365429721,0.0
rgb_1720212014,bev_1720212014,-7.248677008666737,5.3772569021832375,0.1537537433583602,-1.4911065625864932,-1.3439084309426337,0.5865280303554816,-0.3819712678686375,1.336572291809382,-24.79417999303644,54.29518276456376,3.0372442466436667
rgb_1720122324,bev_1720122324,-11.331175495668468,-1.2549635535758554,0.1596176792253844,1.4724921916567195,3.125177160805297,0.4862132259869667,-0.9595454445430656,1.0160248078432434,87.83309151015206,42.08566772348112,3.826206383256217
rgb_1694979296,bev_1694979296,0.467824410682467,0.6158496040611033,0.5891439089838468,0.6659014656349037,0.9219967374853336,0.2632619584999049,0.9382789993838776,0.961175223929252,0.0652158060871396,0.3016427742573037,7.000001922542907
rgb_1720262587,bev_1720262587,10.567107447940703,-4.235497804172612,0.1210466157573626,-5.653385471677152,2.71906649249784,-0.7030073198020296,0.9680344710039016,1.0386795240120177,-0.612966420729478,19.78704846429528,0.0
rgb_1720212187,bev_1720212187,-7.248677008666737,5.3772569021832375,0.1543084151155528,-1.4911065625864932,-1.3439084309426337,0.4347927844178745,-0.3819712678686375,1.336572291809382,-24.79417999303644,54.29518276456376,2.543783549321033
rgb_1720179094,bev_1720179094,18.67261244911729,-11.230571117702544,0.1732627424412791,-0.5651780891147133,6.144651595718351,-0.3870704700766068,0.9920429211727416,1.06284175721593,65.98130408075329,25.628047820153103,3.997587215329101
s3_rgb,s3_bev,11.87561022609074,0.2622371071149416,0.103590596924245,-2.29241835788711,-4.382928175110587,-0.0864404024515367,-0.6177913853952947,1.2964339942635834,89.38167266950447,20.366353598251628,3.0349151854251826
s1_rgb,s1_bev,-0.4453661176802228,17.64874523988616,0.2848071615236116,6.486604596422483,-3.0798076104697305,0.6453147503739156,0.0607097031458518,1.0393938687447215,36.010799042019045,25.75841161960389,0.0
rgb_1720258964,bev_1720258964,16.189610963444437,-2.7137322114777724,0.1215520228934662,-5.653385471677152,2.8064778968274435,-0.7072694274580312,0.9680344710039016,1.0416149296730677,-0.3519803269857533,19.859801608823044,0.0
rgb_1720148721,bev_1720148721,15.352166524588952,-3.753559132337273,0.1222596089236011,-5.583660539104872,2.81368938439744,-0.7072694274580312,0.95259881287326,1.0416144387882629,-0.68605889748099,19.87011745693633,2.653733215365324
s1_rgb,s1_bev,-7.088442970744609,17.45319920037349,0.2847970691210637,2.68578249038532,-0.8108194808003208,0.5229132971298847,0.1706740475428623,0.9925818578595292,-50.4767358786811,28.080717198900107,3.032682056510124
rgb_1694897617,bev_1694897617,0.2894903767971759,0.8159899587612952,0.7534206207368516,0.1431624018469485,0.1123591819718361,0.1977758835631314,0.5013559052889536,0.1116636316347075,0.1528978898186163,0.3440251313050452,7.361472871667757
rgb_1720248857,bev_1720248857,-11.213425241193988,-0.4517766327920753,0.1238012914251377,2.590514173066863,3.307258264328185,0.4814799234042284,-0.4401263668660845,1.0150769995101374,87.89077345005677,43.75437700508703,0.0
rgb_1694828009,bev_1694828009,0.4312160699767213,0.1586354587645253,0.5802171043964,0.9844804466916568,0.4233001012367813,0.7621938585144097,0.7969146363537909,0.1273442305888354,0.2337134180016815,0.8342663444661709,6.579041492621412
rgb_1694976879,bev_1694976879,0.3301289720937016,0.5204754424917295,0.7282628684150098,0.0855177037696669,0.8500989299605298,0.0913079629476565,0.3902872823044085,0.6478391156148097,0.0560867891055002,0.5014331344454801,6.4051299195394815
rgb_1694979221,bev_1694979221,0.1513677779777492,0.3615338651010421,0.6536181330226144,0.5738204065550282,0.3425264928930061,0.7378364406560122,0.7776504607376649,0.5230659890072963,0.0910692372211089,0.6383544912043785,5.808826623084094
rgb_1694925773,bev_1694925773,0.9587024912148964,0.2423664886044829,0.6389975376534563,0.1182035408549454,0.7860328624893393,0.5318561529823205,0.1787202712256009,0.65090833771086,0.200962749911553,0.3843228549516206,3.500075037318972
s3_rgb,s3_bev,11.981046717442537,-3.8211322851548033,0.1222152327884165,-0.797454869269048,-4.808879774950552,-0.6656750482539461,-0.2810771479005706,1.3007851441218952,89.24621322940973,9.409675764553736,3.116894289580232
rgb_1720224212,bev_1720224212,-8.362207899197674,5.474088045748555,0.1542525629482065,-1.4911065625864932,-1.3439084309426337,0.4347927844178745,-0.3819712678686375,1.336572291809382,-22.4898371883324,54.04751064436949,2.574188810973601
rgb_1694978552,bev_1694978552,0.4587132617823554,0.8045785412012556,0.3060965363897097,0.4628633545955982,0.2065981412526836,0.5889808884674579,0.6091116648224452,0.2665496526714801,0.2322118033526785,0.8154263502640309,6.22945433846829
rgb_1720261891,bev_1720261891,7.820334475048099,-4.155623720139477,0.1137815898492992,-4.045376787586327,2.806224557797295,-0.7366361513330442,0.9680344710039016,1.037288605307154,2.2512318540202187,19.910428330708875,3.6046859104342857
rgb_1694924667,bev_1694924667,0.6480249234798292,0.8813454205930543,0.440756766621901,0.6385085425077884,0.1883274533464509,0.1591456297018841,0.2618822014168114,0.442200295505083,0.1802883558135164,0.0310936967521001,3.500033265757633
rgb_1720174049,bev_1720174049,14.732369325119656,-10.955136508642465,0.1878211793199816,-1.1927786865331225,7.487209930730195,-0.303306789778146,0.798416461312796,1.0602231801328714,45.1679937917734,37.3986104855682,0.0
rgb_1694942779,bev_1694942779,0.9933437398894672,0.8272397651345779,0.8804298184164223,0.1160320699155155,0.4237853944010558,0.0204766475261501,0.0427199509493131,0.0641616444147222,0.5451515193033195,0.3678898899559997,7.430272438794913
rgb_1720156939,bev_1720156939,8.201514113411854,-3.751263747306691,0.1137815898492992,-5.653385471677152,2.806095873126236,-0.7072694274580312,0.9680344710039016,1.0332283211648312,-0.98795233463062,26.89666165069156,0.0
rgb_1694903983,bev_1694903983,0.0199441181650281,0.8607744579879214,0.3672433042210581,0.7130171343981666,0.9163735003805988,0.7339806134341741,0.2300335647842248,0.0435514508393232,0.1909279402250305,0.7280354154184784,0.0
rgb_1720182880,bev_1720182880,18.67261244911729,-10.018804695017966,0.1428646264968371,-0.5656962421727822,6.144651595718351,-0.3870557073681385,0.9920429211727416,1.0703276442608651,65.98130408075329,25.628047820153103,3.995920761137079
rgb_1694898515,bev_1694898515,0.8936719123846468,0.3867714782272107,0.0444912105848313,0.4980396318350153,0.4080239677772279,0.5105347924050949,0.4868982935851725,0.1124867315159365,0.7924399745435545,0.9672576391032592,6.105171385887292
rgb_1720220915,bev_1720220915,-7.248677008666737,5.3772569021832375,0.1655532328652444,-1.4911065625864932,-1.3439084309426337,0.4347927844178745,-0.3819712678686375,1.336572291809382,-24.79417999303644,59.45744018752666,2.5457762253603087
rgb_1720251701,bev_1720251701,-11.331175495668468,-1.2549635535758554,0.1596176792253844,1.4724921916567195,3.124618062011823,0.6480255742912651,-0.7133710389875834,1.0160248078432434,87.83004477039296,42.04505445041697,0.0
rgb_1694917445,bev_1694917445,0.9173856889665548,0.2862922530761782,0.719285223405339,0.1774293728323103,0.4888646612990904,0.5346170126333003,0.7318861053296647,0.0610116154902855,0.9387069439651652,0.1882262016471263,5.728480632858573
rgb_1720185185,bev_1720185185,18.67261244911729,-10.018804695017966,0.183361097839372,-0.5652194214262192,6.144651595718351,-0.3843397905594879,0.99203876670278,1.0633385189773277,59.57068233422558,25.777316425023027,3.991408101542786
s2_rgb,s2_bev,8.41997730612583,-12.940470652478991,0.1734443556218984,7.705625011196343,8.129388615948809,0.6146235831714586,0.981908561430266,1.2416677803409844,61.3839475491737,75.42949526115058,0.0
rgb_1694947431,bev_1694947431,0.0271277962545184,0.612539983033782,0.1635034970457869,0.9443750367626385,0.429950572053961,0.6944988491648559,0.4967654665843929,0.61931490282573,0.8101879092407748,0.601354646894276,4.856975695311657
rgb_1720140707,bev_1720140707,-11.120912546681552,-0.4517766327920753,0.1234434543848002,1.469330557220328,3.171869745049861,0.4821838860057961,-0.4042030699896232,1.0148785429144207,89.22033087566888,43.66495360886808,0.0
rgb_1694901290,bev_1694901290,0.6894961315315853,0.3784697898279313,0.387455426772233,0.0183486122006087,0.5498744183023836,0.0996886509838776,0.7500657267232218,0.1937023376184007,0.4741096662005505,0.479800442480353,3.4999052202473084
rgb_1720240889,bev_1720240889,-11.214786701340426,-1.301573971589672,0.1596176792253844,1.459660766059944,3.129215518318846,0.4852235833714136,-0.5572254224153955,1.0160248078432434,75.44904935038792,43.67545044935718,3.114165874725846
rgb_1694958441,bev_1694958441,0.5583397847157064,0.9526918770752671,0.1098209146386131,0.0138795308653757,0.693402117817011,0.4022870342301039,0.2404228753286108,0.4537703516257285,0.5270631899003444,0.3308504110294623,6.9999663393263685
rgb_1694836246,bev_1694836246,0.5283581211749288,0.6664696317483282,0.5168228929611376,0.2082645997994342,0.6481019708333585,0.3676208114771234,0.7412349477655421,0.4004884318520311,0.2972410312973369,0.4625043224020344,3.500121289758273
rgb_1694843625,bev_1694843625,0.2155220462845081,0.8294495932888223,0.2743241088612099,0.1685037664686209,0.8336398721009276,0.798822282427677,0.4066295380861743,0.7922036327548359,0.8378172921683723,0.346339057296984,4.526897245643455
rgb_1694873298,bev_1694873298,0.44091958373958,0.8160568916755283,0.7210786670350029,0.4361403847423124,0.8343962096109607,0.3194288591023743,0.9634387960247632,0.8686710933643957,0.1360543701373316,0.0220428544815836,7.214872881477357
rgb_1720168676,bev_1720168676,19.90704487025377,-13.931166461959634,0.1928931996616365,-0.1187873946561506,7.432578732265998,-0.3351020207975799,0.6361078626820953,0.9584358093758876,69.96859050629104,35.270041323645415,2.496789256528712
rgb_1694828076,bev_1694828076,0.4709964365092349,0.8930040522584195,0.773797452868503,0.3323379442385052,0.912481887865824,0.7242628644222178,0.1620068272940312,0.4373225873702245,0.9520464832912044,0.2707810074106472,6.579041492621412
rgb_1720236801,bev_1720236801,-11.077680910302416,-1.2549635535758554,0.1589491173670513,0.7032788185688315,3.15871693075807,0.4862132259869667,-0.3856575531454892,1.0151260187811175,87.89077345005677,43.76873654198822,3.504952451596273
s3_rgb,s3_bev,15.917788190286052,-3.983405340639564,0.1004928717482631,-6.717669023913508,-9.158525667645346,-0.2830170368666325,0.1968143891848549,1.289167905564373,75.90813707656957,30.700645598450983,3.2104703727972166
rgb_1694867196,bev_1694867196,0.8550360930208932,0.0634042443464063,0.5244353484860587,0.8476972860984016,0.1122145157200409,0.5084608478806271,0.8309312204606356,0.5957225739278763,0.2165239834291528,0.711576578976494,6.999925377314432
s3_rgb,s3_bev,3.2035827392130543,6.563135032400439,0.0487718041338835,10.0,-3.625072662215352,0.1775107633552337,-0.7938299934004056,1.43,90.0,82.51197455303017,2.7609373766295944
rgb_1694822670,bev_1694822670,0.7365400801768865,0.3282424213558248,0.3253955983036727,0.6555635489081677,0.1953323449037277,0.9573808166666632,0.7303425310948258,0.3257071714230708,0.8804934583121088,0.057248903500643,7.779296880985904
rgb_1694824394,bev_1694824394,0.7654146573667547,0.8411597145712384,0.698474067762435,0.0568697462929606,0.6268213354814524,0.592610182333484,0.76841762926778,0.9698415415990702,0.7388017313769111,0.3503383095068128,7.765447613949897
rgb_1694915883,bev_1694915883,0.9023596362949288,0.0883263719482637,0.347145006917074,0.9684697425800708,0.6804216692716016,0.2599781349533434,0.413084190585823,0.3360509854363323,0.782455413766625,0.356401786105496,7.539823831710874
rgb_1720151233,bev_1720151233,10.593560527277546,-3.1547757689450826,0.1215148913348738,-5.653385471677152,2.736241752754145,-0.7152037647810582,0.9680344710039016,1.031699742690982,-1.1628921395584229,23.70322769892124,3.2278955064817523
s1_rgb,s1_bev,-0.4473262133735574,17.463218031426994,0.2773894855158774,6.48488359737949,-0.7708190781809918,0.6715287476852849,0.2495522524063336,1.0181328342527725,29.55294394648916,19.18096104832455,2.986812395586496
rgb_1720240529,bev_1720240529,-11.331175495668468,0.0583447931483505,0.1532456527381133,1.4724921916567195,3.15871693075807,0.4852821641839455,-0.419893689696693,1.0160248078432434,87.89077345005677,48.67550264546552,0.0
s3_rgb,s3_bev,12.211777458734248,-1.5582670401011285,0.102417137130576,-2.9967554081277985,-4.45534027286948,-0.1484044986770651,-0.3021638626315493,1.3293067841868116,89.24621322940973,20.79088354066544,3.670941779868089
rgb_1694911972,bev_1694911972,0.3023108236975299,0.0091445573978883,0.5109731361789972,0.1984276290464448,0.1201856233328954,0.6700694229070349,0.8967019936741496,0.7397658648203999,0.8290276720466849,0.7833113308053976,0.0
s2_rgb,s2_bev,8.41997730612583,-12.940139921855204,0.1734442971837771,7.463340965701406,8.129360923438101,0.9506122696699972,0.9718111458848336,1.241862393696504,60.72384562087419,67.89769309025687,1.7057700792004162
rgb_1720130334,bev_1720130334,-10.700088113861302,-0.0688026775567927,0.1596176792253844,1.4724921916567195,2.3724264172136884,0.4852821641839455,-0.6260523388797081,1.0160248078432434,87.89077345005677,45.81035182744976,0.0
rgb_1720234239,bev_1720234239,-11.32939797643436,-0.4517766327920753,0.1236156869897536,1.4693269230836885,4.336167741914887,0.4819965130120005,-0.4477468575861447,1.0150766257231818,87.89077345005677,43.75437700508703,0.0
rgb_1720186325,bev_1720186325,18.777511501929148,-13.931166461959634,0.2028746903917656,-0.1187873946561506,7.24861853416018,-0.3174167799815167,0.6361078626820953,0.9593486448800038,49.38369127333118,35.271622737975704,2.4654794018853394
rgb_1694921256,bev_1694921256,0.8475632212088113,0.614725146568145,0.3364446442546008,0.9831656615954164,0.4248561118554641,0.7372290269279401,0.5503746303862069,0.4002001805321887,0.5342791278883289,0.5340691876719872,6.13031265553005
rgb_1720134474,bev_1720134474,-11.213425241193988,-0.4517766327920753,0.122174447545754,2.590514173066863,3.307258264328185,0.5070906960230583,-0.380605656376534,1.0150769995101374,87.89077345005677,43.67533459865111,0.0
s3_rgb,s3_bev,14.031942933178618,-19.932708024158963,0.0970608884878074,8.081207217754747,5.735996131675128,0.8358008816994646,0.9103322232511716,1.083862030287192,66.87478868207018,91.66501166422049,4.735622326666674
rgb_1720170533,bev_1720170533,19.04724453926454,-5.24853850928193,0.1491145820174459,-0.676448385816597,6.472771966809887,-0.4465285367255255,0.9968821114721256,1.151744921475426,64.43943081071856,24.326811465192343,4.001693176207238
rgb_1694844820,bev_1694844820,0.5369226415212153,0.8644155785317724,0.338881662047354,0.6751134548676246,0.9812279587045843,0.8333283017597578,0.4857792024109385,0.0416046783676528,0.0064260424874111,0.1438342605281999,3.500075037318972
rgb_1720153248,bev_1720153248,10.559245757427522,-4.224616819109322,0.1210811265674365,-5.653385471677152,2.746960932080322,-0.7147044094512425,0.9680344710039016,1.031699742690982,-1.1628921395584229,21.12358764273602,3.142136487768969
rgb_1720265844,bev_1720265844,8.073417296146129,-3.753559132337273,0.1140037542461318,-5.653385471677152,2.806224557797295,-0.7072694274580312,0.9680344710039016,1.0319839349622364,-0.6791479382141716,31.461342610036265,0.0
rgb_1720239006,bev_1720239006,-11.213425241193988,-0.4517766327920753,0.1238012914251377,-0.1349003025092905,4.426897445843634,0.4814799234042284,-0.6349989873282589,1.0206522036561902,85.77504739173534,43.7550280248954,0.0
rgb_1694976043,bev_1694976043,0.2203716480624156,0.3710996594032869,0.9520567586764592,0.235097956292569,0.2635768289091519,0.0253464936643708,0.6269430423946961,0.0118651071219524,0.2069998428339055,0.3879598169675745,3.499993819471846
rgb_1694949010,bev_1694949010,0.1567009615460374,0.461790034778446,0.9714917738693276,0.0435850305818957,0.5185611651035548,0.7294836876672571,0.6045916305475969,0.97428218645428,0.6752482277633081,0.8764869530019198,6.139866733606899
rgb_1720166824,bev_1720166824,8.201514113411854,-3.753559132337273,0.1137815898492992,-5.653385471677152,2.806224557797295,-0.7072487850708685,0.9680344710039016,1.0332283211648312,-1.128638040251985,26.89666165069156,3.22949681676072
s3_rgb,s3_bev,12.069440232851882,6.563135032400439,0.1911089112705517,-3.2549449737132763,5.373686306542907,-1.0,0.8278381464289895,1.3101275436771025,8.174902676275906,82.51197455303017,4.5423307642624415
rgb_1694915312,bev_1694915312,0.3630283934009568,0.3618886995634038,0.8528520528180087,0.4000210997104227,0.8140720966635164,0.6738025562037384,0.1171031740184742,0.6154142170949788,0.7228048973108289,0.4219003875736579,3.5066090729003085
rgb_1694957103,bev_1694957103,0.3217125224396001,0.0185452531148216,0.9206798601334104,0.63595984917318,0.3749337105799245,0.4472162647281471,0.4919568367772093,0.1283736123587517,0.0202106039214198,0.8487506071493595,4.663058499339896
rgb_1694894517,bev_1694894517,0.6254161176131454,0.6863602674328807,0.8353544616671287,0.1254213346255565,0.4721210938697956,0.3596382355194201,0.4399898689860598,0.8557029353378138,0.7605528511647004,0.3859063781159372,7.62542812912505
rgb_1720244812,bev_1720244812,-11.213425241193988,-0.4517766327920753,0.1276213950941731,3.1230558725436097,3.307258264328185,0.4814799234042284,-0.4401263668660845,1.015811810518675,87.89077345005677,43.66205822503971,0.0
rgb_1720225226,bev_1720225226,-7.009379377254019,5.047746676377486,0.1593882936020254,-2.575437445659756,-1.5947056688486183,0.434791210154466,-0.3775410034565798,1.3710732995500488,-33.80382873907721,42.46637203400726,2.4764375440249413
rgb_1720169017,bev_1720169017,19.039484427024924,-7.257178328525855,0.1533477639552684,-0.5666638343582733,5.919798392883973,-0.4041527361273908,0.9970942856778606,1.1333483546806504,64.43893550039618,24.326811465192343,4.001639261373465
rgb_1720224036,bev_1720224036,-6.995095460999943,5.3772569021832375,0.1594064079761208,1.0562795106723009,-1.521000435892356,0.4347743336207439,-0.3808047497743259,1.3092586640132962,-25.118951960728424,43.073478104365925,2.5126626671165977
rgb_1694902581,bev_1694902581,0.4584927496603789,0.3858621982608445,0.1172028060773593,0.1855807528314927,0.2324735672808285,0.3262264695205813,0.9409273305928852,0.2388650423106527,0.0797843921715255,0.1994062085493216,7.458033380050791
rgb_1694867877,bev_1694867877,0.8243640089359294,0.4344783622047933,0.2318060527710403,0.5992099767609197,0.723500957596106,0.1463504359496954,0.3571315855726029,0.2075359727032878,0.8458566632612573,0.8227718467926546,3.4999871886118767
rgb_1694984437,bev_1694984437,0.8492612729908222,0.1138094650722425,0.5926810439953988,0.9883786700953968,0.7503401647578729,0.4173065578212956,0.1698977960813377,0.2289880691865679,0.6295275492945466,0.6051968996548017,2.7392534983129453
rgb_1720211926,bev_1720211926,-7.248677008666737,5.3772569021832375,0.1537796826267916,-1.4911065625864932,-1.3439084309426337,0.4347927844178745,-0.3819712678686375,1.336572291809382,-24.79417999303644,54.29518276456376,2.543023489275704
rgb_1694951588,bev_1694951588,0.4422673428812944,0.4992162268419819,0.9620997885527226,0.0057162128596974,0.0192270840945261,0.0751732339807778,0.0320638980223806,0.6185341255483189,0.0531110832257369,0.540762297596321,3.263695514438428
rgb_1694838018,bev_1694838018,0.4903263398327818,0.2742564327272516,0.4793507172229487,0.4431211194854567,0.363770845217041,0.3029739150825621,0.598376692402739,0.691840666345435,0.66011786902841,0.984012076678489,3.4999283826900296
rgb_1694868891,bev_1694868891,0.1543528649839085,0.7716082203531631,0.8995682765918771,0.4359204400213317,0.2616149818900681,0.4905647065502938,0.8614057780867664,0.3290649454152931,0.8717528331865483,0.486457874927697,7.386157399926535
rgb_1720137328,bev_1720137328,-11.213618366660402,-2.3123983929192846,0.1564484522807207,2.590514173066863,3.307258264328185,0.4814055584800401,-0.6933978106495025,1.0160396472579998,87.89137581504374,43.75437700508703,0.0
s2_rgb,s2_bev,18.63013698630137,-6.887396734480059,0.0901002600162908,5.545577155157112,4.18782589761252,-1.0,0.5189336268488274,1.43,-4.4958800266844605,7.852148388879392,0.0
rgb_1720158392,bev_1720158392,7.652399917249859,-4.155623720139477,0.1128684737678599,-3.97946988501316,2.734700390204329,-0.7038473266637422,0.9680344710039016,1.0333363933565964,-9.499672019548711,19.910428330708875,0.0
s1_rgb,s1_bev,-3.6606355787802016,9.624237653742044,0.0,-6.499205381501714,-10.0,-0.4835763427929522,0.2877927591729683,1.370106906233734,79.88727869349773,94.89412177013908,0.0
rgb_1720123814,bev_1720123814,-11.213425241193988,-0.4517766327920753,0.1238012914251377,1.4692887616385626,3.1699498795432284,0.4814799234042284,-0.4401263668660845,1.0150769995101374,88.98187721623617,43.75437700508703,0.0
rgb_1694944300,bev_1694944300,0.2755315495423528,0.6921902562341996,0.2276574671731041,0.6574823938220116,0.0616802679743285,0.6035728003622214,0.980254972090185,0.297860935322157,0.2868536623707916,0.4618638259479046,5.877987959415168
rgb_1720184613,bev_1720184613,18.053457464742564,-11.200686750564325,0.1880017759435958,0.1153012298853894,6.144651595718351,-0.3843397905594879,0.9919486848478892,1.064405258471021,59.562970632667685,25.938435857760066,3.9868209068032914
s1_rgb,s1_bev,-3.6606355787802016,16.308627550863367,0.1573348336122097,3.417781550810421,-7.0007761133599935,-0.4544596591967312,-0.9875846762894124,1.170268535087009,9.100298410968506,56.44617275167779,0.0
rgb_1720135157,bev_1720135157,-11.330615939975514,-0.4517766327920753,0.1276907565549564,2.6492986117116963,3.0688815703230947,0.4821422712576761,-0.5896807659688591,1.015072682688815,75.79262813986625,43.67745035892855,0.0
rgb_1720164104,bev_1720164104,8.197497697469483,-4.160433559592743,0.1223454623055547,-5.653385471677152,2.806224557797295,-0.7072694274580312,0.9680344710039016,1.0333378879647972,-0.98795233463062,26.89666165069156,2.8401435900584664
rgb_1694948028,bev_1694948028,0.9811918421517806,0.6494398489826474,0.2741628582755523,0.637945650847738,0.0318370173553651,0.1701550839234955,0.1210565855310723,0.1258565435348578,0.8254609116624888,0.6350742552686428,3.485764731503496
s1_rgb,s1_bev,-0.4473262133735574,17.463218031426994,0.2848071615236116,6.711548795975047,-3.3146159024387463,0.6715287476852849,0.2495522524063336,1.0393938687447215,29.55294394648916,26.62415918208476,0.0
rgb_1720227292,bev_1720227292,-7.248677008666737,5.3772569021832375,0.1593954299281511,-1.4911065625864932,-1.3439084309426337,0.4347927844178745,-0.3819712678686375,1.336572291809382,-24.79417999303644,54.29518276456376,2.54459152615671
rgb_1694867032,bev_1694867032,0.4750834406941435,0.1035337301220256,0.4970317496148343,0.2570786203658083,0.9950280200768118,0.9507335052047032,0.0984695460653934,0.0201505709941522,0.9973871809458,0.3068259830016612,7.086494626798131
rgb_1694893825,bev_1694893825,0.114158454008949,0.4254476570320883,0.7416383030101918,0.0247896740111523,0.6022881804131662,0.8454380567732437,0.518498292989615,0.5123171146638273,0.3288184861986534,0.881004061930429,7.614136199782975
rgb_1694897304,bev_1694897304,0.5715611340274288,0.8880857192985512,0.1550343269808588,0.2333361932321814,0.0505318958373357,0.5642137570749476,0.7172811863612204,0.2539722717637287,0.2564272615416684,0.6576315628331886,3.4999414337151475
s2_rgb,s2_bev,8.41997730612583,-12.989144326045976,0.1765469235358364,7.718496168674573,8.15871391976625,0.7014830200086906,0.9726435500045228,1.2416677803409844,68.40596930427745,68.12916793357027,0.0
rgb_1694892725,bev_1694892725,0.1070566637192756,0.6681660725161525,0.8881229348458323,0.9494841773427138,0.273993436949004,0.6230641193153503,0.8133135305151057,0.0592910739020503,0.8752366149510851,0.4616354360920791,0.0
s1_rgb,s1_bev,-0.4473262133735574,17.463218031426994,0.2848071615236116,6.711548795975047,-3.315004179720324,0.6715287476852849,0.2029759186042424,1.0393938687447215,25.78570402459492,26.62415918208476,0.0
rgb_1720175343,bev_1720175343,18.00043769597189,-6.354206864510253,0.1863036323779499,-1.1963459681014506,8.06293431380794,-0.3017414441546976,0.7993047447725055,1.0275111828251546,45.09124036232959,35.217213186769435,3.999897541010057
s1_rgb,s1_bev,-0.4473262133735574,13.103536201074933,0.2848071615236116,6.488215665430322,-0.7848930668313779,0.6479971702073712,0.2495522524063336,1.0393938687447215,29.55294394648916,26.73136230077705,0.0
rgb_1694890446,bev_1694890446,0.6670688007536402,0.0876153533747482,0.5315571165437297,0.1890080439474734,0.5741573607783953,0.2979207647835475,0.4937407500380643,0.7984677589795713,0.3120386971983836,0.2003233748985047,3.500002863811717
s3_rgb,s3_bev,11.87561030803422,-3.241820110613446,0.1078591132798512,-1.699457960150001,-5.00641547820014,-0.1413743966546503,-0.2754643748261731,1.304355139673022,89.24621322940973,18.266558933054743,3.2082406498474643
rgb_1720162779,bev_1720162779,8.633953903645466,-4.127625888970004,0.1136813060222364,-5.653385471677152,2.806224557797295,-0.5032709524375327,0.9680341912657024,1.0332283211648312,-1.128638040251985,26.89666165069156,0.0
rgb_1694870401,bev_1694870401,0.6236710243565174,0.1786234649656383,0.3176931218957504,0.9179278106681628,0.7129720482718439,0.4579370530750042,0.2174057481877138,0.910473034738721,0.1953594629272097,0.1390876281415755,7.623647248330384
rgb_1694916480,bev_1694916480,0.0527392063904998,0.3393580774291301,0.4444297040853617,0.4530833337678225,0.3190475249496503,0.555444885405008,0.4586969352324722,0.2115294238129078,0.5795321580343661,0.7866639300210498,4.14873090297788
s2_rgb,s2_bev,18.92656233748623,-14.160124007207331,0.2763162510561785,6.686153146032503,6.429978363980233,-0.9796483361184604,0.5189336268488274,1.3722050461141122,-54.36200908394686,47.2221021166708,3.4539646272479305
rgb_1694872089,bev_1694872089,0.1284774389777087,0.2262409786516701,0.4131972033103037,0.0541296583560857,0.7428467438141814,0.4433104989091182,0.4693223840452959,0.4003963096582819,0.6757192386389318,0.7782731461092801,3.5000247722363342
rgb_1720211838,bev_1720211838,-7.0020304691245645,5.3763263980122815,0.1594403355670541,1.180996717409336,-1.3439326925271151,0.4347931817500574,-0.4268823119872776,1.3074471457215715,-34.92626415700576,38.79695813888731,2.4718900242601625
s1_rgb,s1_bev,-3.6606355787802016,14.269340974212035,0.0170842824601366,0.6110844787553855,-8.412834236530562,-0.4544596591967312,-1.0,1.1895903016485234,26.322472740953803,94.89412177013908,0.0
rgb_1720126550,bev_1720126550,-11.31577190510457,4.250236826887914,0.1283254258170929,1.564649788469712,3.293753653455333,0.4821058794484767,-0.5896807659688591,0.9905167731547124,75.79262813986625,43.75700228884329,3.8282089774009833
rgb_1694889460,bev_1694889460,0.5857621351519005,0.0187220710010895,0.9399586388584776,0.7209684913454087,0.8160127871583265,0.8588378868188352,0.3470198636839801,0.3227375698061451,0.5989023004238698,0.3084130906079806,3.5000156974488905
rgb_1694921398,bev_1694921398,0.7425752903395401,0.7451998746297317,0.2333917076822418,0.6721531164667014,0.1919316328211946,0.830967724926121,0.328057545031321,0.1016224280364681,0.0361550366542714,0.3886391792728177,5.430565266790087
rgb_1694921117,bev_1694921117,0.8155229089703888,0.8982707575563331,0.906112427823578,0.8048388320027817,0.9577944387084504,0.9096099321498656,0.938410973611711,7.105230431470044e-05,0.316678310293778,0.4978161423533043,7.629655541937234
rgb_1720131942,bev_1720131942,-11.331175495668468,-1.2549635535758554,0.1596176792253844,1.4724921916567195,3.15871693075807,0.4862132259869667,-0.5896807659688591,1.0160248078432434,86.27186158322621,43.67257892722832,0.0
s3_rgb,s3_bev,11.874913297078908,-3.983405340639564,0.1023856507244411,-6.069791269410713,-5.1266533887047645,0.0005046729950373,0.1960889158284922,1.302252151646101,89.24621322940973,18.88531315534958,3.1750528323005587
rgb_1720253850,bev_1720253850,8.201514113411854,-3.753559132337273,0.113341084445496,-5.653385471677152,2.810529734948764,-0.715384542439718,0.9680344710039016,1.0120632573516328,-1.156671110302625,26.94961559351683,2.96993185824775
rgb_1720224741,bev_1720224741,-7.248677008666737,5.3772569021832375,0.1593954299281511,-1.4911065625864932,-1.8770193478340484,0.4883080205476557,-0.3819712678686375,1.336572291809382,-24.79417999303644,60.19483639881618,3.640016444505963
s1_rgb,s1_bev,-1.5773022454468697,17.22222222222222,0.1573348336122097,1.3756104726391776,-7.0007761133599935,-0.4544596591967312,-0.7329475257452798,1.118140875512541,14.857725000223368,94.89412177013908,0.0
rgb_1720138454,bev_1720138454,-11.331184061037982,-0.4517766327920753,0.1439667862035228,1.469330557220328,3.122327310775839,0.4821422712576761,-0.6265820218101188,1.034133676153461,63.05133444110143,43.67257892722832,0.0
rgb_1694894773,bev_1694894773,0.6840486591239823,0.0289607116438815,0.2684909653332503,0.99915157379202,0.6365562652413386,0.0030464512368084,0.95464873389206,0.2070433161541088,0.7536259276703247,0.4576059429659519,6.288697820631354
s1_rgb,s1_bev,-0.4473262133735574,12.340351353122813,0.2848071615236116,6.488215665430322,-0.7894652036717797,0.6678009815547017,0.2528889936033856,1.0393938687447215,29.55294394648916,25.62658971433532,2.9966469845196624
rgb_1720264445,bev_1720264445,10.850971752702936,-3.747092959808839,0.1089618702836631,-6.202706676344142,2.688003832430759,-0.9704027634897228,0.955521551474102,1.0331137738711953,0.0215382864154349,23.62030316799536,3.562594886079903
rgb_1720238566,bev_1720238566,-9.074267722815366,-0.2857865040432585,0.1849957006517642,1.303253797615865,1.404004987339702,0.4814799234042284,-0.8743257598700122,0.9453116494920292,87.51770332965316,37.522916617062414,3.44201743410011
rgb_1720264639,bev_1720264639,10.744819365734529,-4.117966043445467,0.1210843855340062,-5.653385471677152,2.81753147839016,-0.5086007164864891,0.9680328375438574,1.0217436388558456,-1.1628921395584229,23.292097821757952,3.586166439745186
rgb_1694922935,bev_1694922935,0.7172134542409694,0.9827173878418636,0.2073102886920175,0.657244319714989,0.0876437290315177,0.9154002759646512,0.6753965039483615,0.1850848497272785,0.6295117610190609,0.5413040546428752,3.4992248291947368
s2_rgb,s2_bev,20.0,-4.786556398345606,0.2863325740318906,6.686153146032503,3.768634385270986,-0.8511904761904762,0.8556339635491641,0.995935046977332,-75.75280382525987,0.0,3.9768249599380976
s2_rgb,s2_bev,6.3425590214719625,-9.607894204160017,0.1734233910740375,7.705693677428722,8.158029544630846,0.6317236444244725,0.9734244183734077,1.239419432486191,81.01316648183133,69.82677603629611,0.0
rgb_1694905590,bev_1694905590,0.069181375998121,0.0152567252987076,0.1037194535843845,0.8457765950589453,0.4029327157412532,0.3061634618535228,0.066628472057488,0.0960361637844817,0.8552953874633341,0.4152563616714572,3.913751203629453
rgb_1720237001,bev_1720237001,-11.331175495668468,-0.4517766327920753,0.1596176792253844,1.4724921916567195,2.0280944585014087,0.4858688954721053,-0.5454620192414873,1.0088682761859795,87.89077345005677,43.67257892722832,0.0
rgb_1720170571,bev_1720170571,16.173595113860287,-10.771043850240758,0.1928813897113866,-1.7579693448283145,7.522521479733342,-0.2959146342423521,0.7062764054926247,0.9584358093758876,49.278974432660505,35.23358360728263,3.995436585526409
rgb_1720184235,bev_1720184235,18.893460302370144,-10.7818033426713,0.1597917910981891,-0.566650879918468,4.925698192948556,-0.3868542041727874,0.994249927992372,1.0689891129334728,67.11249885350728,24.326811465192343,3.98938847854407
rgb_1720184273,bev_1720184273,15.73577600246945,-5.928511922571493,0.1883309238350779,-1.1996069081204457,8.604993813094215,-0.2967233274787948,0.8454723323654316,1.0404848409429408,44.74117154920276,31.233218267101726,3.0563216303847693
rgb_1720152521,bev_1720152521,8.894269903945222,-3.753559132337273,0.1210818256128741,-5.653385471677152,2.808942568385337,-0.7072672895300223,0.9680344710039016,1.0427579026566065,-1.1214776409701273,19.034639883446143,0.0
rgb_1694874325,bev_1694874325,0.9734277054730436,0.0941206324047774,0.4736825363890788,0.9508147766469852,0.2058701201572644,0.9412881558745392,0.7744763502237592,0.4276945370372373,0.930895267115184,0.1697889524555904,7.47342005520647
rgb_1720221657,bev_1720221657,-7.248677008666737,5.3772569021832375,0.1593341299494101,-1.4911065625864932,-1.3439084309426337,0.4347927844178745,-0.3819712678686375,1.336572291809382,-24.79417999303644,54.29518276456376,2.5427552822981863
rgb_1720268253,bev_1720268253,8.164771742614558,-2.460781586374452,0.1137815898492992,-4.045376787586327,2.806224557797295,-0.7035006570379856,0.9680344710039016,1.0327365182016477,-0.6917478688788066,32.736959916818904,2.6346090106903737
rgb_1720173027,bev_1720173027,19.0416548847822,-7.25845846484717,0.1533477639552684,-3.234333655642226,6.472771966809887,-0.3866839179343616,0.9971216936175538,1.1412221544388086,64.4420032826198,22.61892167984117,3.992649373717332
rgb_1694979943,bev_1694979943,0.4883012146009747,0.5383233016340421,0.7042570177057741,0.177731645172802,0.866063173635728,0.7754876649547028,0.3364414919553506,0.563403882530637,0.128020818722092,0.2650560834368088,6.551684949901226
s3_rgb,s3_bev,11.875603823000624,-3.983405340639564,0.101700523315825,-2.2853569241977887,-5.023486024201008,-0.1525221864708891,-0.3021638626315493,1.316805447194612,89.24621322940973,20.79088354066544,3.1146786325179683
rgb_1720185798,bev_1720185798,19.890066140943446,-13.931166461959634,0.1928931996616365,-0.1231366710644081,7.377149078855318,-0.3162562774555117,0.585858901123224,0.9584960754055892,72.29188516968253,35.270041323645415,2.669850506324428
s1_rgb,s1_bev,-0.4473262133735574,17.462480459217687,0.2848070103141549,6.408854276823488,-3.0645953320742905,0.6715287476852849,0.1944242543671315,1.0393938687447215,-49.67595826048761,28.36072336575184,4.026200647724127
rgb_1720180991,bev_1720180991,18.73327136688241,-10.039709982756138,0.1603803695153605,-0.566650879918468,6.144651595718351,-0.3868542041727874,0.9919544647242748,1.0686443280965412,66.96116058103544,24.326811465192343,3.992248022663254
s3_rgb,s3_bev,3.965124246143468,4.0186057703139255,0.0487718041338835,10.0,-3.625072662215352,0.2965583824028528,-0.7262624258328381,1.395647591950607,13.146147956345803,92.0539592858546,0.0
rgb_1720212058,bev_1720212058,-7.245079557964667,5.3772569021832375,0.1594719556325411,1.280478611924929,-0.9866014860510076,0.4347817733857466,-0.3759567148271798,1.3727531675264966,-24.79417999303644,54.2951936681906,2.613487332746718
rgb_1720183216,bev_1720183216,17.206099887772282,-10.771043850240758,0.185701204538151,-1.1958682231545588,7.005315682029064,-0.3052935450952692,0.793464706707455,0.990270906891396,50.164878113010815,39.970375343109545,3.994372297462157
rgb_1694890785,bev_1694890785,0.2223826789565814,0.8852042026608417,0.7792953265842814,0.1913524582807787,0.2088675180747817,0.3855561363810434,0.0974257578384817,0.1731017795037072,0.8363744458488509,0.3419935421520752,7.915842982646516
rgb_1720214973,bev_1720214973,-7.25641760524049,5.703800938823569,0.1594719556325411,-0.273568128907101,-1.0827810167020466,0.425876030227752,-0.1193215435535137,1.297275137100188,-24.969885109743657,54.27517188265969,3.5323589429426563
rgb_1720168713,bev_1720168713,19.050687367058494,-5.551803891851698,0.1533477639552684,-1.7797697366855552,8.105470348866913,-0.4386141648244103,0.9987795575915372,1.2036919282658542,60.47320480148196,21.52413301738192,4.001564234493624
rgb_1694873386,bev_1694873386,0.358681326076978,0.9215121897192028,0.0049595242943712,0.0096260222918566,0.0651498440659176,0.3033851283569961,0.4784770219516997,0.1326319713419127,0.3121587682114507,0.4890349177461586,6.844901099818688
rgb_1720177271,bev_1720177271,19.0416548847822,-7.258532875188649,0.1476116275921868,-0.5666638343582733,7.32534505320125,-0.3866839179343616,0.9970427638513312,1.1336866771329366,61.09146054637884,24.326811465192343,3.991526532951041
rgb_1720142038,bev_1720142038,-11.209192199971715,-0.4517766327920753,0.1517652625067342,1.4724921916567195,3.170393580459475,0.4814799234042284,-0.4409437882898007,1.0090071608918374,87.89077345005677,43.67257892722832,0.0
rgb_1720167542,bev_1720167542,10.74342925965049,-4.153811258197424,0.1210805302804215,-5.653385471677152,2.758528532418751,-0.4417753018799391,0.9680562119723348,1.031699742690982,-1.1628921395584229,23.292097821757952,1.3724499732620083
rgb_1694872955,bev_1694872955,0.2740327922533212,0.1694141178090566,0.2177337113570158,0.4839274582467264,0.1166629987902134,0.0899439697291869,0.8074382620930222,0.2210385266573883,0.9346297575341732,0.041842000533244,3.5006851941264485
rgb_1694872001,bev_1694872001,0.5281678397281518,0.8602284094692523,0.4980040959820657,0.8983586533860425,0.8184969057465533,0.7678465051224401,0.5522821499825724,0.9897430593478768,0.1688863507416863,0.6583574145905794,6.694752323382499
rgb_1720179893,bev_1720179893,17.96921410921412,-10.917210316448076,0.1876104082647515,-1.1911149678450317,7.513694117697433,-0.296062589993929,0.7999047521232603,0.9899451454218504,41.2727251436518,35.217280828039605,3.994263364335918
rgb_1720173743,bev_1720173743,14.590346483331544,-10.753254092254103,0.2322699133880087,-1.2371486721032916,7.058061755925483,-0.3740849925882141,0.7972425672474139,1.064815997785466,45.031866593964025,22.28391109845833,0.0
rgb_1694879076,bev_1694879076,0.4428405461260727,0.8704696730428507,0.7698072941792728,0.455084317018515,0.4331683273531884,0.5707810519847616,0.9084957563183746,0.6521071116586038,0.0701298433222652,0.7832436051882045,7.441816846646594
rgb_1720265547,bev_1720265547,10.567107447940703,-2.6904385632502645,0.1214853680670798,-5.653385471677152,2.7362347585464946,-0.7030073198020296,0.9680344710039016,1.1607504538503246,-0.6580865602147554,19.78704846429528,3.618875065595834
rgb_1720182237,bev_1720182237,19.247766903188207,-6.556029465231967,0.1657159634982312,-1.4679739973412893,7.082245168928502,-0.4952439435603533,0.9105977194548048,1.0605109743836811,70.98751373464549,24.83604282276308,3.9989793500519455
rgb_1720247577,bev_1720247577,-11.223957221597,-0.5595844629414444,0.1211899237112927,1.4724921916567195,3.154220744372793,0.4814957752048303,-0.6260523388797081,1.016058186743564,87.89077345005677,45.74934938502047,0.0
rgb_1694947230,bev_1694947230,0.4998871302403135,0.7316709485328955,0.0509235900390312,0.7386275182644585,0.368420030975253,0.7749717806552637,0.9182305975964904,0.0255828758961873,0.1952205568287366,0.0393878922908201,3.694783352848569
rgb_1720181030,bev_1720181030,1.0666047596890884,-3.698080583901039,0.0936617477900397,-7.712376723508796,-4.795017707001996,-0.6082889523290098,0.6694521532738711,0.979574213628268,-43.45446202939976,24.82194614058607,3.988005575718607
rgb_1694843529,bev_1694843529,0.0882720819241931,0.32518512228144,0.0913938802237371,0.5933245483904179,0.3874245738689903,0.8158037443965535,0.0676344077272713,0.2051504515700559,0.2988007230467835,0.9922833184010618,4.590366629227245
rgb_1720175871,bev_1720175871,16.173595113860287,-5.3855405997032335,0.1950568220848882,-1.2059698476664398,7.784466587412105,-0.3033576076950703,0.7640622006450177,1.015403948937666,45.57119478524521,32.22598628184587,3.994953908057045
rgb_1694899202,bev_1694899202,0.821391301219913,0.406201756155655,0.9326412330042716,0.2538121999170616,0.1265007326340548,0.5288455025171235,0.7468244497388927,0.5226461688341192,0.8527859862814957,0.3103576808100158,7.320742269879952
rgb_1694836989,bev_1694836989,0.0461489451814449,0.2829249073619376,0.4913133319371058,0.2313629095391808,0.0033339089848821,0.3497990179082284,0.4118063079076167,0.3431363669794728,0.7510135156885381,0.1966311359476742,7.382311749206509
rgb_1694981615,bev_1694981615,0.4295714933587203,0.1439781658245087,0.5590893582064118,0.803498747740906,0.3887278238665839,0.0451929954837101,0.8460432933914367,0.1243350429217048,0.6068240081730345,0.8982249565489628,7.429520982593344
rgb_1720152104,bev_1720152104,12.203773830285968,-3.753559132337273,0.1219541281305305,-5.653385471677152,2.806236984627424,-0.7072694274580312,0.7480395568651903,1.041614472677779,-0.6946466959082329,19.87011745693633,3.562904728175037
rgb_1694824748,bev_1694824748,0.2905837520245341,0.6397257783623835,0.7077035182344626,0.2263262491593912,0.6092027864811982,0.3583873202239945,0.0638047919435029,0.3530949566606655,0.5626832945605924,0.2066968895759745,7.79058092130958
rgb_1720179551,bev_1720179551,18.67261244911729,-10.018735146728288,0.1597917910981891,-0.566576213392894,6.144651595718351,-0.3868542041727874,0.9919544647242748,1.0640972412225262,65.94371958237988,24.838286193186374,3.9985301850346575
rgb_1720131661,bev_1720131661,-11.331175495668468,-1.2549635535758554,0.1596176792253844,2.8805020339849907,3.15871693075807,0.5065946880768433,-0.6863408462010735,1.0160248078432434,87.89077345005677,45.85183627198525,0.0
rgb_1694957850,bev_1694957850,0.5948480712360057,0.9608501021488826,0.2602776666715565,0.1107597093673578,0.0610820413546089,0.989712171715887,0.8736202137418633,0.0566941891880857,0.1349256747079233,0.9985143709596214,6.222953343036765
rgb_1694912607,bev_1694912607,0.5543168210425636,0.3299132139336012,0.5096832511471772,0.2682372861091151,0.6619211990358507,0.8747745901444782,0.9862739890137436,0.860877013555053,0.1266186625257542,0.0103157800065633,7.039586602735906
rgb_1694871402,bev_1694871402,0.8271280506450784,0.9232311207451672,0.2279560001414379,0.890842189156253,0.6496188868344934,0.2761919947849545,0.3845356274333118,0.3306985039059749,0.414119288483581,0.8066100798433866,4.870890056982939
rgb_1720251621,bev_1720251621,-11.330615939975514,-0.4517766327920753,0.1276907565549564,1.469330557220328,3.122327310775839,0.4821422712576761,-0.5896807659688591,1.0148785429144207,75.79262813986625,43.67257892722832,0.0
rgb_1720249297,bev_1720249297,-11.135882624451275,-0.3209255016362817,0.1596176792253844,1.4724921916567195,3.15871693075807,0.4851862273978746,-0.3995352319308753,1.0150869159172526,87.89077345005677,45.81035182744976,0.0
rgb_1694829762,bev_1694829762,0.1206036600120964,0.6528606975653427,0.9782775814204692,0.3617750255729525,0.3090382591627582,0.7812905729485425,0.5906605557371221,0.0682493357292993,0.1450096836671989,0.7770275210233034,6.434148742655329
rgb_1720240969,bev_1720240969,-11.108619492967174,-0.4517766327920753,0.1276907565549564,1.469330557220328,3.122327310775839,0.4822381925574845,-0.5452950968660863,1.0148785429144207,75.79262813986625,35.61103681082673,0.0
rgb_1720219990,bev_1720219990,-7.248677008666737,5.3772569021832375,0.1594205220006482,-1.4911065625864932,-1.149018294018644,0.3374807712411574,-0.3819712678686375,1.336572291809382,-24.79417999303644,54.29518276456376,3.0282152762812418
rgb_1694903033,bev_1694903033,0.0223307621666335,0.1529439042241948,0.6101996939886378,0.6743350384745623,0.5291180108070488,0.4485748056704925,0.8541993561386323,0.889414018036079,0.2343537270307394,0.5018329824483677,7.522393010162232
rgb_1694901367,bev_1694901367,0.5564936762871254,0.3385447574740041,0.4008574714655022,0.7201965144525472,0.6392985389897383,0.6993261615894409,0.8891393094856069,0.8289414226864402,0.9779066617613448,0.0902023394306059,3.4999052202473084
rgb_1720252223,bev_1720252223,-11.331175495668468,-0.4517766327920753,0.1596176792253844,1.4724921916567195,3.15871693075807,0.4862132259869667,-0.5896807659688591,1.0394004909970451,87.89077345005677,43.67257892722832,0.0
rgb_1694891115,bev_1694891115,0.6233663309854749,0.1945413462290041,0.836937743221062,0.9781386316659828,0.1416343734218667,0.4297016753115192,0.7966992904832847,0.6756349509377995,0.9293769548202044,0.2814598654717819,4.833199207673299
s1_rgb,s1_bev,-3.6606355787802016,16.308627550863367,0.0,-6.499205381501714,-7.0007761133599935,0.2540932323688672,-1.0,1.118140875512541,90.0,35.46989953160345,0.0
rgb_1694910098,bev_1694910098,0.8143391340858286,0.747838129726396,0.6160964624265394,0.0725853389592656,0.9313653617710111,0.7057983318317247,0.5351351460756923,0.0116450061967355,0.6117283095759903,0.839250304922641,3.4992248291947368
rgb_1720220342,bev_1720220342,-7.248677008666737,5.3772569021832375,0.2013537044732431,-1.4911065625864932,-1.3439084309426337,0.4416188606680693,-0.3819712678686375,1.3447973130500916,-24.79417999303644,54.29518276456376,2.5773558387058206
rgb_1694942128,bev_1694942128,0.9804209353153964,0.8936026420404389,0.270447128920427,0.3702384877438951,0.9288138750152304,0.440162869992393,0.4725766252077767,0.5414441082379903,0.4296495725417312,0.0608307880284261,7.479895810645999
rgb_1720245574,bev_1720245574,-11.213425241193988,-0.4517766327920753,0.1238012914251377,1.4692887616385626,2.276912124741939,0.4814799234042284,-0.4401263668660845,1.0150769995101374,82.1655134088669,43.75437700508703,0.0
rgb_1720148518,bev_1720148518,10.559245757427522,-4.224616819109322,0.1210811265674365,-5.653385471677152,2.805173640647924,-0.7147044094512425,0.9680346548658988,1.023363859112844,-1.1628921395584229,23.68238095115069,3.392715523982777
rgb_1694835410,bev_1694835410,0.5346255364594716,0.1246565973710963,0.7492935678813247,0.505566401184864,0.9780074298905016,0.452128469060798,0.6386844095694522,0.189207718434752,0.247796230130263,0.6717107642969355,3.500793905043542
rgb_1694870074,bev_1694870074,0.4659194742002073,0.1886164859310042,0.0245532276054918,0.7724265450632704,0.0405223130066711,0.1726952002973831,0.5079935568665895,0.4836674573870815,0.8797485144682323,0.843181676937766,3.4999732555964926
rgb_1694920962,bev_1694920962,0.0477606490372349,0.5129780412543089,0.9364833539936916,0.4788688105469846,0.5793174352098914,0.1346011291570223,0.5447365469530157,0.7408191413510886,0.1139119440497674,0.7056754612292774,3.384196323977869
rgb_1694920871,bev_1694920871,0.5018440469693196,0.805787267796048,0.7733953756546237,0.3906711814724045,0.0756236957529384,0.0365898693094486,0.4007039267455162,0.0256002756525236,0.8770650497689815,0.549517170774423,3.384196323977869
rgb_1720135840,bev_1720135840,-11.331081946658092,1.0639116373516302,0.1596176792253844,1.4724789915371763,3.1219860707277096,0.4852821641839455,-0.6260523388797081,1.0160248078432434,64.91070859870752,42.04183628526946,0.0
rgb_1720154067,bev_1720154067,7.820334475048099,-4.155623720139477,0.1245930075507123,-5.791963281984103,2.806224557797295,-0.6808043527606498,0.9680344710039016,1.033077963075819,-0.7264347230840116,19.804369167309023,0.0
rgb_1694834652,bev_1694834652,0.0731848630442197,0.5182998985890218,0.9294470656842376,0.2847731420418218,0.801272587718804,0.9686402008296456,0.3244582342175832,0.0453152448565881,0.2876010219662904,0.1549520913517561,3.5001083911912927
rgb_1720151643,bev_1720151643,15.299006537733192,-2.7137322114777724,0.1215520228934662,-5.653385471677152,2.8064778968274435,-0.7072694274580312,0.9680344710039016,1.0416149296730677,-0.3519803269857533,19.859801608823044,0.0
s2_rgb,s2_bev,8.42461795445747,-14.018232289785304,0.2070520310856694,-2.045565500575828,-3.44906789837088,-0.3869594803688232,-0.7242604349855608,1.0856178570659811,-79.59322601777217,47.126400214676345,3.9615097693505743
rgb_1720183553,bev_1720183553,19.31446339893657,-11.10297198265718,0.18551676569337,-0.0928411398169153,6.144651595718351,-0.3843848060406963,0.9919483234293268,1.0495139511075549,65.31594554645238,25.777316425023027,3.954311920435517
rgb_1720247056,bev_1720247056,-11.213425241193988,-0.7413147133028453,0.1238012914251377,2.590514173066863,3.3301198743052467,0.4814799234042284,-0.6019476888899257,1.0150769995101374,87.89077345005677,43.75437700508703,3.122132910986571
rgb_1720269751,bev_1720269751,8.224713346251342,-6.452885952621676,0.1214853680670798,-5.653385471677152,2.736241752754145,-0.7071820473208933,0.9667739155241252,1.0217464790931472,-0.6366035190337271,23.70322769892124,3.11568630862881
rgb_1694942840,bev_1694942840,0.0332432821658184,0.3989054552655456,0.1276893545240968,0.1386524136945589,0.6846764087339072,0.0267995680011068,0.9092989015210492,0.7535658569548639,0.5299312025227653,0.2916482926062944,5.225857595137595
rgb_1720125343,bev_1720125343,-11.213425241193988,-0.4517766327920753,0.1281610275359638,1.4692875690476122,3.125887229820796,0.4823765032516951,-0.5762902937486976,1.014870782409348,88.98187721623617,43.66944297975054,0.0
rgb_1720137086,bev_1720137086,-11.331175495668468,-1.2549635535758554,0.1275355915749428,1.4724921916567195,3.1163315936933245,0.4819895130972653,-0.5896807659688591,1.0160248078432434,87.89077345005677,43.67257892722832,0.0
rgb_1694913100,bev_1694913100,0.1035922545987361,0.7393756412408099,0.275420709367597,0.9512343670443726,0.9229062093892656,0.3501113746945448,0.2914645569240701,0.1306028874887635,0.1169764387578006,0.2272709718358547,3.500075037318972
rgb_1720230597,bev_1720230597,-7.248677008666737,5.3772569021832375,0.1555828414347174,-1.1004172662062714,-1.3503269114853484,0.4347765934857237,-0.3819712678686375,1.3076449776159198,-2.5514252854426616,53.09029871875904,3.532391807194308
rgb_1694872436,bev_1694872436,0.7047684463952013,0.4680143379353799,0.6997968519133219,0.419313805345571,0.3709927363389729,0.8838197671721183,0.3384931778204286,0.3541758448079285,0.3833160059651536,0.5254313799945243,7.000653387968868
rgb_1694945361,bev_1694945361,0.522066997590524,0.5488211227107728,8.853605152692179e-05,0.8606581371982868,0.8423490386382244,0.1922583839729894,0.6219950952166469,0.2026713273166974,0.9103601015076982,0.3992211270429457,4.283649106514196
rgb_1694845104,bev_1694845104,0.8135222167193471,0.574268242192254,0.7680457641797892,0.6984929585543647,0.8774800214102987,0.6889732793001714,0.3106155003041825,0.903685237375002,0.8866832007814932,0.2245842581201599,3.500107867851987
s1_rgb,s1_bev,-3.6606355787802016,16.308627550863367,0.1573348336122097,3.417781550810421,-7.0007761133599935,0.2540932323688672,-0.7329475257452798,1.370106906233734,14.857725000223368,94.89412177013908,0.0
rgb_1694924762,bev_1694924762,0.483501583705014,0.3097093668710338,0.3383137878510938,0.7541681115467331,0.0374822313568264,0.2938292742352074,0.020343988200185,0.2340542708928179,0.4872038202484169,0.6277882839831317,0.0
rgb_1694908586,bev_1694908586,0.6198471353646224,0.6648134150771985,0.3243371858678535,0.989125217313058,0.8635044676949553,0.5446887551242541,0.1453423876057545,0.7294229441316299,0.3313021666107441,0.4776015935841449,3.5024259421800785
rgb_1720168116,bev_1720168116,19.015882125936614,-5.551803891851698,0.1533477639552684,-2.206790475708736,6.510333406406037,-0.5348926699809251,0.9987940668004058,1.2036919282658542,60.47320480148196,22.186771735453984,4.001350246626298
rgb_1720222672,bev_1720222672,-7.282788149028496,6.436484608232391,0.1530516626566388,2.449984455565769,-0.9229093680042304,0.433941987906951,-0.1887641383481901,1.3346663918680393,-24.445301771260347,53.556546843610505,3.4116596882691046
rgb_1720212537,bev_1720212537,-7.248677008666737,5.474088045748555,0.1542525629482065,-1.4911065625864932,-1.3439084309426337,0.4347927844178745,-0.3819712678686375,1.336572291809382,-22.4898371883324,54.29518276456376,2.5482528707976817
rgb_1720178449,bev_1720178449,15.768837111080003,-10.753254092254103,0.2319110732089988,-1.2371486721032916,8.472940121346046,-0.296924782086742,0.7972425672474139,1.067477794133983,45.22347755669364,31.314034627233816,0.0
s2_rgb,s2_bev,13.322321865407275,-12.940139921855204,0.1734608331737539,7.7056082327574416,8.129542694662652,0.7629928749139028,0.981908561430266,1.242203183383234,60.979705839170656,67.89769309025687,0.0
rgb_1694878619,bev_1694878619,0.5209581353500052,0.509278049228747,0.4099049076285963,0.7175032343605854,0.4737958738055708,0.4976136458119299,0.2606126353769139,0.3452558783876708,0.2675295190691695,0.990058819193365,3.5000093519650024
rgb_1694840221,bev_1694840221,0.7329265550676342,0.0173473076257308,0.8498644445044937,0.8528260438299565,0.975475108586048,0.2466239370881287,0.9291880290625484,0.5176941667467583,0.3494986488977234,0.49573529951635,7.141184687069964
rgb_1720184803,bev_1720184803,17.38612008598607,-5.3855405997032335,0.1945783527339305,-2.5985092859308745,7.784466587412105,-0.3033576076950703,0.7640622006450177,1.019494882874752,45.57119478524521,32.22598628184587,2.7400200562280523
rgb_1694957757,bev_1694957757,0.1447404530016223,0.9721816904980878,0.0889686960390482,0.3735409844554233,0.3414401396342335,0.0554349594279047,0.5455039467250009,0.2742009216112826,0.6843366125881392,0.5190349956504935,3.4999572432266746
rgb_1720162369,bev_1720162369,10.591316928141666,-3.692405848737927,0.1210811265674365,-5.653385471677152,2.8136256610476487,-0.5324727311685366,0.9680551897516504,1.031699742690982,-1.1628921395584229,23.292097821757952,3.564178930402079
s2_rgb,s2_bev,8.4459455136478,-10.441553815886472,0.1734442971837771,7.640639168283322,8.129360923438101,0.7649717289712751,0.8514228777953794,1.2417265273315772,63.67447217886567,67.89769309025687,1.7444719559233048
rgb_1694829624,bev_1694829624,0.8508913269873488,0.4595023251385266,0.1604651148393224,0.5989189284403276,0.1518396354082187,0.5448056495135941,0.2923288318506358,0.4868756816179366,0.698621667791594,0.0359518217966431,3.261977966376325
rgb_1720255915,bev_1720255915,10.559245757427522,-4.224616819109322,0.1210811265674365,-5.653385471677152,2.7370841154111645,-0.7147044094512425,0.9680344710039016,1.031699742690982,-1.1628921395584229,23.70322769892124,3.5149817180595093
rgb_1694825051,bev_1694825051,0.1362379451752831,0.9676365318053264,0.5670203038171269,0.4025923821830922,0.657639124422013,0.2790288759548209,0.7590760069149456,0.2730706653512877,0.4841085082478892,0.9637338093390576,2.59459144528615
s2_rgb,s2_bev,8.41997730612583,-12.82460823678638,0.1734637083224667,7.716476422755193,7.6098491130719665,0.7504477144007147,0.9735967057891732,1.2411379624763983,60.88215629913276,76.54025857495537,0.0
rgb_1720168191,bev_1720168191,18.72261239338868,-10.02120374554191,0.188200195168763,-0.5652261573095156,4.5779886638802925,-0.384185918330691,0.9920387667037358,1.068988677352264,59.57068233422558,25.94822490400752,3.866460782131365
rgb_1694947629,bev_1694947629,0.7267867722227422,0.5144950199778277,0.4260951160902261,0.0111042329588105,0.1991905709874831,0.1630643955946791,0.980960839292319,0.195705688104953,0.6017334140369929,0.0286582411165547,6.953838658961252
rgb_1720122930,bev_1720122930,-11.37803860520038,-0.4517766327920753,0.1396180043600524,1.5968952892691028,3.1487210784920894,0.4814799234042284,-0.4401263668660845,1.014840426623197,61.22397263010919,43.67315129743227,3.1863254846509057
rgb_1720167335,bev_1720167335,10.749760035193404,-4.13781809765239,0.1214386705667001,-5.653385471677152,2.743965910090697,-0.6804529394556402,0.9680551897516504,1.031699742690982,-1.1628921395584229,23.19785469840041,0.0
s1_rgb,s1_bev,-0.6883190141128424,9.437335423609364,0.280730325972405,6.29412920014191,-1.7982072195951735,0.4744817193566789,0.2745314826706022,1.0393938687447215,29.55294394648916,39.4776440794236,0.0
rgb_1694904301,bev_1694904301,0.696491812251349,0.6962791227553867,0.6221100956200573,0.0659651807880543,0.92324039522919,0.013551397033368,0.6375357703715144,0.129277235512249,0.7823266983555021,0.4611020548916283,3.0282303608571217
rgb_1694911249,bev_1694911249,0.7192191082759875,0.7887033803107024,0.5725011677770128,0.4930890265000571,0.036801819535899,0.9589264158684516,0.3088385431513938,0.4713686527477622,0.9547302028129288,0.7298797702478367,3.080097064988675
rgb_1694902810,bev_1694902810,0.902803002233908,0.8115682489565328,0.5248610052317465,0.4183177250082632,0.7527341083785369,0.3446168996585064,0.3697627295803296,0.3162047397114652,0.4642058000398127,0.6463009595281487,7.403267534738228
s1_rgb,s1_bev,-0.4492165436992863,18.50982797059644,0.2784424078552067,6.485382969941548,-0.7848930668313779,0.6510807261092061,-0.007188663070049,1.0394523157854405,29.80225881587728,25.62658971433532,0.0
rgb_1720225578,bev_1720225578,-7.248677008666737,5.3772569021832375,0.1230648958272557,-1.4911065625864932,-1.1586500712860666,0.4347927844178745,-0.3819712678686375,1.336572291809382,-24.79417999303644,54.29518276456376,2.548350725338274
rgb_1720140064,bev_1720140064,-11.189010142205271,-1.2581099964619646,0.1596176792253844,5.605272271774375,3.15871693075807,0.5065946880768433,-0.5896807659688591,1.0160248078432434,87.89077345005677,43.67257892722832,0.0
s3_rgb,s3_bev,11.87561489134652,-3.983405340639564,0.1147352717216901,-2.9967554081277985,-4.45534027286948,-0.1475022605191736,-0.302633105195311,1.3043557145089142,89.24621322940973,19.749059465129648,3.08563445835212
rgb_1694870975,bev_1694870975,0.0355663681677224,0.078674721844539,0.1609184065416707,0.0314593565390985,0.9163864220606696,0.3910650402838473,0.7425968084883556,0.4096518403152719,0.9085138050396392,0.6388384691819835,7.808793982964305
rgb_1720125142,bev_1720125142,-9.175090262207243,-0.3732243169641052,0.1286730809062712,1.1663576968754814,1.6767987973030003,0.4814799234042284,-0.4514564592153041,0.9559737690551576,87.89413613462119,40.34873615804471,3.118360852753223
rgb_1694890785,bev_1694890785,0.2223826789565814,0.8852042026608417,0.7792953265842814,0.1913524582807787,0.2088675180747817,0.3855561363810434,0.0974257578384817,0.1731017795037072,0.8363744458488509,0.3419935421520752,7.915842982646516
rgb_1720224872,bev_1720224872,-7.259046718950133,5.753018543371734,0.1359934781390166,-1.5856450488056488,-1.0827810167020466,0.4347088574735764,-0.1914244784367055,1.3762860346650092,-21.268293137009977,55.14335694122278,3.276598456574717
rgb_1694945982,bev_1694945982,0.3511046262062289,0.3822864483539611,0.4676417285711954,0.4491194360627977,0.6681354229039408,0.2403227056200014,0.0796594976185609,0.0924518448760588,0.8661562884175643,0.300627338773165,3.4984908843184166
s3_rgb,s3_bev,11.875610264856476,-1.4510992350465486,0.1078897269601721,-0.6241418776953864,-4.808880535189823,-0.6656750482539461,-0.3859481669334169,1.3009162147735251,89.24621322940973,9.250527649646973,3.1116476277990106
s3_rgb,s3_bev,11.87561489134652,-3.983405340639564,0.102417137130576,-2.9967554081277985,-5.0304421860257005,-0.1401469935645576,-0.3021638626315493,1.3413356835325214,89.24621322940973,20.79088354066544,3.113529452021329
rgb_1694842968,bev_1694842968,0.3300686283191094,0.951114779829806,0.372678561080162,0.3391289055722559,0.3740379062825627,0.4749183529710082,0.3879516862693193,0.5117319914579078,0.4563599016732069,0.3317365693599586,8.267776413998941
s2_rgb,s2_bev,20.0,-6.887396734480059,0.3,6.686153146032503,6.429978363980233,-0.9796483361184604,0.5189336268488274,1.4198560459834737,-65.48761990738134,39.1835169076676,0.0
rgb_1720134192,bev_1720134192,-11.330615939975514,-0.4517766327920753,0.1276907565549564,1.469330557220328,3.122327310775839,0.4821422712576761,-0.5896807659688591,1.0148785429144207,63.05133444110143,43.67257892722832,0.0
rgb_1720229142,bev_1720229142,-10.54456651776287,5.3772569021832375,0.1594403355670541,1.180996717409336,-1.3615255255062273,0.4347944361616076,-0.6147117572880558,1.3085475193753746,-25.118951960728424,43.073478104365925,2.139267494763818
rgb_1694947129,bev_1694947129,0.4985804096070495,0.841399841368908,0.1298888673110434,0.8273712416994221,0.9332083504913044,0.8259685720878962,0.982024243757918,0.9239388903265028,0.6030868082853886,0.959506503727528,3.1352958143196235
rgb_1720186703,bev_1720186703,18.95366451941313,-13.931166461959634,0.1928931996616365,-0.5370305307663266,7.432578732265998,-0.3138498712223196,0.6361078626820953,0.9584358093758876,69.07009482093159,35.270041323645415,2.498303823432181
rgb_1694923451,bev_1694923451,0.7097242092961347,0.4700967465684067,0.196370661286809,0.1741234232901699,0.9939477447966012,0.527034967227508,0.4446382432316434,0.4791432571162088,0.0667575843448686,0.3370974528335759,7.771177371228317
rgb_1720224476,bev_1720224476,-7.248677008666737,5.3772569021832375,0.1537796826267916,-1.4911065625864932,-1.3439084309426337,0.4347927844178745,-0.3819712678686375,1.336572291809382,-24.79417999303644,54.29518276456376,2.5448708509941778
rgb_1694829479,bev_1694829479,0.138024130269208,0.8792800694795774,0.0799162037230671,0.1718899674544641,0.6635424778069798,0.3295237289660072,0.092836700957129,0.2360121754323866,0.7579617697611417,0.7882634165960356,3.2531556160794577
rgb_1720232671,bev_1720232671,-11.766851973882591,5.3772569021832375,0.1593954299281511,-1.4911065625864932,-1.3439084309426337,0.4347927844178745,-0.3819712678686375,1.336572291809382,-24.79417999303644,54.29518276456376,2.578965703850935
rgb_1694942173,bev_1694942173,0.806555169482501,0.6250971905486971,0.9018953826720242,0.0257457722883669,0.0799406503049439,0.1586874276748048,0.073027996349788,0.5090826781184619,0.0865298468906429,0.603526026720766,7.622439543219991
rgb_1720240689,bev_1720240689,-11.331175495668468,-1.2072640355753066,0.1596176792253844,1.5450924089901523,3.125395982328083,0.4861873102565925,-0.5713683113334956,1.0418599672529598,75.44904935038792,43.75824783337508,0.0
rgb_1694867958,bev_1694867958,0.612484882426372,0.3554142374891296,0.2589411911216791,0.7555502586380451,0.2541010204105385,0.5353703236793722,0.7622421977546646,0.7536571182261776,0.2182308416991345,0.992859079617057,2.740900658672033
rgb_1694949010,bev_1694949010,0.1567009615460374,0.461790034778446,0.9714917738693276,0.0435850305818957,0.5185611651035548,0.7294836876672571,0.6045916305475969,0.97428218645428,0.6752482277633081,0.8764869530019198,6.139866733606899
s1_rgb,s1_bev,-3.6606355787802016,14.722955145118732,0.0358108742204363,1.3756104726391776,-7.0007761133599935,-0.6175917962277262,-0.951951951951952,1.2028335448917666,14.857725000223368,89.90783965272594,0.0
rgb_1720175076,bev_1720175076,19.06387452114356,-7.257701510621084,0.1533477639552684,-0.5666638343582733,6.224513820872627,-0.3866839179343616,0.9982677666475206,1.1362090088238952,64.44194918291154,24.326811465192343,3.9996317065795433
rgb_1694870235,bev_1694870235,0.8920328479160542,0.5933486621023116,0.9750610586309666,0.0240043408326692,0.96287146729637,0.1954646451213424,0.2089999321859528,0.3555732690544942,0.4895208743659909,0.0420074804832997,5.361742337462877
rgb_1694823728,bev_1694823728,0.6264420656944822,0.4612764210619094,0.0510585211586412,0.0898270855739257,0.1053662705556812,0.3765717084206843,0.6275233195450542,0.3469233631092245,0.2869620964361965,0.986012453156667,5.434929376254562
rgb_1694921327,bev_1694921327,0.8431607206562949,0.8390163426685382,0.6259171483656211,0.8343484787115167,0.3209639222702639,0.3355784520170425,0.441883484150829,0.7725396911759936,0.7583902261442274,0.5385365179834337,6.1143872477045305
rgb_1720218527,bev_1720218527,-7.245385521758358,5.3772569021832375,0.1447414408004706,3.0562216115948466,-0.9222072878446212,0.4347134404682189,-0.3759567148271798,1.3378790701002032,-24.79417999303644,54.29413265631733,2.579708207798434
rgb_1720263798,bev_1720263798,10.452656993770256,-4.117966043445467,0.1211530323020068,-5.653385471677152,2.807453696246405,-0.685116919422392,0.9524060215399216,1.0217687135483489,-1.1628921395584229,23.292097821757952,0.0
rgb_1720248216,bev_1720248216,-11.331175495668468,-1.2549635535758554,0.1596176792253844,1.4724921916567195,3.753670247098695,0.6424229116710949,-0.5896807659688591,1.0160248078432434,87.89077345005677,43.67257892722832,0.0
rgb_1720221701,bev_1720221701,-6.966207868209285,5.3772569021832375,0.1593873183446067,3.0562216115948466,-1.5947056688486183,0.4347801494556926,-0.3759567148271798,1.3727531675264966,-35.20203341257399,54.01668972350835,2.5812520750314136
rgb_1720172422,bev_1720172422,17.006076535576327,-7.25845846484717,0.1533477639552684,-0.5666638343582733,6.472771966809887,-0.3866839179343616,0.9970384389954384,1.0431830021277764,64.6734836538698,24.326811465192343,3.9869573791888335
rgb_1694866783,bev_1694866783,0.9352492482704092,0.537356757206618,0.3114433637848192,0.7928208359226971,0.0088598338429533,0.2315967852652335,0.6549475970265369,0.8569258545356861,0.4430747237499866,0.7964544808921115,3.500015450906762
rgb_1694918763,bev_1694918763,0.0448729905332572,0.899493802286683,0.0490274561963685,0.7723238926123676,0.4178893616503819,0.2797994354465201,0.0658318015631475,0.98588478236513,0.0845245072214659,0.4549533055454973,3.492064558031187
rgb_1720168153,bev_1720168153,16.10981565955128,-6.672392227048988,0.1924443727283667,-0.5733019325572002,6.079126664391822,-0.2412628652233565,0.995479586424231,1.0597942194936345,75.35957911298368,25.06815861586365,3.987224309746086
rgb_1720130897,bev_1720130897,-11.331175495668468,-0.4517766327920753,0.1585692059353972,1.4724921916567195,3.15871693075807,0.4852821641839455,-0.6260523388797081,1.0160248078432434,87.89077345005677,45.81035182744976,0.0
rgb_1694925673,bev_1694925673,0.1784229385801953,0.4170830259724812,0.0372678415638993,0.1639557765004375,0.4166515903702878,0.1116859129763387,0.5239815851111647,0.3622353748554962,0.2227185251755126,0.4293972207032596,3.5001319521725223
s1_rgb,s1_bev,-3.6606355787802016,14.722955145118732,0.1573348336122097,1.3756104726391776,-7.0007761133599935,-0.4544596591967312,-1.0,1.118140875512541,26.57266154431709,100.0,0.0
rgb_1720266805,bev_1720266805,10.749760035193404,-4.158336001217535,0.1210811265674365,-5.653385471677152,2.7763638997211046,-0.492450331722876,0.9680551897516504,1.031699742690982,-1.1628921395584229,23.292097821757952,0.0
rgb_1694945484,bev_1694945484,0.8348500957119916,0.8134410772331846,0.8074257664808658,0.5867005710248825,0.7735004271681284,0.1058986309260453,0.9276984108588784,0.1066909751913822,0.1443724933738206,0.347254299720119,4.921902310299414
rgb_1720245454,bev_1720245454,-11.330615939975514,-0.4517766327920753,0.1276907565549564,1.469330557220328,3.1543971052631754,0.4817509102349762,-0.5922075340093405,1.0148785429144207,57.030515795497536,45.71722829938027,0.0
rgb_1720171587,bev_1720171587,19.04724453926454,-7.25845846484717,0.1533477639552684,-3.0944734375757346,6.472771966809887,-0.3753707236930693,0.9985852975453168,1.1527836294431557,70.66171528036855,7.073284342004062,4.001671121337116
rgb_1720242210,bev_1720242210,-11.331175495668468,-0.4517766327920753,0.1927730763065719,1.4688254622511143,3.169374876787508,0.4814799234042284,-0.4243113583257293,1.0088682761859795,87.74263227543335,43.76080392443992,0.0
rgb_1694946476,bev_1694946476,0.4912740365804314,0.8482434676137186,0.6810390035692236,0.95488929283761,0.0955551966091637,0.5507515728991554,0.7532753539395921,0.3269417960144016,0.6273521857988814,0.1987461384040879,4.312632631792496
rgb_1720248056,bev_1720248056,-11.345578252007478,-0.4392219394527004,0.1583765143900342,1.4692887616385626,3.803135632928159,0.4814201875847128,-0.4401263668660845,1.015145218813849,87.89077345005677,45.942099527635214,0.0
rgb_1694951213,bev_1694951213,0.89304221842339,0.5077126783080141,0.9285590656067644,0.1235037575844768,0.4465631367229572,0.2982502814248139,0.1843571651860232,0.130215997360452,0.5572052639565027,0.3350008360928963,6.374352005860406
rgb_1694874411,bev_1694874411,0.0519040523526477,0.5678444861797636,0.4239393512360703,0.9175969526127188,0.4828195391472912,0.9700268569543176,0.6061284636732791,0.0024968075741497,0.9985454399246684,0.995578475461164,7.551911277250214
rgb_1720243492,bev_1720243492,-11.331175495668468,-0.348878122247271,0.1596176792253844,1.4724921916567195,2.478054812903318,0.4862132259869667,-0.5633570258673256,1.019941548749699,75.73905782178431,45.806122223389,3.0749542804841403
rgb_1720163640,bev_1720163640,10.409298187587789,-2.7137322114777724,0.1215520120059558,-5.653385471677152,2.8064778968274435,-0.7072694274580312,0.9680344710039016,1.0416148992547294,-0.3449007456660098,19.859801608823044,2.5066038221792093
rgb_1720237121,bev_1720237121,-11.338129711458212,-0.4517766327920753,0.1596176792253844,1.4725917609992027,3.15871693075807,0.4817485307791134,-0.4516229277950843,1.0160248078432434,87.97793459021631,45.81035182744976,0.0
rgb_1694923278,bev_1694923278,0.0664264290932864,0.5922200778644632,0.166012506345611,0.5952808202523463,0.9313849083517132,0.3292076939827545,0.1919071523813406,0.5759707842651781,0.790945137440463,0.2490644938887533,3.500009520265764
rgb_1720248777,bev_1720248777,-11.331175495668468,-1.2549635535758554,0.1596176792253844,1.4724921916567195,3.15871693075807,0.4817314626153981,-0.427883093163797,1.0151644362664418,87.89077345005677,43.76319603544138,0.0
s3_rgb,s3_bev,11.87561026390064,-3.8984129917344816,0.1074647254433509,-1.77820265929663,-4.808880160506519,-0.5272900769186908,-0.2810177645542837,1.300918996514744,89.24621322940973,9.383677589112915,3.2985682757498527
rgb_1720172989,bev_1720172989,11.84765000745066,12.491006008398728,0.0348262718093394,-1.7713279134051838,-0.7122832403326331,0.2121899197480212,-0.695279007744614,0.9928996934975436,-57.588143292102814,32.036512022940315,3.964081930661594
rgb_1720218126,bev_1720218126,-2.2377492912729267,5.3772569021832375,0.1557409716998155,-1.4911065625864932,-1.3439084309426337,0.4347927844178745,-0.3733937043002862,1.336572291809382,-24.79417999303644,60.41651233285996,3.640016444505963
rgb_1720179628,bev_1720179628,19.7710305872382,-8.605422809504173,0.1988171352066753,-1.7795331819441476,6.496933469006404,-0.4440663546482473,0.9987955155981064,1.2863944173932562,41.18200991954168,22.10767571551004,4.001412348202164
rgb_1720256677,bev_1720256677,7.8353302439751005,-3.753559132337273,0.1137815898492992,-4.050784322878798,2.806224557797295,-0.7035806421485624,0.9680344710039016,1.0326655040864532,5.606516152308842,26.28734119185745,3.543687447120302
rgb_1694943463,bev_1694943463,0.6940358837916413,0.3265821520744231,0.8721350818574117,0.1689044644190424,0.1359229373688192,0.4906490627460521,0.4318349871737045,0.963820492366018,0.2201326630914205,0.4659825917706532,0.0
rgb_1720258192,bev_1720258192,10.641562435583468,-3.753559132337273,0.1215522166963989,-5.653385471677152,2.806224557797295,-0.7072704761920077,0.9680344710039016,1.0424398337161658,-1.1276581478657732,26.89666165069156,0.0
rgb_1720144503,bev_1720144503,10.65887789244023,-3.726586350287942,0.1214853680670798,-5.653385471677152,2.736241752754145,-0.7070362202106293,0.9680344710039016,1.0219004305808277,10.311502472374356,26.89121998020621,3.563879574358193
s2_rgb,s2_bev,6.793737710046719,-9.607894204160017,0.1734233910740375,7.705693677428722,8.157202122160538,0.6317236444244725,0.9734244183734077,1.2194234924187486,81.5819241851508,71.57891274338589,0.0
rgb_1720161543,bev_1720161543,15.352166524588952,-3.7924751517877615,0.1210072968252892,-5.653385471677152,2.739632842631848,-0.7072694274580312,0.949368822742821,1.0410848339249483,-0.6880063521400928,19.91246281073271,3.668319781637991
rgb_1694911734,bev_1694911734,0.4856645511855926,0.7907378861333381,0.9895551302409276,0.3805167572384642,0.7361418622166059,0.8762608431367237,0.36572787058642,0.6461322771746476,0.0286806918724341,0.5143739106462798,6.251870688217401
rgb_1720216791,bev_1720216791,-7.248677008666737,5.3772569021832375,0.1537796826267916,-1.4911065625864932,-1.3439084309426337,0.4347927844178745,-0.3819712678686375,1.336572291809382,-24.79417999303644,54.29518276456376,2.545153436838371
rgb_1720248617,bev_1720248617,-9.035408417830794,-1.241751820049629,0.1578100022940867,1.479333738145165,3.12480209816818,0.4807628426551078,-0.3651567676234151,1.0160778434124036,87.82859383765634,46.56808350254997,0.0
rgb_1720224609,bev_1720224609,-7.592301203945766,5.233521245299851,0.1582947485880111,-1.6469059323084618,-0.910844893208484,0.4254959283221378,-0.130137134896781,1.3515690949743178,-24.43669900027016,53.51814945604736,3.536050468729123
rgb_1720262791,bev_1720262791,10.33255699307647,-4.224616819109322,0.1210811265674365,-5.653385471677152,2.813999126192977,-0.7065247931379863,0.9680344710039016,1.033235783990846,-1.1628921395584229,24.290502767086373,0.0
rgb_1694824030,bev_1694824030,0.3663653363110408,0.8794103416898829,0.6747557503132747,0.8224322898437825,0.1962239007473641,0.8100658198376008,0.5889062628639578,0.6812944939947732,0.6105499571497894,0.2845216122636598,8.425804236526155
rgb_1720151488,bev_1720151488,10.749760035193404,-4.117966043445467,0.1210811354208839,-5.653385471677152,2.808073738887771,-0.4845866600311859,0.974081294047492,1.0217687135483489,-1.1007510664768176,22.95361830292895,0.0
rgb_1720159347,bev_1720159347,10.930830340450632,-3.737722525189135,0.1210919631019984,-5.653385471677152,2.7370841154111645,-0.7072545790045155,0.947542266480056,1.0413292415029225,-1.1628921395584229,19.75458697964831,3.642348362977856
rgb_1720257077,bev_1720257077,15.55736854095906,-3.753559132337273,0.1215522166963989,-5.653385471677152,2.806224557797295,-0.7072694274580312,0.9680344710039016,1.0127038251644755,-0.8758334200807667,27.07621132279722,0.0
rgb_1694893568,bev_1694893568,0.6640455768829229,0.1778025347684928,0.5815759414246566,0.9066415353662204,0.827452416255143,0.5393650679540224,0.8246931710413675,0.5530521656039313,0.1706856452645807,0.3020634900846524,3.9121208716864926
rgb_1720224653,bev_1720224653,-6.995095460999943,5.3772569021832375,0.1594403355670541,1.3349673768796126,-0.4958239813373453,0.4347921502477871,-0.4253267234554712,1.3085475193753746,-24.797255157437107,56.423172650725625,2.3862616414341
rgb_1694942906,bev_1694942906,0.7979687306038614,0.2483439896766475,0.8657158941643218,0.5684662028482974,0.1328787979583248,0.1401988777785734,0.0212989895099094,0.2427957880770518,0.9474883484587556,0.0158392737612432,3.501146142577124
rgb_1720158497,bev_1720158497,7.820334475048099,-4.155623720139477,0.1137815898492992,-4.045376787586327,2.806224557797295,-0.7034303142383056,0.9680344710039016,1.0327365182016477,-0.6752072677785463,19.910428330708875,2.479244548959023
rgb_1720264290,bev_1720264290,8.234978887241997,-3.697755486563725,0.1136062791878588,-5.653385471677152,2.810611337312894,-0.7082812725820765,0.95883470901209,1.0332283211648312,-0.98795233463062,26.89666165069156,3.210744438728516
rgb_1720162060,bev_1720162060,10.749760035193404,-4.158336001217535,0.1210811265674365,-5.653385471677152,2.817981500869722,-0.492450331722876,0.9680551897516504,1.031699742690982,-1.1628921395584229,23.292097821757952,0.0
rgb_1694900913,bev_1694900913,0.0482341103073928,0.3642799061151779,0.4515429780373559,0.9353616463672492,0.327098785823085,0.1288398128232317,0.5999150848264586,0.1724827905588842,0.0576675046668598,0.927501634818418,3.500009924859854
rgb_1720172875,bev_1720172875,19.0416548847822,-7.2633387614212594,0.1533477639552684,-0.5666638343582733,6.472771966809887,-0.3866839179343616,0.9984346474673564,1.1362090088238952,64.44194918291154,24.326811465192343,3.986860256353961
rgb_1694942309,bev_1694942309,0.0678092753149854,0.6244293049194288,0.0439271739911842,0.6649258158359468,0.0324199269609191,0.1860711648977008,0.9172048545552476,0.2447308996653151,0.1347118946049859,0.6619841522388858,6.345793227747223
rgb_1720177915,bev_1720177915,18.02619466316466,-10.77078490413356,0.1878095232196805,-1.1911511784667876,7.508979957055061,-0.3011073886825474,0.7987662456937208,1.0277622358699547,45.71059585621967,37.098074333099056,3.99757179062757
rgb_1694950962,bev_1694950962,0.4646933365326994,0.2414910643610293,0.079432821599211,0.1422673604986083,0.0474186618195476,0.9229449769076984,0.954017478289166,0.4503504915411532,0.8675108258758564,0.0484017817585902,4.913627087628524
rgb_1694984568,bev_1694984568,0.6856126491260686,0.5340242924416659,0.1150225590921627,0.2830049296585301,0.1939659552181629,0.4646261044330906,0.4287697948159585,0.4758064622711876,0.6661894808112706,0.0262034154879649,2.9441607375216026
rgb_1720217325,bev_1720217325,-6.995095460999943,5.3772569021832375,0.1594403355670541,1.180996717409336,-1.521000435892356,0.4347743336207439,-0.4230180822347407,1.3085475193753746,-25.118951960728424,43.073478104365925,2.471042452806801
s2_rgb,s2_bev,8.41997730612583,-18.33748304455089,0.1734608331737539,7.705625011196343,8.129541404975651,0.6591272558474179,0.981908561430266,1.2416677803409844,63.62043153101855,67.89769309025687,0.0
rgb_1720253952,bev_1720253952,8.187131648736194,-3.753559132337273,0.112328823611571,-5.653385471677152,2.806224557797295,-0.7072694274580312,0.9548886905010004,1.0419565618831288,-0.98795233463062,19.576241659568005,3.0996440846387525
rgb_1720122446,bev_1720122446,-11.213425241193988,-0.4517766327920753,0.1628835243499183,2.557359479142198,3.372014244733032,0.4819716828399498,-0.4401263668660845,1.0150769995101374,87.89077345005677,43.75437700508703,0.0
rgb_1694908982,bev_1694908982,0.0968230074156211,0.7769126541276261,0.4028649510210466,0.0230174174241104,0.2170424090209362,0.028817503675463,0.5258703359215677,0.9294607520476382,0.0612594191737098,0.6299924595094065,3.498942228281693
rgb_1694919047,bev_1694919047,0.7252536310526891,0.2539428402927789,0.7894558812686769,0.4424603664085166,0.3490744806924625,0.5246495488538256,0.9927245317823264,0.5436740985506596,0.1543696034191587,0.3964756511053299,0.0
s1_rgb,s1_bev,-12.706583285926309,12.443011064331314,0.0478963981605154,3.9744738486609417,-0.5456458026252022,0.6455444302822926,0.235135579129806,0.9868824491374288,27.21512194995587,26.0035051722897,2.9499492716840594
rgb_1694900400,bev_1694900400,0.5192712714093796,0.7077850402517979,0.99288625352431,0.4132376513484497,0.6321472448998819,0.7011571974590076,0.2710944416905245,0.4116980653905189,0.1863502102513898,0.6171000463245817,5.966544819095352
rgb_1694840409,bev_1694840409,0.8793086261614278,0.915848695811371,0.7035507663317726,0.5287776870741798,0.2109722814206999,0.8800735674930275,0.004940913158572,0.5124370515699115,0.358571061036715,0.9283837444114464,7.141184687069964
rgb_1720122284,bev_1720122284,-11.331175495668468,-1.2549635535758554,0.1596176792253844,3.930754040102995,3.15871693075807,0.5053959116037161,-0.5896807659688591,1.0089984942327686,87.89077345005677,43.67257892722832,0.0
rgb_1720166565,bev_1720166565,10.567107447940703,-4.224616819109322,0.1214853680670798,-5.653385471677152,2.7362347585464946,-0.7030073198020296,0.9680344710039016,1.0407473077326743,-0.6580865602147554,19.78704846429528,0.0
rgb_1720127756,bev_1720127756,-11.213425241193988,-8.571748331861997,0.1238012914251377,2.590514173066863,3.307258264328185,0.4814799234042284,-0.4401263668660845,1.0150769995101374,87.89077345005677,43.75437700508703,3.413993102865553
rgb_1720126188,bev_1720126188,-11.655296238757511,-1.2549635535758554,0.1596176792253844,1.4724921916567195,3.125395982328083,0.4862132259869667,-0.6253478314841934,1.0160616750033684,75.23676927061246,43.72172029306293,0.0
rgb_1694979943,bev_1694979943,0.4883012146009747,0.5383233016340421,0.7042570177057741,0.177731645172802,0.866063173635728,0.7754876649547028,0.3364414919553506,0.563403882530637,0.128020818722092,0.2650560834368088,6.551684949901226
s1_rgb,s1_bev,-3.6606355787802016,14.722955145118732,0.0170842824601366,1.3756104726391776,-7.0007761133599935,-0.4544596591967312,-1.0,1.170268535087009,28.619192890131632,94.89412177013908,0.0
rgb_1694924894,bev_1694924894,0.1282952852437471,0.4534121054506533,0.7509589098672069,0.8870715446784263,0.6174685430271271,0.5051667803591373,0.2327882550672327,0.3782627331573652,0.0583138376889823,0.7531438712962035,0.0
rgb_1694980134,bev_1694980134,0.3756351828572627,0.5614150729408367,0.135770754370418,0.5973118143606417,0.3061107150149365,0.1573508766396023,0.8900825991309177,0.4375006423383734,0.5260246052701729,0.3952421340883504,3.50038710836751
rgb_1720185680,bev_1720185680,19.0416548847822,-7.25845846484717,0.1533477639552684,-0.5666638343582733,6.472771966809887,-0.3866839179343616,0.9971216936175538,1.1362090088238952,64.44194918291154,24.326811465192343,4.001657705127982
rgb_1694911328,bev_1694911328,0.0472185677779721,0.5762612847860278,0.5062032966011627,0.0498009206911566,0.5954963646177496,0.762714574506962,0.6243628162303652,0.1453621614400453,0.8087670641129117,0.641863726298759,0.0
rgb_1720128078,bev_1720128078,-11.213425241193988,-0.4517766327920753,0.1345461676584826,2.590514173066863,3.307258264328185,0.4814799234042284,-0.4401263668660845,1.0150769995101374,87.89077345005677,43.75437700508703,0.0
rgb_1694921543,bev_1694921543,0.0688642720900378,0.5139278134290889,0.112197562540356,0.5464861324017559,0.8167585957837722,0.5114042110171722,0.3603242288318057,0.5399385922832772,0.6651011247514274,0.0280424472697164,3.5020885461623705
rgb_1694943620,bev_1694943620,0.9418415991204068,0.6939224340951994,0.4752729055517063,0.5944982513363181,0.949054132989249,0.203256994044725,0.5966552056700918,0.259879958248703,0.2378832673567795,0.2421323083367335,3.4912813163546
rgb_1720155809,bev_1720155809,16.547593453603852,-3.753559132337273,0.1224266202589478,-5.653385471677152,3.03266424658246,-0.7072694274580312,0.9524245528899098,1.0416199166887177,-0.6612855611520132,18.41100656692422,3.3560672475168887
rgb_1720134233,bev_1720134233,-11.213425241193988,-0.4517766327920753,0.1238012914251377,1.385420380482147,3.1840667309541075,0.5241921359188737,-0.4401263668660845,1.0150769995101374,89.00560944645659,43.75437700508703,0.0
rgb_1694921690,bev_1694921690,0.186297331218143,0.8225946520310002,0.8865869688202573,0.8698548775942964,0.2025284809776769,0.1841529801728254,0.1364890398594107,0.2537688374980199,0.6124206563537129,0.1548183097162712,3.498218232026714
rgb_1720155302,bev_1720155302,16.189610963444437,-2.7137322114777724,0.1215520228934662,-5.653385471677152,2.8064778968274435,-0.7072694274580312,0.9680344710039016,1.0416149296730677,-0.3519803269857533,20.58077052047417,0.0
s1_rgb,s1_bev,-3.6606355787802016,16.308627550863367,0.0,-0.4865869202844735,-10.0,-0.4835763427929522,0.2877927591729683,1.170268535087009,26.731075923706232,94.89412177013908,0.0
rgb_1720167595,bev_1720167595,8.201514113411854,-2.343407103037759,0.1137815898492992,-5.653385471677152,2.806224557797295,-0.7072694274580312,0.9680344710039016,1.0332283211648312,-0.98795233463062,26.89666165069156,2.787099307888792
rgb_1720170947,bev_1720170947,19.94908988122119,-13.929317226053552,0.1928931996616365,-0.118798488726636,7.54818930223006,-0.3353171615795207,0.6361078626820953,0.9584358093758876,61.045122886931495,35.21591878395719,2.5279786874076686
s1_rgb,s1_bev,-0.4473262133735574,12.859711666477954,0.2848071615236116,6.537898364673902,-0.7848930668313779,0.5580558294498237,0.2495522524063336,1.0393938687447215,29.55294394648916,25.62658971433532,0.0
rgb_1720142554,bev_1720142554,8.187131648736194,-3.753559132337273,0.112328823611571,-5.653385471677152,2.806224557797295,-0.7072694274580312,0.9548886905010004,1.0419565618831288,-0.98795233463062,19.576241659568005,2.6749721743220647
s3_rgb,s3_bev,11.872572250340838,-3.983405340639564,0.1427491420786693,-2.9917842484991795,-5.002191305433652,-0.1099425938404077,-0.4869642678338781,1.3054476079249189,89.24621322940973,19.32947468834658,3.5838653824209343
rgb_1720180689,bev_1720180689,17.59640461716267,-9.498959447873332,0.1597917910981891,-0.566650879918468,4.787766740814769,-0.3868542041727874,0.9919544647242748,1.0499877532775772,67.10183818713588,24.25615563868754,3.998373519860088
rgb_1720157352,bev_1720157352,10.567107447940703,-2.7242078793725355,0.1149442193440773,-5.653385471677152,2.8217808933462614,-0.7030073198020296,0.9680344710039016,1.0331829221267652,-1.1615159232158447,19.7298385402778,0.0
rgb_1694925574,bev_1694925574,0.3903674002723446,0.6711267359111593,0.5668725440011066,0.2069962486872599,0.6954265948191799,0.2463001486249996,0.4591967723188116,0.42525226719514,0.1659160053755174,0.6260051771598232,3.500130044900992
rgb_1694979910,bev_1694979910,0.1496481828449153,0.0974379812651082,0.5521982804996047,0.0242862006218639,0.9323727398132275,0.818240340204818,0.5631337859678233,0.3968095413352527,0.9866469833198024,0.6619080889214014,3.5007243623753976
rgb_1694893651,bev_1694893651,0.6350575738377034,0.1327190247576392,0.8748426651014569,0.9220124616851691,0.4334092260164855,0.2906188686250046,0.2547756979985531,0.7649123272126132,0.2028412647544583,0.5283934138431139,3.9121637376590033
rgb_1694978361,bev_1694978361,0.7951566453774271,0.6239423784765843,0.1307748185466469,0.980869943080634,0.5152135812731672,0.3216335433969967,0.325295416274262,0.8671073484667182,0.3640161996094661,0.4057064857690948,6.775899225936671
s3_rgb,s3_bev,11.376929200723506,-3.983405340639564,0.1013298603450571,-6.824474266818478,-4.999986834540585,-0.1099425938404077,0.1893186319204357,1.2499071839435825,89.24621322940973,32.90577096394877,3.114251025075921
rgb_1694824679,bev_1694824679,0.3743073038789851,0.5186953684701947,0.4307344384873178,0.0958355285884544,0.857509558385791,0.1404057115458503,0.6947127222313783,0.7810439585459137,0.4109394919491927,0.7784787977248515,7.374306571000299
rgb_1720213023,bev_1720213023,-7.572038007246089,5.233521245299851,0.1582947485880111,-0.3217623956513531,-0.910844893208484,0.4254959283221378,-0.130137134896781,1.337429959324871,-24.43669900027016,53.51814945604736,3.5361712867041253
rgb_1694981773,bev_1694981773,0.5322477124072476,0.3108732804281712,0.781966926459009,0.3854020733353951,0.192057355092666,0.3461538370455154,0.1531136931617398,0.6527569327482944,0.0125599326521451,0.8192616088276412,3.9121208716864926
rgb_1694902507,bev_1694902507,0.0078182616416816,0.6607224007631285,0.3217638316994891,0.8308143144231765,0.0647715541424029,0.0374222932184004,0.7751348628862799,0.4269257653906718,0.1814088256031636,0.7810957760032905,7.507033774589112
rgb_1720214042,bev_1720214042,-7.248677008666737,5.3772569021832375,0.1543041031898709,-1.4911065625864932,-1.3439084309426337,0.2438927947698779,-0.3819712678686375,1.336572291809382,-25.743692928325004,54.29518276456376,2.5923835362925094
rgb_1694942718,bev_1694942718,0.0537624005961621,0.46619287207734,0.6156476092405587,0.3505597055284577,0.8771214069740594,0.0048769641439944,0.5787093797120044,0.4112644031330416,0.1112010794127578,0.0316720703373241,3.5008224332142945
rgb_1720244132,bev_1720244132,-11.331175495668468,-0.3209255016362817,0.1596176792253844,1.4724921916567195,3.15871693075807,0.4852821641839455,-0.6260523388797081,1.0160248078432434,89.19878263663068,43.43575539796208,0.0
rgb_1720240008,bev_1720240008,-11.330615939975514,-0.4517766327920753,0.1276907565549564,1.469330557220328,3.130846149777544,0.4823321108688421,-0.5896807659688591,1.0148478386827002,63.05133444110143,43.67257892722832,0.0
rgb_1694832970,bev_1694832970,0.8864157950812971,0.8435609549354406,0.167845557630675,0.9777005006260184,0.6092093261766092,0.1977197145484454,0.8785134724240456,0.3193066190135399,0.5994318069646263,0.192807583840718,3.4999691381288573
rgb_1694982355,bev_1694982355,0.3951365398382276,0.7346209481668646,0.5110916777284115,0.2972124322201671,0.0632605110565188,0.5649912770937263,0.9855938923241369,0.2282675388938649,0.1239397733345937,0.9091001467436672,3.4880330881805963
s2_rgb,s2_bev,-13.975644096051028,-11.379475479722371,0.0955901807100658,3.871345939335791,0.2532635765799629,-0.4007114130948945,-0.91875917948396,1.1254954291172354,-28.0332729362189,65.32807981298734,3.961808895356529
rgb_1720181634,bev_1720181634,19.94908988122119,-12.608568290974642,0.1936381198993163,-0.118798488726636,7.195276437455341,-0.3139920137425462,0.6361078626820953,0.9584358093758876,59.643699333952725,35.21458792634302,2.5584728875920204
rgb_1720162420,bev_1720162420,7.256050879324903,-4.162467830117496,0.1202001811764643,-5.653385471677152,2.805752912912462,-0.7072694274580312,0.9680344710039016,1.0332283211648312,-1.1920051537445318,26.89666165069156,3.319325118815329
rgb_1720161695,bev_1720161695,15.130137099890597,-2.699925234221812,0.1224028734530587,-5.653385471677152,4.360750611333026,-0.7072694274580312,0.95259881287326,1.04161450744317,-0.3557257211822531,19.870082404313845,0.0
rgb_1694957005,bev_1694957005,0.7753768215526939,0.4642180419365371,0.0982398989197036,0.1979768650106699,0.2374126980071959,0.2335612076470842,0.5730945357298924,0.5337535628154998,0.5281416136508241,0.814833742469828,3.5000420984562823
rgb_1720132424,bev_1720132424,-11.213425241193988,-0.4517766327920753,0.1238012914251377,2.590514173066863,3.307258264328185,0.4211926386213822,-0.565988770692777,1.0150769995101374,87.89077345005677,43.75437700508703,3.441437122034776
rgb_1694834366,bev_1694834366,0.276981486881813,0.1244927407260947,0.8037506813857221,0.5171862177127587,0.1233583110106484,0.3609337708548683,0.9121199815325064,0.5193977851351702,0.8961713723514955,0.404152993706878,3.5000840657696624
s3_rgb,s3_bev,11.989386823809689,-3.983405340639564,0.1037015773912997,-1.2369526302691032,-5.015907599810701,-0.1099425938404077,0.1803514346580852,1.3311578871924934,88.43298995555426,20.479048610673747,3.3882749842531408
rgb_1694870889,bev_1694870889,0.2828133084423099,0.6828397879933461,0.5106482506628709,0.0858333661730594,0.04669965623912,0.9158156867609372,0.8995971846708456,0.9968648760301247,0.1444288518934827,0.1371460848557153,7.535967411719602
rgb_1694845479,bev_1694845479,0.9312342340423394,0.5895990335218791,0.2737786911240351,0.5830016551879711,0.8645116060302396,0.5370275305471808,0.9991379994679228,0.7992424901689672,0.0480077196160667,0.2109120259840008,0.0
rgb_1694911407,bev_1694911407,0.9723667768298964,0.082457103667476,0.1999298092105672,0.2709423773330037,0.014658591867049,0.676687708378881,0.7590889226589701,0.1723321167727828,0.3581709528252792,0.1691537814124587,3.8009914983403954
rgb_1720177574,bev_1720177574,19.642942148876664,-4.2490343895040645,0.1533477639552684,-0.676448385816597,4.985404036320302,-0.4465285367255255,0.998814330498894,1.193576320187132,49.08081447006825,17.517977105272724,3.997765047973167
rgb_1720127153,bev_1720127153,-11.330615939975514,-0.4517766327920753,0.1276907565549564,1.469330557220328,3.122327310775839,0.4821422712576761,-0.5896807659688591,1.0148785429144207,60.40579565349245,43.67257892722832,0.0
rgb_1720218393,bev_1720218393,-7.248677008666737,5.474088045748555,0.1542525629482065,-1.4911065625864932,-1.1360190515367226,0.4347927844178745,-0.3819712678686375,1.336572291809382,-22.456533484254507,54.29518276456376,2.5468662570322
rgb_1720151591,bev_1720151591,10.559245757427522,-3.884883737819809,0.1214279542931493,-5.653385471677152,2.736267954855464,-0.7147044094512425,0.9680344710039016,1.031699742690982,-1.1628921395584229,23.70322769892124,0.0
rgb_1694952844,bev_1694952844,0.3002056123878964,0.8837793750888604,0.4163702063847312,0.5895792598079946,0.4664471884565518,0.3750735941643905,0.8250958949499282,0.7568419088335934,0.4116862669633465,0.4691297514498063,7.798849202849683
rgb_1720236881,bev_1720236881,-11.331175495668468,-1.2549635535758554,0.1596176792253844,1.4724921916567195,3.160055080619447,0.510939532685341,-0.5896807659688591,1.008499742613944,87.89202014088494,39.80165793152997,0.0
s1_rgb,s1_bev,-3.6606355787802016,20.0,0.0170842824601366,2.053117247706929,-7.0007761133599935,-0.4544596591967312,-0.5994139474710578,1.118140875512541,26.322472740953803,94.89412177013908,0.0
rgb_1694922188,bev_1694922188,0.1501614354922629,0.5387272226807583,0.4280972087295372,0.5830205599488154,0.5287341942904864,0.1949936485316767,0.4340511643375686,0.3519329710192195,0.7823302050072655,0.840215354200681,7.648412454087938
rgb_1720259846,bev_1720259846,9.702505296093044,-4.158336001217535,0.1214277028273677,-5.653385471677152,2.825387341607682,-0.492450331722876,0.9680551897516504,1.003239973780728,-1.1628921395584229,23.292097821757952,3.571373050570971
rgb_1720264195,bev_1720264195,10.567107447940703,-4.224616819109322,0.1214853680670798,-5.653385471677152,2.736241752754145,-0.7155667235367659,0.9680344710039016,1.0217464790931472,1.2793070942205986,23.70322769892124,3.567024977967022
rgb_1694982610,bev_1694982610,0.800603114691242,0.8313397877308895,0.4834649881545597,0.8426893754268338,0.2162845277342406,0.4062371509573236,0.4838838884296542,0.8291534364244005,0.2012354990871026,0.907918478055853,7.30056847785102
rgb_1694899584,bev_1694899584,0.5178441604895103,0.7041972562849139,0.4648648894709126,0.0856431476913605,0.09978079612986,0.2133329824201595,0.9157600731683828,0.7787822277481242,0.9387228290975748,0.655685784621549,3.499855368898254
rgb_1694943149,bev_1694943149,0.3472968394286178,0.3408060866595824,0.7640115363424016,0.185957837182747,0.2311037989247722,0.7797785912579926,0.4497142248952889,0.5859300612839018,0.0164715496814102,0.2797850025994287,2.79925425209732
rgb_1694887899,bev_1694887899,0.7817647099493772,0.4080617978674368,0.7877448020503246,0.7066389145743538,0.9710707714033164,0.2945677722019479,0.5242211828438673,0.9503263801211111,0.1409838846520344,0.4544858933479432,6.98279585649793
s3_rgb,s3_bev,11.434960970965411,-3.983405340639564,0.1090210041084778,-6.152343565382347,-4.999986834540585,-0.1099425938404077,0.1323841236460334,1.3034722037290896,89.24621322940973,16.865037384951545,3.3944877265778386
rgb_1720233438,bev_1720233438,-8.295408599139183,-1.310105050480221,0.1344109656167804,1.479333738145165,3.3270342492838534,0.4813729144291787,-0.4740331582843365,1.015067431063309,88.37233797491709,43.756276291638265,0.0
rgb_1694900330,bev_1694900330,0.8791081830552296,0.5085278480602552,0.7579059386948009,0.7048490873499225,0.5101452806106831,0.9579477408293494,0.2109348821782639,0.7438746930622654,0.6342730263633106,0.0866581073520711,0.0
rgb_1694903179,bev_1694903179,0.4592170909700857,0.5845003307395011,0.0470607746987654,0.8058149945224299,0.7147979579859707,0.8891693921089074,0.47077777891658,0.5100287043058458,0.6849947023872951,0.0931110360983965,7.459530338813336
rgb_1694946572,bev_1694946572,0.5446123513233453,0.894616920702605,0.3262030122801849,0.7165650660619645,0.5858062603857094,0.631796593729001,0.3318236032031405,0.1420492948975109,0.8464145609791148,0.5258139561431869,4.749495731466859
rgb_1694833990,bev_1694833990,0.827538034229366,0.6344388481418815,0.5878500250633711,0.3634918266839135,0.8464819761930226,0.5884328918998902,0.2033343123065331,0.6866559723984268,0.870064133192578,0.3105691516074885,3.5023304504088406
s2_rgb,s2_bev,8.782151998257536,-10.441553815886472,0.1734233910740375,7.705693677428722,8.123448579429386,0.6317236444244725,0.8489759705497977,1.2088936539187591,63.70283443043536,71.6869177506822,1.6990209541764196
s2_rgb,s2_bev,18.63013698630137,-4.786556398345606,0.2523052464228935,5.545577155157112,7.485387334956485,-1.0,0.5189336268488274,1.4198560459834737,-4.4958800266844605,7.852148388879392,3.969771593341112
rgb_1694873473,bev_1694873473,0.5708552693389819,0.2686261308112383,0.0988637808923796,0.0134360232628079,0.0781042479015904,0.4939023543049737,0.4117441851199312,0.3362221750350861,0.8183120940650712,0.1759688646492301,3.9121208716864926
rgb_1694908171,bev_1694908171,0.7172516980996397,0.9888312227180652,0.0970028647282346,0.1675824661385048,0.1885532985474733,0.423576176957642,0.4536539278530929,0.5389533657760103,0.3852244235028487,0.1517547255846311,3.590135138083048
rgb_1720250900,bev_1720250900,-9.175090262207243,-0.757238453545849,0.1291513739183558,1.479333738145165,3.3270342492838534,0.471325672031585,-0.3556311681348804,1.0150769995101374,87.89077345005677,46.56808350254997,3.191746668952676
rgb_1694895265,bev_1694895265,0.515348418772707,0.8159734127962373,0.9198124359129844,0.1116543595120519,0.7313298814418093,0.3734695375635264,0.7423781004324999,0.0724216101099702,0.33657237750101,0.1847173988811499,6.831296422036512
rgb_1694824320,bev_1694824320,0.381893822525411,0.8240142492075045,0.1972523273291814,0.189989364991764,0.925244266854716,0.6421365349547998,0.9479597945544196,0.874281588624948,0.4759274617683863,0.0190828008614089,0.0
rgb_1694833439,bev_1694833439,0.6580050517270484,0.6961287994058426,0.6080952353955988,0.5718174560462576,0.6183876248493667,0.5833218605454671,0.6564624382341265,0.6030704085634652,0.931203851662948,0.9405598713665284,3.2266746932216863
rgb_1720141875,bev_1720141875,-16.53982148654879,8.998963912225378,0.1286730809062712,1.4863114256550922,1.6767987973030003,0.4968340869583452,0.3426665683918051,1.2017468270974392,71.78884787994329,24.368657614869548,3.4963865032648407
rgb_1694874067,bev_1694874067,0.039632314664201,0.477040353230561,0.2302339437961438,0.2908535863658359,0.2977244930358709,0.2753470949659651,0.8926054469667023,0.7066735502079541,0.8592118948119787,0.3717269521264282,7.539627526689834
rgb_1694823887,bev_1694823887,0.8931912829758469,0.918938599145034,0.9277624841648376,0.1345354492551593,0.6848820651334702,0.0237979583863757,0.3507508567634226,0.1325238753475603,0.3327136573707973,0.4318748514268842,6.481720516349411
rgb_1694905828,bev_1694905828,0.412837465604191,0.2444867758452295,0.137596666736677,0.1474090027569976,0.2919937954455885,0.898054726974896,0.7929356533742811,0.5259990176450734,0.3210255196224634,0.9433765624662276,3.492064558031187
rgb_1720147085,bev_1720147085,15.352166524588952,-3.7216619696764432,0.122371195983288,-5.653385471677152,2.8274598783977627,-0.7072694274580312,0.6104858658600636,1.0214995794402175,-0.68605889748099,23.69358607313448,3.683672656178008
rgb_1720230376,bev_1720230376,-7.248677008666737,8.361484997174607,0.159619895541126,-3.4838093020967857,-1.2588770007178829,0.4347927844178745,-0.3819712678686375,1.336572291809382,-24.766294575597925,54.29518276456376,2.547133015986343
rgb_1720233558,bev_1720233558,-11.58746450855892,-0.4517766327920753,0.1596176792253844,0.6156708477006312,3.15871693075807,0.4822188122039268,-0.5429144023023154,1.049768180389846,77.68067164047014,43.67257892722832,0.0
rgb_1720223553,bev_1720223553,-7.247830696792583,5.3772569021832375,0.1605389585498981,-1.486017183787835,-3.610212255908837,0.4347927844178745,-0.3776823454676562,1.3386239123153811,-24.79417999303644,43.09914393665117,3.640016444505963
rgb_1720160427,bev_1720160427,10.641562435583468,-3.753559132337273,0.1215520228934662,-5.653385471677152,2.8064778968274435,-0.7072694274580312,0.9680344710039016,1.0416189113126346,-0.3750178314339933,18.41240233403594,0.0
rgb_1720227555,bev_1720227555,-6.759975427360432,6.246580044322311,0.1490980224895763,-1.4911065625864932,-1.3439084309426337,0.4347927068157218,-0.421295062404828,1.336572291809382,-25.12515774104574,41.9235851951566,2.436445804787897
rgb_1694978591,bev_1694978591,0.962361842603581,0.2880240900166231,0.2801929682177153,0.8743449804103943,0.1581809704075411,0.6191503483155302,0.8841511000769994,0.451727575348724,0.5585726204083776,0.2964345793841416,3.4999855144780523
rgb_1694866868,bev_1694866868,0.5443250951895238,0.2892845966060945,0.0293282061128143,0.0450047186107718,0.6678549730078319,0.2537893852758743,0.914074043852612,0.1400011662753221,0.2758026697956844,0.1952516139028481,3.586906102658925
rgb_1720221351,bev_1720221351,-7.248677008666737,5.3772569021832375,0.1593954299281511,-1.4911065625864932,-1.3439084309426337,0.4347927844178745,-0.3819712678686375,1.336572291809382,-24.79417999303644,60.19483639881618,2.549062678993229
rgb_1720176814,bev_1720176814,16.632464309584186,-7.077220484285505,0.1840871268235042,-1.779527848961882,6.634411634949679,-0.4440744271924423,0.998795497167895,1.2844099639165192,60.633123045114445,25.609455364324617,4.000307200350656
s2_rgb,s2_bev,20.0,-6.887396734480059,0.2863325740318906,6.686153146032503,6.429978363980233,-0.9796483361184604,0.5189336268488274,0.995935046977332,-24.578528998290444,15.511462114369593,2.527982594764981
rgb_1720229848,bev_1720229848,-7.222445208297834,5.3772569021832375,0.1594763597002307,-1.5423952337764977,-1.3505099633070683,0.4347769980860989,-0.4301900013827268,1.3085475193753746,-36.10863088610372,44.1973391658829,2.3876172558366124
rgb_1694916214,bev_1694916214,0.7346465213203388,0.5530823493083779,0.7076809890075454,0.9378713484579916,0.8062548284736646,0.5010455170890755,0.6450745015760425,0.1102761526517026,0.6010695880145435,0.4669916860847052,3.499980650859906
s2_rgb,s2_bev,8.41997730612583,-12.94385438762115,0.1734595413023904,7.705625011196343,8.129424894871434,0.7397842785584894,0.981908561430266,1.2410945103196351,65.24974764006497,67.89769309025687,0.0
rgb_1720239848,bev_1720239848,-11.322902523467231,-1.2549635535758554,0.1214986922073148,1.4724921916567195,3.160070632236652,0.5143647501317774,-0.5896807659688591,1.0098017980624607,87.89077345005677,37.03852315645884,0.0
rgb_1694899433,bev_1694899433,0.1658565233296027,0.3150791039317222,0.634440882698937,0.0521083197229376,0.9671038448910568,0.9293580727441326,0.7111779326582041,0.1172618049442524,0.9920439031088932,0.5996001596929376,7.666394082807325
rgb_1694889374,bev_1694889374,0.9914764606921116,0.5828126237421262,0.998261353687752,0.4256260556729514,0.3583957542876037,0.4877665987537294,0.863553566920121,0.6673912276683348,0.849522933867737,0.7497132613902278,7.449172201354055
rgb_1720157300,bev_1720157300,8.894269903945222,-3.722442920990471,0.1210818256128741,-5.653385471677152,2.806489704564717,-0.7072694274580312,0.9680344710039016,1.0416193053216356,-0.3728293311188793,17.46136630208187,0.0
rgb_1694872263,bev_1694872263,0.766129653285576,0.8563172089750485,0.7316815998140458,0.715946088094304,0.4773550195401564,0.2348158628563416,0.3627349890967515,0.8325523359051915,0.5067548861562017,0.6376140313263519,7.000653387968868
rgb_1720232847,bev_1720232847,-7.248677008666737,5.3772569021832375,0.1593954299281511,-1.4911065625864932,-1.3439084309426337,0.4347927844178745,-0.3819712678686375,1.336572291809382,-24.79417999303644,60.08878599466807,2.545619745999604
rgb_1720127354,bev_1720127354,-15.599985502983492,-0.4517766327920753,0.1276907565549564,1.469330557220328,3.122327310775839,0.4821422712576761,-0.5896807659688591,1.0148785429144207,63.05133444110143,43.67257892722832,3.717057939204712
rgb_1694947530,bev_1694947530,0.871744341542111,0.7352669596055825,0.7566025358982488,0.060061878082858,0.1195215707052161,0.1578301118265795,0.4931733189819599,0.5798290399217246,0.6103278075772839,0.1253308090006251,6.9053262566565525
s2_rgb,s2_bev,8.41837001395275,-12.773986987291195,0.1734442971837771,7.705625011196343,8.129541404975651,0.6369422922730614,0.8637911120203488,1.241561550189446,63.70680719886639,59.96461477521247,1.6382364900195734
rgb_1720215635,bev_1720215635,-7.248677008666737,8.250508563905917,0.1599258936794202,-1.4911065625864932,-1.3439084309426337,0.4958876670823664,-0.3819712678686375,1.336572291809382,-24.79417999303644,54.29518276456376,2.7738831148560115
rgb_1720236081,bev_1720236081,-10.727051412318684,-0.4517766327920753,0.1238012914251377,2.590514173066863,3.307258264328185,0.4814799234042284,-0.4401263668660845,1.0150769995101374,87.89077345005677,44.21289358165933,0.0
rgb_1694976043,bev_1694976043,0.2203716480624156,0.3710996594032869,0.9520567586764592,0.235097956292569,0.2635768289091519,0.0253464936643708,0.6269430423946961,0.0118651071219524,0.2069998428339055,0.3879598169675745,3.499993819471846
rgb_1720232627,bev_1720232627,-7.245078893675348,5.3772569021832375,0.1594719556325411,-1.557294842262138,-1.5114396353048072,0.4347088574735764,-0.2108396672666603,1.3599107471295746,-24.79417999303644,54.27517188265969,3.131287658823537
rgb_1694845010,bev_1694845010,0.1601369293597102,0.3840810357520693,0.8118079495725941,0.5575830489017174,0.1022027005403869,0.7480684186100145,0.3066662687295245,0.5625596239810904,0.2289050807776802,0.8616233068933463,3.500075037318972
rgb_1694832593,bev_1694832593,0.4971990289676928,0.6463099912245646,0.6540809987906937,0.8606624005782146,0.8098557891557906,0.0266634028841252,0.8635889070415723,0.3314675359912837,0.3492399208134552,0.1316778747857642,2.7920591945023525
s1_rgb,s1_bev,0.0704729988887287,12.49475749552802,0.2848071615236116,6.488215665430322,-0.7848930668313779,0.645695329038162,0.2495522524063336,1.0393938687447215,28.736598349124733,86.08352627193901,2.8729237149506863
rgb_1720166001,bev_1720166001,10.76936453734476,-4.117966043445467,0.1210811354208839,-5.653385471677152,2.8163310484772897,-0.492450331722876,0.9680561617700368,1.0217673110439884,-1.1628921395584229,23.272351940012527,0.0
rgb_1694949568,bev_1694949568,0.1833907384854888,0.2239380052671216,0.0754531823566252,0.680011822261296,0.6768802580675545,0.4251458649886627,0.2330075007220392,0.2775378736365673,0.4539696395033945,0.908699910201156,5.03595290729087
s2_rgb,s2_bev,20.0,-17.493457340540665,0.3,5.545577155157112,4.18782589761252,-0.9796483361184604,0.5189336268488274,1.4198560459834737,-56.36907887394671,7.852148388879392,0.0
rgb_1720141633,bev_1720141633,-10.013515042186116,-0.4517766327920753,0.1596176792253844,-0.5096880319803372,3.15871693075807,0.4814799234042284,-0.5454620192414873,1.0087381957813883,87.89077345005677,43.67257892722832,0.0
rgb_1720241570,bev_1720241570,-11.331175495668468,-0.4517766327920753,0.1596176792253844,1.4724921916567195,3.15871693075807,0.4862132259869667,-0.7057520701929384,1.0160248078432434,87.89077345005677,43.67257892722832,0.0
rgb_1720139983,bev_1720139983,-11.209375724278743,-0.4517766327920753,0.1238012914251377,2.537715779445397,3.307258264328185,0.485337373555945,-0.4860407985594238,0.9894788701277516,87.89077345005677,43.75801920953434,0.0
rgb_1720214751,bev_1720214751,-6.995095460999943,5.3772569021832375,0.1594403355670541,1.180996717409336,-1.521000435892356,0.4347743336207439,-0.4230180822347407,1.3085475193753746,-34.299440962348314,43.073478104365925,2.472225677430665
rgb_1694923349,bev_1694923349,0.6037657163290572,0.9017813081950204,0.5614558697261925,0.6472684412844465,0.9725197957769276,0.5609140215149327,0.5316826582984749,0.1132083818017315,0.9166998686819982,0.7444165812545681,7.648703619689428
rgb_1720254155,bev_1720254155,10.559245757427522,-4.166092852962141,0.1204392152295749,-5.670398276890792,2.736267954855464,-0.7147044094512425,0.9680344710039016,1.0316545836689743,-0.6728598859072576,23.70322769892124,0.0
rgb_1694978484,bev_1694978484,0.1815782480632057,0.2437028410657596,0.9220683051748534,0.9550411664935295,0.4814752929941011,0.1060394162188687,0.8400758011133567,0.3646683771424193,0.9710700858177904,0.7219413088330268,3.4999855144780523
rgb_1694868718,bev_1694868718,0.9110804162526712,0.0578692283790914,0.9464801282309968,0.5128453527321154,0.8498252672914176,0.0241398994635949,0.1962164175659928,0.9530286628732908,0.4643730904185597,0.9648912660563496,7.175187619082002
rgb_1720219461,bev_1720219461,-7.25800651002805,5.3772569021832375,0.1304570537663453,1.180996717409336,-1.487813011039968,0.4347741842954968,-0.4202077468349927,1.3085475193753746,-25.0723718330717,43.073478104365925,2.49156626280848
rgb_1720248176,bev_1720248176,-11.330615939975514,-0.4517766327920753,0.1276907565549564,1.469330557220328,3.122327310775839,0.4821422712576761,-0.5896807659688591,1.0148785429144207,75.79262813986625,43.67257892722832,0.0
rgb_1694843989,bev_1694843989,0.5343921136381633,0.9850614197913174,0.5705484823336484,0.4979688759778091,0.1915724041892464,0.1466630131166314,0.6084270963256582,0.4992826822768025,0.6526183800408261,0.1435234609883275,4.163758346721937
rgb_1694900041,bev_1694900041,0.7956685367874139,0.2235557390968934,0.6644135458545821,0.2879826955087461,0.0380802189931612,0.8540942549256322,0.2126837689986357,0.241913391199772,0.7976939794910209,0.2622799266092861,3.389959332961361
rgb_1694946476,bev_1694946476,0.4912740365804314,0.8482434676137186,0.6810390035692236,0.95488929283761,0.0955551966091637,0.5507515728991554,0.7532753539395921,0.3269417960144016,0.6273521857988814,0.1987461384040879,4.312632631792496
rgb_1720251060,bev_1720251060,-11.207476244538414,-0.4517766327920753,0.1276907565549564,1.469330557220328,3.122327310775839,0.4810046359568356,-0.5896807659688591,1.050362662370678,75.79262813986625,43.67257892722832,0.0
rgb_1694901826,bev_1694901826,0.1864503791249521,0.4469274366814636,0.6006243725006485,0.5097041831979766,0.4923099247800734,0.5513099205225468,0.75639804751707,0.6788082304447984,0.3761846093644444,0.4924627124847393,7.518730703501623
rgb_1720241410,bev_1720241410,-11.330615939975514,-0.4517766327920753,0.1276907565549564,1.4692924189804142,3.163302038881996,0.4821422712576761,-0.5896807659688591,1.0148785429144207,88.11186195774474,43.67863286673817,0.0
s2_rgb,s2_bev,20.0,-6.887396734480059,0.0886436222692316,6.686153146032503,6.429978363980233,-0.9796483361184604,0.5189336268488274,1.3722050461141122,-54.36200908394686,56.19071198214166,3.2229613335021288
rgb_1720238646,bev_1720238646,-11.331175495668468,-1.2549635535758554,0.1596176792253844,2.3913926482295444,3.125395982328083,0.4862132259869667,-0.6615101662946273,1.0160248078432434,75.44904935038792,43.67257892722832,0.0
rgb_1720239046,bev_1720239046,-9.153682819488658,-0.4094600490570528,0.1273102239610464,1.479333738145165,3.3029298038132,0.4814799234042284,-0.5701510387166489,1.0123188258220437,87.89077345005677,43.36740306802824,3.285758610117109
rgb_1720240489,bev_1720240489,-11.213425241193988,-0.4517766327920753,0.1278245884797864,1.4693298939935886,3.1699498795432284,0.4814799234042284,-0.5888827354580601,1.0148808762980626,86.6680011153943,43.75437700508703,0.0
rgb_1694949194,bev_1694949194,0.3240777749969734,0.4634936169040929,0.8212792327323815,0.8947964709784522,0.9104291089517264,0.6679010868800197,0.6943549277079157,0.0224528912278298,0.1003615310652105,0.8541227371156369,3.5000014497716734
rgb_1694907841,bev_1694907841,0.9295740810534022,0.2002482256208534,0.8882882163896475,0.8798797755568689,0.9677522137512914,0.0338501717223891,0.6695236237317381,0.8555796926850942,0.7211011899814617,0.677537352673501,3.239568047995962
rgb_1720217281,bev_1720217281,-4.262689143482588,5.713085832917699,0.0116139029901735,1.6176215757640282,0.845163492106721,0.7984428052048536,-0.7087877016367373,1.3485011792882216,-26.96625742301832,57.377526685735006,3.640016444505963
rgb_1720237884,bev_1720237884,-11.223957221597,-0.5595844629414444,0.1214552044115538,1.4724921916567195,3.6766508928964576,0.4817587725412744,-0.6260523388797081,1.016058186743564,87.89077345005677,45.70668560328059,0.0
rgb_1720249458,bev_1720249458,-11.213425241193988,-1.444508523501305,0.1247642587424655,2.590514173066863,3.1853770321140225,0.5738990973402267,-0.4401263668660845,1.015961531255909,87.89077345005677,43.75437700508703,0.0
rgb_1694915646,bev_1694915646,0.5422669399524326,0.6641410231710063,0.6257366331910369,0.672872273912372,0.2830038374242928,0.4983379704120977,0.938238392843806,0.6619763857699582,0.1558070374213382,0.6443077451259408,7.475672091309043
rgb_1694944668,bev_1694944668,0.6572963519441869,0.500771702944629,0.694941212956247,0.2547044902760402,0.0703231658315599,0.8842526022411992,0.8942686363102589,0.7678186050453686,0.7656048361546354,0.5138150229500229,7.656739544423829
rgb_1694981849,bev_1694981849,0.891675918046401,0.607778770677906,0.6008773333025798,0.9561002278787216,0.3219889726553374,0.0246796684545034,0.1296653722554753,0.6015276852084798,0.0692992972741098,0.3350836986417135,3.9121774166663448
rgb_1694888818,bev_1694888818,0.1704098642819789,0.1797868529230402,0.5518037163110109,0.471526925485582,0.5163048473886706,0.6867450668585721,0.0335341502379493,0.4424193385843912,0.6160726661102162,0.7785315812331847,0.0
rgb_1720244252,bev_1720244252,-11.213425241193988,-0.3508829216893296,0.1260771485692987,1.4692432311555963,3.158231247689056,0.4821139220620718,-0.4401263668660845,1.01506854876528,87.89077345005677,45.657436626479445,0.0
rgb_1694846313,bev_1694846313,0.428641355013926,0.8914691038100568,0.917915969721933,0.6585322272684241,0.4244130381293569,0.8493287705514546,0.9965750141977792,0.6284227113421796,0.9168737949953392,0.7938593438850575,5.058539610047676
rgb_1694901900,bev_1694901900,0.8317946546072957,0.3136823582892944,0.9243170631607238,0.6525703910405295,0.117235969365813,0.7773298603145727,0.1796313875360023,0.4835727825791636,0.2907240157642818,0.3616230746281939,7.33106393246132
rgb_1694896914,bev_1694896914,0.6206704373800835,0.4321438728689034,0.146005714942856,0.268627014526656,0.029315959074242,0.6043979422216086,0.5420509378684221,0.8983131027376755,0.1974823691217658,0.0244174496583979,3.499943329612361
rgb_1694920224,bev_1694920224,0.8811273464855527,0.8526676961704729,0.9239951762570568,0.7031492071887133,0.6525609307968725,0.5059305793182678,0.2251426492677556,0.3152942206987896,0.0110828089024656,0.4555946255979274,3.5001032798629765
rgb_1694920727,bev_1694920727,0.9948714458771014,0.5355217147770428,0.6152003797340708,0.5009285375579878,0.5934881919167225,0.5281860621545437,0.0366371246697077,0.2934371030770973,0.6844162187360375,0.318157888300734,0.0
rgb_1694840976,bev_1694840976,0.0181612798533771,0.5352305947774778,0.0910849345961378,0.5532734479825582,0.9040100924265754,0.0838225099336852,0.7655911096344036,0.8494777295346341,0.5039513024608464,0.0872717289429724,3.5531913263114263
rgb_1720177423,bev_1720177423,18.912670472766223,-4.003090407845098,0.1204196711437593,-3.2389930400351403,6.467763519564436,-0.4465285367255255,0.8778589587603816,1.204436151552283,60.72631152439999,21.290093705192533,4.000062695918821
s3_rgb,s3_bev,3.2035827392130543,6.563135032400439,0.0487718041338835,-3.2549449737132763,1.9074307955993104,0.1775107633552337,-0.7262624258328381,1.4275694160548416,74.227126689589,35.61154547433586,3.3595141578009025
rgb_1720269221,bev_1720269221,10.554944662570623,-3.7263777078199496,0.1210811354208839,-5.653385471677152,2.8086319443921486,-0.492450331722876,0.9680551897516504,1.0206240501357284,-1.1628921395584229,23.538232905238303,0.0
rgb_1694922547,bev_1694922547,0.1815183720875243,0.5448120397861458,0.0448822293529054,0.0062895698283852,0.2511472468599254,0.4096366046009394,0.7257385346143034,0.9379866822661608,0.4285566887137662,0.6051758227757164,5.5804366614147005
rgb_1694942655,bev_1694942655,0.8603972910030817,0.2229000085400116,0.6201144213343125,0.617562683629686,0.489385407827841,0.346442314774103,0.6838459388986299,0.0756412287089932,0.7567937296879084,0.5105200491226072,3.50083935079177
rgb_1720177309,bev_1720177309,16.10981565955128,-5.940937114269538,0.193286323266232,-0.5657295285315449,6.144651595718351,-0.3870717953602743,0.9813962860806926,1.0594613973180895,59.57068233422558,28.12401693725056,3.996907702457004
rgb_1694911249,bev_1694911249,0.7192191082759875,0.7887033803107024,0.5725011677770128,0.4930890265000571,0.036801819535899,0.9589264158684516,0.3088385431513938,0.4713686527477622,0.9547302028129288,0.7298797702478367,3.080097064988675
rgb_1720137449,bev_1720137449,-13.12740040607419,-0.4517766327920753,0.1238012914251377,2.4923621649087107,3.307258264328185,0.4814799234042284,-0.4401263668660845,1.0150769995101374,87.89077345005677,43.75437700508703,0.0
rgb_1720214264,bev_1720214264,-7.248677008666737,5.3772569021832375,0.1593954299281511,-1.4911065625864932,-1.3439084309426337,0.4347927844178745,-0.3819712678686375,1.336572291809382,-24.79417999303644,54.29518276456376,2.549720520460925
rgb_1694839763,bev_1694839763,0.8916668395902253,0.1485688298372698,0.4683002919911855,0.4687208865349098,0.7279465561798655,0.2215336367832617,0.2784844776063093,0.0460117235656801,0.6564606933327729,0.4141583201831761,3.499948449718447
rgb_1720139138,bev_1720139138,-11.331175495668468,-1.2549635535758554,0.1596176792253844,2.8161743755303537,3.15871693075807,0.5059215184735304,-0.5896807659688591,1.0160248078432434,87.89077345005677,43.67257892722832,0.0
s2_rgb,s2_bev,9.026879996107745,-12.931195132359994,0.1704570668010663,7.716476422755193,8.129360923438101,0.7504477144007147,0.9718111458848336,1.2418323769704436,60.72384562087419,68.27441202092761,0.0
rgb_1720160325,bev_1720160325,9.68807017599456,-3.753559132337273,0.1152014721051632,-5.653385471677152,2.81368938439744,-0.7072694274580312,0.6624287978434091,1.041614472677779,-0.675302020360192,16.103372303083408,3.5630445553058125
rgb_1694829624,bev_1694829624,0.8508913269873488,0.4595023251385266,0.1604651148393224,0.5989189284403276,0.1518396354082187,0.5448056495135941,0.2923288318506358,0.4868756816179366,0.698621667791594,0.0359518217966431,3.261977966376325
rgb_1720216034,bev_1720216034,-2.33108953519611,5.753018543371734,0.1499379759955797,-4.1776845679411085,-0.9200452261588908,0.4895515955419545,-0.0960695754825158,1.3485011792882216,-31.94444727444029,53.18721947002503,3.640016444505963
rgb_1694839027,bev_1694839027,0.1439084747045387,0.0633135908606038,0.3453592543590845,0.1520353800288201,0.0785035648440994,0.31714224194532,0.6003870512402063,0.041103004003128,0.6071787765768198,0.813701011109682,6.999979386957214
rgb_1720247696,bev_1720247696,-11.331175495668468,-1.2549635535758554,0.1596176792253844,1.4724921916567195,1.1226390821985015,0.5143647501317774,-0.539507546942973,1.008499742613944,87.89077345005677,43.67257892722832,3.727178071988236
rgb_1694872436,bev_1694872436,0.7047684463952013,0.4680143379353799,0.6997968519133219,0.419313805345571,0.3709927363389729,0.8838197671721183,0.3384931778204286,0.3541758448079285,0.3833160059651536,0.5254313799945243,7.000653387968868
rgb_1720249377,bev_1720249377,-11.331175495668468,-1.2549635535758554,0.1596176792253844,1.4724921916567195,3.125395982328083,0.4862132259869667,-0.7272823127812648,1.0160248078432434,87.83309151015206,42.08566772348112,0.0
rgb_1694888236,bev_1694888236,0.1307068721074765,0.645137159254674,0.5302027410876997,0.5275544906261507,0.805317409105556,0.1478053060103977,0.2860555749268536,0.2588785899279229,0.942677734307398,0.9562905349473262,3.177415854381813
rgb_1720132705,bev_1720132705,-11.331181805560163,-0.4789844933262301,0.1283406719302326,1.469330557220328,3.122327310775839,0.4821422712576761,-0.5896807659688591,1.016047215672171,73.98700480715183,43.67257892722832,0.0
s1_rgb,s1_bev,-6.7125877662395474,15.5464719954484,0.0946898576904468,-4.353043697047574,-7.0007761133599935,-0.4544596591967312,-0.9875846762894124,1.370106906233734,90.0,35.46989953160345,4.6859825915802125
rgb_1720186817,bev_1720186817,18.76499628735292,-9.129927973623712,0.1533477639552684,-3.440690795077302,5.610951049516622,-0.4465285367255255,0.996734167008505,1.151744921475426,64.36749954276348,24.326811465192343,4.000165693086022
s1_rgb,s1_bev,-0.4473262133735574,19.1337394554699,0.284596280037735,6.4854701384518565,-2.961603872814921,0.6507757410075885,0.2541268002146408,1.0636598823244543,29.55294394648916,25.97916219883134,0.0
rgb_1694844820,bev_1694844820,0.5369226415212153,0.8644155785317724,0.338881662047354,0.6751134548676246,0.9812279587045843,0.8333283017597578,0.4857792024109385,0.0416046783676528,0.0064260424874111,0.1438342605281999,3.500075037318972
rgb_1694902581,bev_1694902581,0.4584927496603789,0.3858621982608445,0.1172028060773593,0.1855807528314927,0.2324735672808285,0.3262264695205813,0.9409273305928852,0.2388650423106527,0.0797843921715255,0.1994062085493216,7.458033380050791
rgb_1694946763,bev_1694946763,0.5924436958392959,0.6472654892824877,0.3296837413143122,0.1536171163165463,0.1482079417140054,0.7756188445341622,0.6631510399161364,0.7638611628633647,0.871467630638307,0.4400766250855221,6.1127170741165
rgb_1720259639,bev_1720259639,15.352166524588952,-3.753559132337273,0.1225668028865317,-5.653385471677152,2.8139200394484742,-0.7072694274580312,0.95259881287326,1.0113515361941396,-0.6590171353126095,19.87011745693633,3.6967732900670622
rgb_1720269326,bev_1720269326,8.852649461323683,-2.369233281946734,0.1165716814228376,-5.653385471677152,2.7372314482285205,-0.7152037647810582,0.9387305058585196,1.033261150150652,-1.3750550264578294,23.715935563697048,3.583255308905642
rgb_1720240609,bev_1720240609,-10.96352653794107,-0.3274218411169656,0.1596176792253844,1.4833055705498346,3.15871693075807,0.3063620857475948,-0.396102932074594,1.0150205328481483,87.89077345005677,45.81035182744976,3.5852046883391155
rgb_1694978270,bev_1694978270,0.9245748084845358,0.2505772562078928,0.6429037270504995,0.6751134595457642,0.4318929570808686,0.5970537054966313,0.1822178252037526,0.1005313131661916,0.8885249066728549,0.695851120264582,6.099902555792879
rgb_1694958263,bev_1694958263,0.3340554234342734,0.0039178347711956,0.1685536439875905,0.7336643067741819,0.1333173913071774,0.7437741211235033,0.4280373666897311,0.9106676910977598,0.2758322380732322,0.1043454118998274,7.33404261985714
rgb_1720156274,bev_1720156274,10.593560527277546,-4.224616819109322,0.1215148913348738,-5.653385471677152,2.736241752754145,-0.7152037647810582,0.9680344710039016,1.031699742690982,-1.1628921395584229,23.70322769892124,2.447000845704154
s3_rgb,s3_bev,11.875610269838214,-0.4897436770088817,0.1035852583268498,-2.2862353081603928,-4.218171044697165,-0.4600414326826998,-0.3046599406048915,1.3043557145089142,89.6072116317039,20.704348450299666,3.213677494894529
rgb_1720141392,bev_1720141392,-11.213425241193988,-0.4517766327920753,0.1238012914251377,1.4692887616385626,3.1699498795432284,0.4814799234042284,-0.4401263668660845,1.0150769995101374,88.98187721623617,44.86457632713161,0.0
rgb_1694982293,bev_1694982293,0.1138765504307808,0.6534922327258131,0.2759760344824548,0.99127471581788,0.1343877288246286,0.2218108098574436,0.7111126906821857,0.5936878569910918,0.500030184670123,0.2436940446176291,5.357317495515692
rgb_1694951339,bev_1694951339,0.4906018662824317,0.5513621778945788,0.6050425042090706,0.1925211774502614,0.1078848120020887,0.3753667105411614,0.5268969745918269,0.4996610730806676,0.3451125093030158,0.3038120001519392,6.475806550748399
rgb_1694944483,bev_1694944483,0.9748966721850216,0.4897809119837635,0.3635249982460579,0.8501192425539377,0.6389856106902366,0.2257803497877143,0.97719731578241,0.8510675384521483,0.4130787728184281,0.3144240548933182,6.505946362541058
s1_rgb,s1_bev,-3.6606355787802016,14.722955145118732,0.0,2.620552894052185,-7.0007761133599935,-0.4544596591967312,0.2877927591729683,1.118140875512541,26.57266154431709,94.89412177013908,0.0
rgb_1720215061,bev_1720215061,-7.248677008666737,5.522597652315323,0.153748909982038,-1.4911065625864932,-1.338852038817418,0.4347927844178745,-0.3819712678686375,1.336572291809382,-24.79417999303644,54.29518276456376,2.5442478282983654
rgb_1720263543,bev_1720263543,10.641562435583468,-3.753559132337273,0.1045328723228997,-5.653385471677152,2.8089587363065327,-0.7072694274580312,0.9680344710039016,1.0416192558788309,-0.3750178314339933,18.48487567178278,0.0
rgb_1720230906,bev_1720230906,-7.248677008666737,5.3772569021832375,0.1659952949504178,-1.4911065625864932,-1.149018294018644,0.4347927844178745,-0.3819712678686375,1.3949074153093777,-24.79417999303644,54.29518276456376,2.540223749202047
s1_rgb,s1_bev,-5.763685000441612,14.722955145118732,0.0170842824601366,1.3756104726391776,-9.558966041688157,-0.4544596591967312,-0.8875772906127037,1.401123654912717,14.857725000223368,100.0,4.037758424489615
s2_rgb,s2_bev,20.0,-6.887396734480059,0.0886436222692316,6.686153146032503,6.429978363980233,-0.9796483361184604,0.5189336268488274,1.3860538116591927,-54.36200908394686,3.2565601535852746,1.709124408332181
s3_rgb,s3_bev,3.965124246143468,6.563135032400439,0.0487718041338835,10.0,-3.625072662215352,0.2965583824028528,-0.7262624258328381,1.4275694160548416,74.22436459246273,82.51197455303017,3.787824220944008
rgb_1694981851,bev_1694981851,0.8847941643635985,0.2497226326293761,0.9990205413844808,0.9864415924871526,0.1243096176820947,0.505077129899396,0.6355302352641689,0.9063608650126892,0.2962887269644736,0.152142436663671,3.5014227932559563
s1_rgb,s1_bev,-0.4473262133735574,12.49475749552802,0.2848071615236116,6.488215665430322,-0.7848930668313779,0.6490095348492575,0.2495522524063336,1.0393938687447215,28.32662150165132,25.62658971433532,2.963624775044768
s3_rgb,s3_bev,11.8756102607442,-0.5700171630747128,0.107524412216019,-1.6992386107394566,-4.808880564098994,-0.6656750482539461,-0.3553399641231017,1.3009524114271946,89.24266608093474,9.383677589112915,2.9375324884340586
rgb_1694825269,bev_1694825269,0.1199036191756091,0.6670977624669306,0.969954748734745,0.6936476333471044,0.5103924364123658,0.6201946603542101,0.0007004074822457,0.7570130767640184,0.8446820896947573,0.6091089576176342,6.409482474527025
rgb_1694893059,bev_1694893059,0.0309272592009396,0.5431747016063186,0.8327036613012069,0.1554208373035881,0.0163676148626792,0.2165903941539697,0.4149822599574445,0.0501529166630357,0.1399090634189518,0.5959814038229196,7.530901276714356
rgb_1694982837,bev_1694982837,0.4314679449870355,0.2859571427812915,0.7182779808752102,0.2679415836321803,0.5451095340550781,0.6275642525969765,0.2081042983260638,0.4430066067145889,0.337591557510094,0.4327354980532635,7.431427868909343
rgb_1694917355,bev_1694917355,0.7527910343537025,0.563679679355751,0.0787077257860866,0.8740095593504777,0.2297312492581105,0.6080338536313649,0.5019638638182996,0.6935274712401698,0.2456690544405052,0.7471282925829591,6.221306369096121
rgb_1694947330,bev_1694947330,0.1381289474396055,0.9974570779400724,0.896116572200215,0.3493158281410367,0.4773756443845498,0.9515755972880934,0.9155130681824916,0.2732311683793487,0.9891522185694336,0.9317054273588458,5.867573297546368
rgb_1720243692,bev_1720243692,-11.330615939975514,-0.4517766327920753,0.1276907565549564,1.469289624594774,2.8340462761633685,0.4821422712576761,-0.4001317703682185,1.0151011810040849,87.56937952514863,43.754446608005146,0.0
s1_rgb,s1_bev,-3.6606355787802016,16.308627550863367,0.1311516862185948,1.3756104726391776,-7.0007761133599935,-0.2258443840300657,-0.500832422838617,1.0584153523466604,90.0,58.85628194514278,0.0
rgb_1694869993,bev_1694869993,0.8885201476885872,0.8845051685549012,0.0237002254498931,0.34278356450502,0.1666293140712036,0.3307802138503907,0.7587551029933898,0.048396863001168,0.9620173185687874,0.3603616652941876,3.1915553761629605
rgb_1720225048,bev_1720225048,1.604601779880337,3.1586051981832206,0.1706907485920019,-4.363906368017255,1.539333229839757,0.4676660818873699,-0.7738759284368519,1.3738045546611382,-0.3467780098701922,21.60021041575348,3.640016444505963
rgb_1720166719,bev_1720166719,8.201514113411854,-4.162467830117496,0.1137815898492992,-5.653385471677152,2.806224557797295,-0.7072694274580312,0.9680344710039016,1.0332283211648312,-0.98795233463062,26.89666165069156,0.0
rgb_1694825196,bev_1694825196,0.8518401338638788,0.5584600259508403,0.6605141443355115,0.3188076466015176,0.0991387555163961,0.7073140028726828,0.1706486337687991,0.2493070758336542,0.5878220189544141,0.0125598392425845,0.0
rgb_1694958536,bev_1694958536,0.6282101011825132,0.253369258203716,0.5858894784524481,0.7044417101559795,0.9763717845516174,0.3998924065698855,0.7859060760372069,0.1834638995443149,0.0926909867646567,0.1377787628351887,4.664657701150268
s1_rgb,s1_bev,-0.4363228642055574,11.222220291215628,0.2794599113128221,6.566321155604474,-1.2478911021976715,0.6715287476852849,0.2745314826706022,1.041139132073308,29.55294394648916,32.45456262913908,3.0031500648364804
rgb_1720178638,bev_1720178638,19.807242336236868,-10.056800007275772,0.1597917910981891,-0.566650879918468,6.056284469727771,-0.3868542041727874,0.9919544647242748,1.0692375390306386,67.11249885350728,24.33200213383444,3.9906063032679633
rgb_1694823208,bev_1694823208,0.3978423292395441,0.981725625970288,0.1329302729384691,0.9359338911610312,0.6702997675664014,0.6829785952457407,0.504922386626534,0.9872340254641944,0.9786113802966978,0.1527346120726368,4.013669743879593
s1_rgb,s1_bev,-3.6606355787802016,20.0,0.0170842824601366,1.3756104726391776,-7.0007761133599935,-0.3820649454882749,-1.0,1.1895903016485234,14.857725000223368,94.89412177013908,0.0
rgb_1694942106,bev_1694942106,0.794481497830046,0.2794044862919466,0.9270123457350514,0.6439122356844457,0.4272617774580299,0.7819856943763492,0.5844064508257713,0.1311054306945036,0.650218664445782,0.8450443736988263,7.617287742132295
rgb_1720137288,bev_1720137288,-11.02133191680917,-0.757238453545849,0.1291513739183558,1.479333738145165,3.3270342492838534,0.4810340088831408,-0.3556311681348804,1.0161207244088402,84.73787778325638,45.8107358178356,0.0
s3_rgb,s3_bev,13.224383505402727,12.81878634522696,0.2686739514149359,-3.2549449737132763,1.9074307955993104,-0.967326812731105,0.5291069128259291,1.4275694160548416,51.03125040092922,35.61154547433586,3.0912003404849666
rgb_1720257590,bev_1720257590,8.201514113411854,-4.162467830117496,0.1248352238690753,-5.653385471677152,2.806224557797295,-0.8960794866858283,0.9680344710039016,1.0332283211648312,-0.98795233463062,26.89666165069156,3.54947863348115
rgb_1720226153,bev_1720226153,-7.248677008666737,5.3772569021832375,0.153748909982038,-1.4911065625864932,-1.1646573436126495,0.4347927844178745,-0.3819712678686375,1.336572291809382,-24.79417999303644,54.29518276456376,2.5463017328528306
rgb_1720252664,bev_1720252664,-11.331175495668468,-0.4517766327920753,0.1596176792253844,1.4724921916567195,3.15871693075807,0.5526425281490552,-0.4450011237258403,1.0160248078432434,87.89077345005677,45.81035182744976,0.0
s3_rgb,s3_bev,3.965124246143468,6.563135032400439,0.0487718041338835,10.0,-3.625072662215352,-0.0269882141498787,-0.7262624258328381,1.4275694160548416,-0.2516773560087415,85.78422586193071,0.0
rgb_1694911568,bev_1694911568,0.2941281425773757,0.6433616058589542,0.9762323450076804,0.2653031304723204,0.3022675660801316,0.5424900729954646,0.6054138984478422,0.3995348376981313,0.7807618730109032,0.9545515051821029,6.001411827204098
s1_rgb,s1_bev,-0.4473262133735574,17.46067030224491,0.2794337322479043,6.494780525454838,-3.344263487998047,0.6715287476852849,0.1806964448064303,1.0651997616326268,29.55294394648916,26.64485320904385,0.0
rgb_1720238966,bev_1720238966,-11.221076082374164,-0.5586909061054968,0.1113936594617303,4.267510967524178,3.15894889315215,0.4817620945736853,-0.6260523388797081,1.016058186743564,87.89077345005677,47.17121543648445,0.0
rgb_1720165176,bev_1720165176,10.559245757427522,-4.224616819109322,0.1214824909196419,-5.653385471677152,4.248786699340279,-0.7023230812849884,0.9680344710039016,1.031699742690982,-1.1628921395584229,23.70322769892124,0.0
rgb_1694872869,bev_1694872869,0.9253089119847596,0.3626330877840522,0.47419282546398,0.2002750451357365,0.3703256505722216,0.6169623784531975,0.2708441433465234,0.3546592687651448,0.682362301816946,0.6955964566385012,7.000306263551771
rgb_1694908827,bev_1694908827,0.7074531448917156,0.9481048788154788,0.207699067321927,0.6220419609352937,0.0815422714415569,0.899316082117935,0.3881898075572992,0.5976809166925491,0.1977128209823712,0.6483302243604594,3.498218232026714
rgb_1694841267,bev_1694841267,0.3338597852761941,0.2392285794349908,0.0401140084932467,0.3038029024279738,0.4339061930583275,0.5123876991424197,0.6122205309558832,0.3820084806202753,0.9474489301583704,0.6239902654323756,7.370107836615161
rgb_1720184083,bev_1720184083,19.496515609625625,-10.495702495492232,0.1960018023873802,-0.5665650099872082,6.472771966809887,-0.3866840383005497,0.9971716020940982,1.1130298272677552,64.41018649857244,24.326811465192343,4.000804417243695
rgb_1694985417,bev_1694985417,0.4113242515554773,0.5663516999711845,0.318400991429427,0.583351863442172,0.7051091440513566,0.2723337912406292,0.40863083913728,0.4778030995696222,0.8027747069925248,0.8995673959572364,3.500196362985476
s3_rgb,s3_bev,17.773949217049676,-3.983405340639564,0.1004928717482631,-6.937659810306284,-6.608841540404439,-0.2830170368666325,0.1968143891848549,1.289167905564373,89.89442789212289,25.367645513846192,3.5100780286490707
rgb_1720146779,bev_1720146779,9.325278270427129,-4.135753227767733,0.1018652625472625,-5.653385471677152,2.8139200394484742,-0.7072694274580312,0.95259881287326,1.0113515361941396,1.440212948614089,19.87011745693633,3.565126946701488
rgb_1720157197,bev_1720157197,7.327638690652549,-2.7137322114777724,0.1215520228934662,-5.653385471677152,2.8064833877856685,-0.7061923288536968,0.9680344710039016,1.0579247298220216,-0.3519803269857533,19.86089995688324,0.0
rgb_1694944787,bev_1694944787,0.1032607557703857,0.0817406759755744,0.5900872681391374,0.8268850991284893,0.4287047282386016,0.9413250627714966,0.8494509242201588,0.8024916366510446,0.389332356053504,0.5323233689725824,3.500837222804011
s1_rgb,s1_bev,-3.6606355787802016,16.308627550863367,0.0,1.3756104726391776,-7.0007761133599935,-0.4544596591967312,-1.0,1.118140875512541,90.0,47.93553445380547,0.0
rgb_1694920871,bev_1694920871,0.5018440469693196,0.805787267796048,0.7733953756546237,0.3906711814724045,0.0756236957529384,0.0365898693094486,0.4007039267455162,0.0256002756525236,0.8770650497689815,0.549517170774423,3.384196323977869
rgb_1694871739,bev_1694871739,0.9932641583267668,0.8920623226381007,0.363881440470808,0.6884830915154673,0.3430158744888535,0.6949961759474147,0.4683859819340793,0.5152696548653991,0.727557331013448,0.4578950900580637,4.332561373233166
rgb_1720124459,bev_1720124459,-11.213425241193988,-0.4517766327920753,0.1238012914251377,2.590514173066863,3.307258264328185,0.4814799234042284,-0.4401263668660845,1.0150769995101374,85.96789462527227,43.75437700508703,3.178810837760557
rgb_1694837641,bev_1694837641,0.6348566063777328,0.9366690361206148,0.612991655445559,0.4187112738926231,0.5188109052690302,0.5552716354942936,0.1246104122998291,0.6312190711884176,0.2195381640908652,0.2809101609317699,7.000001546128349
rgb_1720232495,bev_1720232495,-7.248677008666737,8.361484997174607,0.1593954299281511,-0.7815358144994793,-1.3439084309426337,0.4347927844178745,-0.3819712678686375,1.336572291809382,-39.059809242438526,50.34548651119321,2.5716320495563885
rgb_1720185413,bev_1720185413,16.173595113860287,-10.78738905844038,0.1943229770714789,-0.0252480704687325,7.522521479733342,-0.2932680248343501,0.7062764054926247,0.9585787833568836,49.39882039432342,35.23358360728263,3.992770389939561
rgb_1720175531,bev_1720175531,19.04724453926454,-9.084688287898237,0.1533477639552684,-3.8864410863851697,6.472771966809887,-0.4465285367255255,0.9990371994809796,1.151744921475426,64.43943081071856,24.323364320516124,3.987852307312318
rgb_1720138575,bev_1720138575,-11.331175495668468,-1.2549635535758554,0.1596176792253844,1.4724921916567195,3.125395982328083,0.4862132259869667,-0.5572254224153955,1.0160248078432434,75.44904935038792,43.67257892722832,0.0
rgb_1694903033,bev_1694903033,0.0223307621666335,0.1529439042241948,0.6101996939886378,0.6743350384745623,0.5291180108070488,0.4485748056704925,0.8541993561386323,0.889414018036079,0.2343537270307394,0.5018329824483677,7.522393010162232
rgb_1694922054,bev_1694922054,0.0270463164166465,0.4427009732846879,0.5929663164537611,0.4379217031268454,0.4764021187340087,0.6189557373899435,0.1851825490339285,0.2242319190516306,0.5937946674896684,0.8067938825012545,7.525546150143096
rgb_1694894348,bev_1694894348,0.4643273867877653,0.571258164819492,0.8435171513037895,0.1227064669589504,0.890835673837023,0.8241502626117588,0.6800617306084149,0.5373437248993937,0.0299733362923569,0.581542362160964,7.464325816142589
rgb_1694922390,bev_1694922390,0.0364854009681279,0.835492893847946,0.671386350571966,0.3719822648571377,0.047983214148951,0.1486497047135112,0.435100295719429,0.1874552826936815,0.7013240459759853,0.2739124105810313,7.533847103192851
rgb_1720178411,bev_1720178411,19.04724453926454,-5.252384435702048,0.1533477639552684,-0.676448385816597,6.472771966809887,-0.4465285367255255,0.9968701537967456,1.1528260475094407,64.43943081071856,17.045447959977793,4.001693176207238
rgb_1720166309,bev_1720166309,10.279208850374708,-3.753559132337273,0.1215520228934662,-5.653385471677152,2.806470108101798,-0.7072694274580312,0.9680344710039016,1.0417888459128315,-0.3750178314339933,18.99121109640481,0.0
rgb_1694982220,bev_1694982220,0.8626928295629676,0.4391976721362242,0.4691337942482476,0.9278823599011788,0.0932188743542036,0.1799184449245515,0.9366163267273332,0.3281427250088635,0.4266141846770717,0.9372138882297176,3.9121774166663448
rgb_1720183855,bev_1720183855,18.958624606332727,-11.200686750564325,0.1742772387467935,-0.5828540475681923,6.144651595718351,-0.3843665385945496,0.9919485799434608,1.0629828087492827,59.562970632667685,25.777316425023027,3.939278294824165
rgb_1694986712,bev_1694986712,0.7186925241305553,0.9311699864609696,0.3006445165927573,0.2806109095755424,0.8276367128820855,0.0530508136435287,0.4733158353930786,0.3884086551739706,0.3113463101763533,0.0310991321109368,4.940164072274944
rgb_1694827742,bev_1694827742,0.4867385207519328,0.0936974398226239,0.5034010792120468,0.999469553520859,0.0561095529435298,0.0485108367352891,0.81901339068274,0.1044898114963124,0.911807267134784,0.1614974064585141,3.499840761662829
rgb_1720170795,bev_1720170795,15.688410804727797,-6.479090476586343,0.185814847257915,-1.2139854803118553,7.731303194710129,-0.2309662198122987,0.99577883623784,1.0605109743836811,67.1172340876845,24.83604282276308,3.9945283142148673
rgb_1720237041,bev_1720237041,-11.21878685190805,-1.2549635535758554,0.1594558070076375,1.4724921916567195,3.159581789176426,0.4855656856032309,-0.6242235744852338,1.0160248078432434,87.89077345005677,43.67257892722832,0.0
rgb_1720122729,bev_1720122729,-11.135766560709406,-0.4517766327920753,0.1238012914251377,1.46975230446607,3.1699498795432284,0.4814799234042284,-0.4401263668660845,1.0150769995101374,87.89077345005677,43.75437700508703,0.0
s2_rgb,s2_bev,20.0,-6.887396734480059,0.3,6.686153146032503,4.18782589761252,-1.0,0.8556339635491641,0.995935046977332,-24.578528998290444,3.2565601535852746,3.972043934793784
rgb_1694946286,bev_1694946286,0.70416344013384,0.983512013528836,0.3977805106496194,0.1255162244893511,0.5286404312662426,0.65054025470927,0.6416842200027644,0.5296190700288472,0.1484821323932398,0.2815293413712227,4.885530079475485
rgb_1720150830,bev_1720150830,8.201514113411854,-3.739658473597234,0.1137815898492992,-5.653385471677152,2.806224557797295,-0.7072694274580312,0.9680344710039016,1.0332283211648312,-0.9893572870164036,25.558397329314765,3.181568912157039
rgb_1720141794,bev_1720141794,-11.331175495668468,-1.2549635535758554,0.1596176792253844,1.4724921916567195,3.158146141093088,0.4862132259869667,-0.5896807659688591,1.0160248078432434,87.89077345005677,43.609624022536345,0.0
rgb_1720223201,bev_1720223201,-7.009379377254019,14.563000885090958,0.1594098296708675,3.0562216115948466,-1.5947056688486183,0.4347910602588072,-0.3819826921228649,1.3695851177074414,-15.309066325603196,43.948920158208296,2.5779774785965737
rgb_1720238486,bev_1720238486,-11.30874398407705,-0.4517766327920753,0.1596176792253844,1.4690267591215562,3.1692814783226027,0.4852821641839455,-0.4653530437558537,1.0160248078432434,87.89077345005677,45.81035182744976,0.0
rgb_1720182086,bev_1720182086,13.42364340670165,-10.901142834127317,0.214755271190267,-1.2064146588061837,7.522521479733342,-0.2964659997454556,0.7594602904380165,0.9926263465605262,42.193404476050745,35.44142684100596,3.9839830289975615
rgb_1694921543,bev_1694921543,0.0688642720900378,0.5139278134290889,0.112197562540356,0.5464861324017559,0.8167585957837722,0.5114042110171722,0.3603242288318057,0.5399385922832772,0.6651011247514274,0.0280424472697164,3.5020885461623705
rgb_1694867793,bev_1694867793,0.5153245381106227,0.7563790283451173,0.4488227682352655,0.6865927895543382,0.1253562469895653,0.017495493605298,0.6805569634325579,0.9555679122170916,0.4272637808894801,0.5755018489295664,4.0609673980645375
rgb_1694839946,bev_1694839946,0.667224009666362,0.577556152314882,0.659253083933068,0.1445011228641967,0.0636667722358378,0.6684384352605632,0.7299412376818034,0.7465126358306505,0.2208279210513359,0.7112459960447133,2.881401971096868
s1_rgb,s1_bev,-0.4473262133735574,12.49475749552802,0.2848071615236116,4.4138671593808265,-0.7848930668313779,0.6453354498172967,0.2495522524063336,1.0393938687447215,29.55294394648916,25.62658971433532,0.0
rgb_1720223157,bev_1720223157,-7.207487045762422,5.3772569021832375,0.1594403355670541,1.180996717409336,-1.521000435892356,0.4347730288864322,-0.4230180822347407,1.3085475193753746,-24.60700370371813,53.84420341883023,2.469679669111032
rgb_1694892976,bev_1694892976,0.7942136055830752,0.1628063319881417,0.370329232668653,0.1595479966874532,0.6555940627564426,0.998931202834508,0.4539684149751313,0.070276160537265,0.0551916075912994,0.1735069035929305,7.794178652192042
rgb_1720249738,bev_1720249738,-10.39783023514381,-1.281356177559445,0.1624834048223919,1.5714552075512709,3.299094654833148,0.4814799234042284,-0.5202250818474072,1.0160087936634836,87.89077345005677,43.22549476933014,0.0
rgb_1694982001,bev_1694982001,0.4008537773270599,0.6428876607911959,0.2827385958778804,0.1891187808068877,0.9318562556092892,0.1094743928828833,0.0140566288364849,0.6312497994499556,0.4530546832563119,0.3309292172227028,3.9121774166663448
rgb_1694867706,bev_1694867706,0.946627030438808,0.8229681082008381,0.5020402767740604,0.8564436648977942,0.3965309731575043,0.7764018234743337,0.4383452402913326,0.476958105918453,0.6759561359710754,0.0385733246260329,4.013615848280454
rgb_1720234279,bev_1720234279,-11.330615939975514,-0.4517766327920753,0.1378956393639995,1.469330557220328,2.9579354444235406,0.4821422712576761,-0.5896807659688591,1.0148785429144207,63.05133444110143,43.67257892722832,0.0
rgb_1694956704,bev_1694956704,0.3517231940525284,0.1646923741032344,0.1875191965365161,0.3871410153580097,0.1941311257240132,0.0437601699482177,0.8088579755288097,0.2068866149001633,0.3158799952423055,0.7052652297978307,5.233609339643748
rgb_1694824030,bev_1694824030,0.3663653363110408,0.8794103416898829,0.6747557503132747,0.8224322898437825,0.1962239007473641,0.8100658198376008,0.5889062628639578,0.6812944939947732,0.6105499571497894,0.2845216122636598,8.425804236526155
rgb_1720254457,bev_1720254457,15.352166524588952,-4.1411592636037255,0.1224266202589478,-5.653385471677152,2.81368938439744,-0.7072694274580312,0.95259881287326,1.0299482489421574,-0.6612855611520132,19.481722405540143,3.5381797450345074
s1_rgb,s1_bev,-3.6606355787802016,12.591596704187149,0.1573348336122097,9.87067660636218,-7.0007761133599935,-0.4835763427929522,-0.7329475257452798,1.170268535087009,9.100298410968506,56.44617275167779,0.0
rgb_1720145256,bev_1720145256,10.742501852184397,-4.117966043445467,0.1210747277435921,-5.653385471677152,2.808185687968285,-0.492450331722876,0.9680502433955908,1.0217687135483489,-1.219495066996771,20.20747051185824,1.3453734201019691
s3_rgb,s3_bev,6.755437858984195,15.664944011484708,0.2735194326264537,6.881251483900787,5.373686306542907,0.372224276766719,0.8663140862618695,0.9437475726958112,-62.02497740182166,0.0,4.285632382393928
rgb_1694921187,bev_1694921187,0.7033395229873219,0.8221884321451096,0.6119471677999944,0.2321528955537709,0.3152803977497165,0.2122387912587559,0.5190156897220412,0.007351563335718,0.023797469618331,0.5073021004268072,4.088413891357294
rgb_1720128764,bev_1720128764,-11.217717059197255,-1.200905877649852,0.1238012914251377,1.4692887616385626,3.157951947620285,0.4814799234042284,-0.6013224065607301,1.0146713576508457,89.15841529455514,43.66415359815842,0.0
s3_rgb,s3_bev,11.87561030803422,-3.6567542742016137,0.1075848506142966,-1.7931522591211504,-4.808880564098994,-0.6656750482539461,-0.4252633376530992,1.3072090906043767,89.24621322940973,9.383677589112915,3.021692929732933
rgb_1720183703,bev_1720183703,18.90405395183589,-9.49828135278425,0.1693590569236269,-2.204154343144106,6.467763519564436,-0.4465285367255255,0.9987935621973842,1.193036214160514,60.59673546025098,21.9949402707494,4.0001169766540885
rgb_1720132665,bev_1720132665,-11.331175495668468,-1.2232602649029154,0.1602025494752051,1.4724921916567195,3.15871693075807,0.5143647501317774,-0.5896807659688591,1.0082056485897035,87.89077345005677,43.67257892722832,0.0
rgb_1694903330,bev_1694903330,0.353030755949963,0.8256022730457421,0.3221173053204998,0.797536045383709,0.6585258814726289,0.3846765954919546,0.6755383688608028,0.0156682152172334,0.6992147239476323,0.8400101312504342,7.351830268610087
rgb_1720237161,bev_1720237161,-11.213425241193988,-0.4517766327920753,0.1238012914251377,1.4692887616385626,3.1699498795432284,0.4814799234042284,-0.4401263668660845,1.0150769995101374,87.89077345005677,43.75437700508703,0.0
rgb_1720131258,bev_1720131258,-9.175090262207243,-0.7368288169295383,0.127830764716173,1.479333738145165,3.3270342492838534,0.4814799234042284,-0.3556311681348804,1.0150920206640413,89.98368709883795,46.56808350254997,3.157916230342196
rgb_1720130695,bev_1720130695,-9.451533350994044,-0.7933079178064482,0.1309105997845563,1.479333738145165,3.3270342492838534,0.4814799234042284,-0.4353240732358479,1.0150769995101374,87.89077345005677,46.619328270539775,3.4841293969376035
rgb_1720134957,bev_1720134957,-11.193476313672674,-0.3209255016362817,0.1615909456369444,1.3865883722911685,3.15871693075807,0.4849597522989037,-0.6260523388797081,1.0151779125414977,87.89077345005677,45.81753766999623,0.0
rgb_1720183326,bev_1720183326,19.03106282096049,-5.036712263968624,0.1836881304322063,-1.7810022924247324,6.496501093920401,-0.4402997362885994,0.9999889613602162,1.2863944173932562,60.47320480148196,21.52459717244416,4.001747065863536
s1_rgb,s1_bev,-0.4492836385876373,17.681661876304894,0.2834194361384212,6.485045603693088,-0.7848930668313779,0.6510807261092061,0.0212530736639382,1.0394589420959752,29.55294394648916,25.62658971433532,0.0
s1_rgb,s1_bev,-0.4473262133735574,12.49475749552802,0.2848071615236116,6.488215665430322,-0.7848930668313779,0.6490095348492575,0.2495522524063336,1.0393938687447215,28.884397126452583,25.62658971433532,3.025686036028371
rgb_1720223333,bev_1720223333,-7.248677008666737,5.531772705047921,0.1547077387611582,-1.4911065625864932,-1.3439084309426337,0.4347927844178745,-0.3819712678686375,1.336572291809382,-22.81381134116728,58.74101889499936,2.5440204588326494
rgb_1720140787,bev_1720140787,-11.130915920702687,-0.4517766327920753,0.1238012914251377,1.4724921916567195,3.1699498795432284,0.4814799234042284,-0.4044639928271146,1.0150769995101374,87.89077345005677,43.75437700508703,0.0
rgb_1720129851,bev_1720129851,-11.817215124524234,-1.331092508183879,0.1596176792253844,1.4724921916567195,2.7868190179161374,0.4862132259869667,-0.5613974098417804,1.0160248078432434,75.44904935038792,43.67257892722832,0.0
s2_rgb,s2_bev,8.428596745587779,-13.103609337084867,0.2050548917089441,9.73272193424778,8.43512415828603,0.6365323807001111,0.9818651542883788,1.2416106418041009,63.57873266682069,67.89769309025687,3.965440495115248
rgb_1720174810,bev_1720174810,15.76721028647291,-10.90895793170663,0.1848011309621978,-1.1951479650019152,7.493202190743883,-0.2969048722638526,0.7999047521232603,0.9899451454218504,49.753811015593016,35.217280828039605,3.994588794148109
rgb_1694943018,bev_1694943018,0.205191600117455,0.8892207864082378,0.1980683300660175,0.4577119750125025,0.2452938544631835,0.2241259643104562,0.1231575956542581,0.37589335734815,0.4804645692129115,0.6475490222405593,7.056346106699159
rgb_1720138012,bev_1720138012,-11.331175495668468,-1.2549635535758554,0.1596176792253844,2.8805020339849907,3.15871693075807,0.5065946880768433,-0.5896807659688591,1.0160248078432434,87.89077345005677,43.67257892722832,0.0
rgb_1694977634,bev_1694977634,0.9273511228497344,0.1548358022740751,0.6455937761582141,0.1718068976359089,0.6961719181005955,0.2691949976686789,0.6619535953217334,0.5571570564301568,0.5083080747604178,0.2206900838518064,3.499930240396463
rgb_1694909460,bev_1694909460,0.1769643321320253,0.6299758643665114,0.217297387655946,0.8544102250226543,0.3329028026669151,0.5645247897960681,0.0706301616440356,0.0048262075819969,0.3013919811919828,0.5654829709564859,7.674993821986131
rgb_1694923654,bev_1694923654,0.59489267218464,0.1470676540392298,0.5371293349822484,0.2848957344169522,0.7164348720463299,0.3361849688629298,0.3289712986587597,0.5561124013469478,0.3562268112426335,0.3604398513592589,7.528617367302822
rgb_1720244492,bev_1720244492,-11.331175495668468,-0.4476756718950767,0.1596176792253844,1.4724921916567195,3.15871693075807,0.5830738535022206,-0.5559296272516601,1.0160248078432434,87.89077345005677,46.02732070818284,0.0
rgb_1694873557,bev_1694873557,0.2324136284109905,0.6658695737284768,0.532903386160987,0.9900730564140844,0.7768091323452956,0.4265048118520131,0.2915365555983555,0.1738048850521149,0.9688933432219622,0.8187513363257434,3.9121208716864926
rgb_1694943527,bev_1694943527,0.8830961589635037,0.6503000680883061,0.9742299695576574,0.004652982503555,0.5207494787403695,0.9325777382017378,0.5151306851145042,0.8067451207914561,0.0500173008002601,0.4394834361747528,3.49160774135119
rgb_1694897693,bev_1694897693,0.9570663104110144,0.4387279506654847,0.7293434822206928,0.164036991562599,0.5368136807727241,0.592121161019058,0.9635255892034372,0.7809875042636143,0.0941509069846202,0.601683793328729,7.532149513358634
rgb_1694981526,bev_1694981526,0.2945489941793142,0.8427846606693539,0.3634668327942407,0.8788839557726887,0.8284025594000431,0.7525371170218198,0.7536745030114271,0.2575894061237539,0.0103255871766515,0.2490243964116673,3.501755749576952
rgb_1720230951,bev_1720230951,-2.2083544839328724,3.569052966879987,0.1706907485920019,-4.396429596370485,0.4033902233501649,0.4734749740437203,-0.7738759284368519,1.3680377114334017,-0.3467780098701922,21.60021041575348,3.640016444505963
s3_rgb,s3_bev,3.965124246143468,4.7686083388158735,0.0742820082155161,10.0,-3.625072662215352,0.2965583824028528,-0.5987114054246748,1.43,74.22436459246273,82.51197455303017,1.652163810450605
s1_rgb,s1_bev,-3.6606355787802016,20.0,0.0,-0.4493910882174194,-9.049770465535696,-0.6175917962277262,-1.0,1.32301486307689,21.328791918078167,84.91408184997937,0.0
rgb_1694980206,bev_1694980206,0.3530289053373183,0.0829136942863795,0.4187537338406089,0.6793898643617595,0.1532850246739013,0.9363963236969616,0.4615557874173597,0.3034963394499894,0.0026431962169964,0.6038915656872236,3.501089880260254
rgb_1694909620,bev_1694909620,0.9848593290215184,0.7545024962364296,0.7894366906559303,0.0313643484537833,0.1237603601464645,0.3671737921505414,0.8260068319402979,0.970144717592207,0.6181605995665648,0.9670461038603444,6.062143591999252
rgb_1694985714,bev_1694985714,0.7796272022666401,0.0820342115065074,0.9454917051610532,0.3663556978108733,0.2896562444069177,0.9104090817694478,0.8765003569200354,0.4958193140382749,0.9674240640801678,0.5199735429903416,3.500130044900992
rgb_1720152365,bev_1720152365,10.641562435583468,-3.753559132337273,0.1215522166963989,-5.395986454049094,2.806224557797295,-0.7072694274580312,0.8260606800286681,1.041614472677779,-0.8758334200807667,26.89666165069156,3.6308070933103895
rgb_1720171097,bev_1720171097,19.974953954295707,-13.931166461959634,0.0916784157217532,0.5601907777070352,5.753662400597488,-0.4929771827646203,0.6164298232726637,0.9460219438606848,84.59931724666748,48.82297012143321,2.650161253107388
rgb_1694873386,bev_1694873386,0.358681326076978,0.9215121897192028,0.0049595242943712,0.0096260222918566,0.0651498440659176,0.3033851283569961,0.4784770219516997,0.1326319713419127,0.3121587682114507,0.4890349177461586,6.844901099818688
rgb_1694943904,bev_1694943904,0.5334992946627545,0.4158430416426256,0.448242754186661,0.2627389102532768,0.9976078341662584,0.2262902661280903,0.6337696954042726,0.7359964532076171,0.899870506818659,0.6636255387472136,3.499993819471846
rgb_1720226109,bev_1720226109,-7.248677008666737,5.3772569021832375,0.1593954299281511,-2.158435918860393,-1.3439084309426337,0.4347927844178745,-0.3819712678686375,1.336572291809382,-24.79417999303644,54.29518276456376,2.490142834047471
rgb_1694889460,bev_1694889460,0.5857621351519005,0.0187220710010895,0.9399586388584776,0.7209684913454087,0.8160127871583265,0.8588378868188352,0.3470198636839801,0.3227375698061451,0.5989023004238698,0.3084130906079806,3.5000156974488905
rgb_1720174086,bev_1720174086,19.45412877936145,-7.259008099278256,0.2134739241032786,-0.5665650099872082,6.472771966809887,-0.3866840383005497,0.9967784678835208,1.1130298272677552,64.44188651465629,22.866344379712658,3.999965811758881
rgb_1720137046,bev_1720137046,-11.213425241193988,-0.4517766327920753,0.1238012914251377,1.3606066121599962,3.307258264328185,0.4814799234042284,-0.4401263668660845,1.0150769995101374,87.89077345005677,43.75437700508703,0.0
rgb_1720178790,bev_1720178790,19.04724453926454,-7.25845846484717,0.1533477639552684,-3.0944734375757346,6.472771966809887,-0.4465285367255255,0.9971216936175538,1.1527836294431557,64.43943081071856,24.326811465192343,4.001570187241589
rgb_1720136001,bev_1720136001,-11.331175495668468,1.9590141321874768,0.1596176792253844,1.4724921916567195,3.15871693075807,0.5053746941001325,-0.5896807659688591,1.0160248078432434,87.89077345005677,43.232064785378654,3.954311719805398
rgb_1720150675,bev_1720150675,15.53891617793154,-4.162467830117496,0.1224467100043782,-5.653385471677152,2.81359137589684,-0.7072694274580312,0.9905331408834708,1.0332974080316475,-4.993615865509668,26.89666165069156,0.0
rgb_1720254003,bev_1720254003,8.201514113411854,-3.753559132337273,0.1137815898492992,-5.653385471677152,2.806224557797295,-0.7072487850708685,0.9680344710039016,1.0332283211648312,-1.128638040251985,26.89666165069156,3.087190480830535
rgb_1694979433,bev_1694979433,0.9514833449177462,0.1737685974808807,0.7547318607097848,0.2360579374207944,0.555052825441521,0.6055153834063142,0.935644733777236,0.9927692800691936,0.6731181159375121,0.2028511095699635,5.195521790660175
rgb_1694943715,bev_1694943715,0.8769423802524338,0.5043989196310626,0.144636879424965,0.3294739165850161,0.6267582897279715,0.8447815379257655,0.5640412096722113,0.5246687108427236,0.2890250775621917,0.1153274740722474,3.4912813163546
s1_rgb,s1_bev,-0.4473262133735574,17.463218031426994,0.2773366847863873,6.48488359737949,-1.7476561017417749,0.6715287476852849,0.1947361316158313,1.0649404779843583,29.55294394648916,26.021244305013703,2.9061416109456384
rgb_1694832785,bev_1694832785,0.1719391255554488,0.744364754089838,0.4797622939536805,0.8187375203641224,0.2999301213654677,0.876427522532258,0.911513135665544,0.1209519625492481,0.3863830503338253,0.7749432086045689,2.8872350545312058
rgb_1720247337,bev_1720247337,-11.213425241193988,-0.4517766327920753,0.1238012914251377,2.590514173066863,3.307258264328185,0.4814799234042284,-0.4401263668660845,1.0150769995101374,87.89077345005677,43.75437700508703,0.0
rgb_1694874848,bev_1694874848,0.862471671135106,0.9838006760605806,0.1340970858753352,0.1771533252858155,0.5339198285023133,0.2401069003621039,0.9208949195964892,0.9132862948089744,0.1635445460645455,0.3901588957024083,6.832717394294958
rgb_1720237081,bev_1720237081,-11.334774500653568,-1.2549635535758554,0.1598857463995691,1.4724921916567195,3.338995348212654,0.5143647501317774,-0.5896807659688591,1.008499742613944,87.89077345005677,43.67257892722832,0.0
s3_rgb,s3_bev,11.348453223488171,-3.983405340639564,0.1004928717482631,-7.1576273838588245,-6.745891621187019,-0.2501274548888402,0.195979565229311,1.289167905564373,89.89442789212289,28.556464362567663,3.5270659627772973
s3_rgb,s3_bev,12.56744341801064,-3.983405340639564,0.102417137130576,-2.786007046019958,-5.0024852703439615,-0.1099425938404077,0.1874359811156612,1.3037918871270966,89.50899586842706,19.378382833386592,3.120463197031884
rgb_1720151084,bev_1720151084,10.55976845789992,-4.224616819109322,0.1214279542931493,-5.653385471677152,2.736267954855464,-0.715270866936216,0.9605378764081942,1.0410361932717942,-1.1632348803650814,23.70322769892124,0.0
rgb_1720236281,bev_1720236281,-11.331175495668468,-0.4517766327920753,0.1596176792253844,1.4724921916567195,3.15871693075807,0.4862132259869667,-0.6218388901273657,1.0160248078432434,87.89077345005677,43.67257892722832,0.0
rgb_1694908827,bev_1694908827,0.7074531448917156,0.9481048788154788,0.207699067321927,0.6220419609352937,0.0815422714415569,0.899316082117935,0.3881898075572992,0.5976809166925491,0.1977128209823712,0.6483302243604594,3.498218232026714
rgb_1720126148,bev_1720126148,-11.360994804300644,-0.3209255016362817,0.1550797639308162,1.4724921916567195,3.170980645207912,0.4852821641839455,-0.6260523388797081,1.0160248078432434,89.68100906731016,45.90614654577586,0.0
rgb_1720213156,bev_1720213156,-7.248677008666737,8.361484997174607,0.1593954299281511,-1.4911065625864932,-1.3439084309426337,0.4347927844178745,-0.3819712678686375,1.336572291809382,-39.059809242438526,54.29518276456376,2.541227529478272
rgb_1720256222,bev_1720256222,15.352166524588952,-2.745801455907703,0.1225668028865317,-5.653385471677152,2.8139200394484742,-0.7072694274580312,0.9686668489890162,1.0113515361941396,-0.65202970002386,19.87048591280556,0.0
rgb_1694833346,bev_1694833346,0.9850678015745348,0.0638843003769398,0.2925990057365362,0.7959439283299562,0.5462833793399633,0.9304314434059884,0.0074033189401462,0.2628834750641181,0.882245879645659,0.7681154028823477,3.2266746932216863
rgb_1720213201,bev_1720213201,13.27741679355745,12.565115227741607,0.2572784358426896,9.3770202432989,5.257949733787836,0.4172700627610832,-0.4963211715279063,0.9670270399915276,-5.776649871052683,89.38681306376847,3.292237406818612
s1_rgb,s1_bev,-3.6606355787802016,20.0,0.0,1.3756104726391776,-7.0007761133599935,-0.6175917962277262,-0.3125499890992499,1.1022335415592242,50.49039580629202,94.89412177013908,0.0
rgb_1720126349,bev_1720126349,-11.213425241193988,-0.4517766327920753,0.1238012914251377,2.590514173066863,3.307258264328185,0.4814799234042284,-0.4401263668660845,1.0150769995101374,87.89077345005677,48.32996815489909,3.4874133813125545
rgb_1694946955,bev_1694946955,0.3369841751917155,0.9310972489703636,0.9089627036651076,0.1951984717418963,0.0673707510076088,0.9942524809609652,0.7782816645180836,0.2096121693245614,0.7924680388246836,0.2191331377961994,4.740587666070198
rgb_1720252303,bev_1720252303,-11.215314522610075,-2.3100704191098345,0.1614966236547661,1.4518079873423169,3.168545337350926,0.4814799234042284,-0.5933639164521355,1.016109879258316,88.98187721623617,43.75437700508703,0.0
rgb_1694907760,bev_1694907760,0.9332531198799652,0.6191742764197928,0.9732898932922388,0.5870270978267563,0.018810582110451,0.6662101389920417,0.7962183088665264,0.5907054113351773,0.960664625633948,0.6038020783026159,0.0
rgb_1720139661,bev_1720139661,-11.213425241193988,-0.4517766327920753,0.1238012914251377,2.5523699641509694,3.307258264328185,0.5039469688203031,-0.3787726634045992,1.0159514086002908,87.04078676170784,43.674326141983954,0.0
rgb_1694868976,bev_1694868976,0.054401923816737,0.5330672592563208,0.965390869100131,0.4726075489593471,0.2528398706811599,0.5673292781594104,0.9332549809515086,0.2921555018680746,0.231064147902107,0.0157245785079516,7.35944400420154
rgb_1720268202,bev_1720268202,10.567107447940703,-7.167011114344659,0.1214853680670798,-5.653385471677152,2.7362347585464946,-0.7030073198020296,0.9680344710039016,1.0407473077326743,-0.6580865602147554,19.78704846429528,3.2876012455422816
rgb_1720228921,bev_1720228921,-7.248677008666737,5.3772569021832375,0.1592728616604502,-2.440030718071624,-1.3761222310496262,0.4347927844178745,-0.3819712678686375,1.3780668223766488,-15.905505065840757,57.67389562528859,2.571217733905051
s3_rgb,s3_bev,11.875609544571809,-3.763623017729525,0.109474817630999,-1.412336616500113,-4.808880564098994,-0.5989689502904341,-0.2523340071095028,1.2461692898186882,73.44179263894256,9.383677589112915,3.123159301063404
rgb_1694891289,bev_1694891289,0.7763858185927159,0.7742252679285294,0.960689496648626,0.4493569832210063,0.1131030551299251,0.3855569658611009,0.7402487367234531,0.2748455467628877,0.92718498687193,0.2401525260397068,0.0
rgb_1694911487,bev_1694911487,0.4259248402769546,0.3319827187402683,0.6925850050989787,0.2849518477998355,0.2713561346414506,0.611241783895771,0.2756301228135407,0.1098213250304179,0.0394366329224014,0.0074364328047298,0.0
rgb_1720223422,bev_1720223422,-7.248677008666737,13.509895043296922,0.1537796826267916,-1.4911065625864932,-1.3439084309426337,0.4347927844178745,-0.3819712678686375,1.336572291809382,-24.79417999303644,54.29518276456376,2.546934673361372
rgb_1694908253,bev_1694908253,0.497002385292654,0.5618415725410253,0.0347465696645405,0.6891389313342642,0.1016492771045818,0.5867713121188006,0.4395888314887852,0.1630531531857135,0.1499617033875698,0.1556539862104555,3.3866130725472234
rgb_1720130213,bev_1720130213,-11.213425241193988,-0.4517766327920753,0.1238012914251377,1.4692887616385626,3.1699498795432284,0.4814799234042284,-0.4401263668660845,1.0150769995101374,88.98187721623617,43.75437700508703,0.0
rgb_1694911568,bev_1694911568,0.2941281425773757,0.6433616058589542,0.9762323450076804,0.2653031304723204,0.3022675660801316,0.5424900729954646,0.6054138984478422,0.3995348376981313,0.7807618730109032,0.9545515051821029,6.001411827204098
rgb_1720181745,bev_1720181745,19.207038562146373,-7.748939387570887,0.1533477639552684,-0.676448385816597,6.472771966809887,-0.4465285367255255,0.8292572685413309,1.1527832101272883,60.95485983690389,22.25110270200128,4.000665972485117
rgb_1694890700,bev_1694890700,0.9234422135555164,0.5775024328488794,0.7845683553958694,0.7023314548407041,0.7085463754706198,0.6346370453182196,0.5935546528818548,0.8771451303370466,0.0437787363792721,0.0576547149307957,7.333851013340345
rgb_1694957580,bev_1694957580,0.649956118570355,0.9379388063523764,0.4983319492518189,0.6981535644424635,0.5931604126888974,0.0129485946924158,0.1898082877193208,0.7727119787231066,0.6750047070781902,0.8323970538579172,5.038600987206307
rgb_1694954735,bev_1694954735,0.705879592154716,0.4865174648668411,0.6108225954032297,0.034672644178484,0.0860215779566869,0.7019354397062479,0.1351973810951005,0.665165451279051,0.4564065263621265,0.8895150834866631,3.5001084194356853
rgb_1720122365,bev_1720122365,-11.331175495668468,-1.2549635535758554,0.1596176792253844,2.8980445692110823,3.169877369868121,0.5065946880768433,-0.4431533510311123,1.0160248078432434,87.89077345005677,43.66915487411176,0.0
rgb_1694879226,bev_1694879226,0.9254258840376124,0.7962151028605571,0.6109051934323839,0.3374570866862824,0.0193593911089561,0.892072295811396,0.5809338769414804,0.1561267376557504,0.9302065570805828,0.2261101499594094,7.425884277842066
rgb_1720133629,bev_1720133629,-11.223957221597,-0.5595844629414444,0.1211899237112927,1.4724921916567195,3.154220744372793,0.4814957752048303,-0.6260523388797081,1.016058186743564,87.89077345005677,45.74934938502047,0.0
rgb_1694976145,bev_1694976145,0.913015949366358,0.89594359344418,0.867487702012568,0.6741370097537299,0.1343507587961501,0.1540972999079428,0.2164923704660993,0.7901873820653779,0.0049089875200433,0.520344212594843,5.402193527506048
rgb_1720169395,bev_1720169395,19.65227785139347,-4.248613603317775,0.1533477639552684,-1.7636445196764203,4.985404036320302,-0.4465285367255255,0.998814330498894,1.193576320187132,48.8921498067368,17.75476270163951,4.000694757600149
s1_rgb,s1_bev,-3.6606355787802016,14.722955145118732,0.0,1.3756104726391776,-10.0,-0.4544596591967312,0.2877927591729683,1.170268535087009,9.100298410968506,94.89412177013908,0.0
rgb_1694900475,bev_1694900475,0.2077192176156962,0.3477753205904682,0.5165811607551797,0.6577058757564159,0.8616076899019532,0.1384777003615211,0.654220353487269,0.3057602989374197,0.625819844112519,0.1982333972699859,5.966544819095352
rgb_1720261373,bev_1720261373,10.559245757427522,-2.7381830799491205,0.1210811265674365,-5.653385471677152,2.733028454478969,-0.7073410830335098,0.9682235902798008,1.041602440571603,-0.4413067887084025,16.32866207129721,0.0
rgb_1694942779,bev_1694942779,0.9933437398894672,0.8272397651345779,0.8804298184164223,0.1160320699155155,0.4237853944010558,0.0204766475261501,0.0427199509493131,0.0641616444147222,0.5451515193033195,0.3678898899559997,7.430272438794913
rgb_1694908171,bev_1694908171,0.7172516980996397,0.9888312227180652,0.0970028647282346,0.1675824661385048,0.1885532985474733,0.423576176957642,0.4536539278530929,0.5389533657760103,0.3852244235028487,0.1517547255846311,3.590135138083048
rgb_1694841560,bev_1694841560,0.111901079200018,0.7512636700840537,0.2519852777739352,0.540830636011164,0.6434157894824211,0.3825349756277676,0.0691594830363452,0.8927485574645941,0.7497162535498839,0.6966780599710088,7.535501048154126
rgb_1694838663,bev_1694838663,0.1707957567387861,0.6010700556759766,0.2288594963380571,0.357569321219774,0.6678300864793157,0.5032117719589789,0.1235441852017197,0.6877985459752974,0.6879539208485851,0.588858795538296,3.499941826580665
rgb_1720124016,bev_1720124016,-11.331175495668468,-1.2549635535758554,0.1596176792253844,1.4724921916567195,3.15871693075807,0.4862132259869667,-0.5896807659688591,1.0160248078432434,87.89077345005677,43.67257892722832,0.0
rgb_1694977068,bev_1694977068,0.4234944130727628,0.740146713639313,0.9626550706531722,0.1809514168173808,0.7743069033361595,0.5266960561258894,0.7115626589228407,0.232906372124796,0.4129826900923977,0.7507788266181332,3.493919856824905
rgb_1720217592,bev_1720217592,-7.248677008666737,5.3772569021832375,0.1593954299281511,-1.4911065625864932,-1.3439084309426337,0.4347927844178745,-0.2461805566203672,1.336572291809382,-24.79417999303644,60.19483639881618,2.7667583277420618
rgb_1694894261,bev_1694894261,0.5107550762458831,0.7067448170345424,0.6381045150960843,0.3493824538472743,0.927750147586491,0.3370689431184707,0.1398764800539862,0.4334791683107172,0.8029266546814077,0.2600568476395523,7.510757899519026
s1_rgb,s1_bev,19.774713426311465,10.711345392483391,0.2159568626650694,-2.5765994708693256,2.9836331127200766,-0.7846755075526608,0.6894573426493609,1.0251495990528114,-46.35127248276313,84.62797719288233,3.0220567765576622
rgb_1720211396,bev_1720211396,-6.995095460999943,5.3772569021832375,0.1594403355670541,-0.4655813903075376,-1.521000435892356,0.4347743336207439,-0.4521730207732257,1.3085475193753746,-25.118951960728424,43.073478104365925,2.3376004225473133
rgb_1720246215,bev_1720246215,-11.331175495668468,-1.2549635535758554,0.1596176792253844,2.8805020339849907,3.15871693075807,0.5065946880768433,-0.5753365467820342,1.005372639078013,87.89077345005677,43.74390280129997,0.0
rgb_1720151746,bev_1720151746,15.352166524588952,-3.753559132337273,0.1222596089236011,-5.653385471677152,2.8139195343296315,-0.7072694274580312,0.95259881287326,1.041614472677779,-0.68605889748099,19.87011745693633,3.263177991094901
rgb_1694840501,bev_1694840501,0.3718874481728184,0.0937578915223219,0.72942894801682,0.2795934160109241,0.0750406593250403,0.975171286644148,0.3079849011425433,0.778394349344669,0.9395645921947192,0.1567399475391878,7.141184687069964
rgb_1694845294,bev_1694845294,0.3486012228969856,0.8990543277344387,0.1406625708645354,0.7036344625250275,0.3761818695098989,0.6222036197624595,0.769456129713254,0.3295907684909728,0.3670495326743835,0.2453902922677991,0.0
rgb_1694878544,bev_1694878544,0.9908662233873664,0.0287082766537846,0.0332389691216089,0.3294749743335473,0.2873770574564777,0.8499100401679558,0.9623552083304198,0.5550751133944327,0.4816995555161951,0.8070805144889136,3.5001737207122803
rgb_1694908502,bev_1694908502,0.1479354804997081,0.1636952598096733,0.2695181588026309,0.5895417171293154,0.6517246087829305,0.6972778220131559,0.292742538620697,0.6310524943368263,0.8515855855711723,0.3015664498771256,3.5024259421800785
rgb_1720139460,bev_1720139460,-7.793355176385086,-0.4517766327920753,0.1238012914251377,1.4049280554865629,3.835464780794872,0.4814799234042284,-0.4401263668660845,1.0150769995101374,87.89077345005677,43.75437700508703,3.058796804637646
rgb_1694908982,bev_1694908982,0.0968230074156211,0.7769126541276261,0.4028649510210466,0.0230174174241104,0.2170424090209362,0.028817503675463,0.5258703359215677,0.9294607520476382,0.0612594191737098,0.6299924595094065,3.498942228281693
rgb_1720139380,bev_1720139380,-11.213425241193988,-0.4517766327920753,0.1238012914251377,1.4692887616385626,3.1699498795432284,0.4814799234042284,-0.4401263668660845,1.0150769995101374,87.89077345005677,45.42297830463736,0.0
s1_rgb,s1_bev,-3.6606355787802016,20.0,0.0178997613365155,1.3756104726391776,-9.049770465535696,-1.0,-1.0,1.1895903016485234,58.4461969112644,94.89412177013908,0.0
rgb_1694982372,bev_1694982372,0.2200753511121712,0.5703041432229147,0.9368645181508976,0.6512020745219173,0.4559563639762382,0.6699132529116526,0.9988459710117216,0.7893806476357678,0.3771326158358489,0.047987874800241,7.72006270717621
rgb_1720211090,bev_1720211090,-7.248677008666737,5.3772569021832375,0.1588839420317925,-1.441366868373823,-1.3439084309426337,0.4347927844178745,-0.3969593477909021,1.336572291809382,-24.79417999303644,54.29518276456376,2.518351910165937
rgb_1720225799,bev_1720225799,-7.248677008666737,5.3772569021832375,0.1398391172118659,-1.4911065625864932,-1.3439084309426337,0.4347927844178745,-0.3819712678686375,1.336572291809382,-24.79417999303644,54.29518276456376,2.520301948466162
rgb_1720243892,bev_1720243892,-11.331175495668468,-1.2549635535758554,0.1596176792253844,2.8805020339849907,3.15871693075807,0.5087136560113983,-0.5896807659688591,1.0160248078432434,87.89077345005677,43.67257892722832,0.0
rgb_1694942609,bev_1694942609,0.4341326028593487,0.93835689326825,0.6379448597127012,0.7914104139329724,0.1506051645384702,0.7852811225856662,0.6985173998887612,0.8058316002904743,0.4983880193216691,0.3746311084698074,3.5007818879582384
rgb_1694956909,bev_1694956909,0.8565580488371518,0.1347476952897691,0.5675631173286443,0.7064758603693589,0.774497627007841,0.4332390359584555,0.7325125659088851,0.8423001781284352,0.9256963234734276,0.4080399616355616,0.0
rgb_1694829249,bev_1694829249,0.4828904468826579,0.2480005954977718,0.5344892889716556,0.9655864373547492,0.3414755888997189,0.2338810673140161,0.8524180344175992,0.5777541125861704,0.1053315882028399,0.1147130064252142,7.456926257150476
s3_rgb,s3_bev,17.773949217049676,-3.983405340639564,0.0971814167898265,-7.197769680351138,-6.421388878650186,-0.1149417319135707,0.1959070043955595,1.287321332202199,89.95751224487157,10.599270756681342,3.979590826342416
rgb_1694921763,bev_1694921763,0.1661671087616451,0.1593758292458688,0.0293379905150971,0.6249991290343091,0.3107417584583496,0.3799696042237666,0.7739182019413966,0.7575159689593332,0.5951883585496888,0.0995410742798346,3.498218232026714
rgb_1720227336,bev_1720227336,-7.248677008666737,4.965050640837188,0.1543952690392324,-1.4372564995900898,-1.3439084309426337,0.4347927844178745,-0.3819712678686375,1.336572291809382,-18.72756277779948,54.29518276456376,2.5706431998785564
rgb_1720136845,bev_1720136845,-9.375784216419314,-0.3443829352405991,0.1291513739183558,1.4771942470555466,3.3270342492838534,0.4814799234042284,-0.6422269982106387,1.0161761698852998,87.89077345005677,46.54463563118326,3.1555224096739507
rgb_1720158133,bev_1720158133,8.894269903945222,-3.753559132337273,0.1210818256128741,-5.653385471677152,2.067628302520044,-0.7072694274580312,0.833111520050924,1.0416193053216356,-0.3778381806470747,21.408919710113302,3.5571108963562152
s3_rgb,s3_bev,11.87560969276047,-3.124373308088497,0.1035915654441961,-2.29241835788711,-4.169935659942161,-0.076923416310586,-0.322331053439598,1.3062143117776943,89.24621322940973,20.7056721091354,3.0206202428002946
rgb_1720186024,bev_1720186024,17.54770537161758,-10.771043850240758,0.185701204538151,-1.1959566378465158,7.760700651768442,-0.3033358515442612,0.7892930598213308,1.015403948937666,41.00594679756665,35.45043763226316,3.996454238596209
rgb_1694823152,bev_1694823152,0.3576935225709411,0.1523199907017689,0.7325717839534371,0.7340873095931869,0.3308691465695403,0.152701796247952,0.4786812930183406,0.5962708113906909,0.5958060885760827,0.755900240082585,4.014005322568152
rgb_1694906296,bev_1694906296,0.1492804682037506,0.1766977451704481,0.4609307554559692,0.7533617131278331,0.4298339947018188,0.5544549905441072,0.3327711267383186,0.2697648771810265,0.5382247143415092,0.6385289577424836,3.4999691381288573
rgb_1720226197,bev_1720226197,-7.248677008666737,5.3772569021832375,0.1537796826267916,-0.7118380946384057,-1.3439084309426337,0.4347927844178745,-0.3819712678686375,1.336572291809382,-24.79417999303644,54.29518276456376,2.6047950194295297
rgb_1720155964,bev_1720155964,7.6876072419182115,-3.753559132337273,0.1137815898492992,-5.653385471677152,2.806224557797295,-0.5045282856011112,0.968056522080893,1.0332283211648312,-0.968419126605113,26.56865467358484,3.5432121469324342
rgb_1694923950,bev_1694923950,0.3748149317418051,0.9511938320675828,0.7605938431697884,0.3827609450717247,0.2559152951539533,0.0857306167756383,0.310330643328662,0.9496414926134422,0.685746324848603,0.4268919984764856,3.6327961739151338
s3_rgb,s3_bev,13.224383505402727,12.81878634522696,0.2686739514149359,10.0,-3.625072662215352,-0.967326812731105,0.5291069128259291,1.43,74.22436459246273,82.51197455303017,3.9441587180673903
rgb_1694869912,bev_1694869912,0.1507237137631957,0.0016474588864801,0.20903821280971,0.0233488492019705,0.3759196299744142,0.0793353496492244,0.3217497306496791,0.6474221573652938,0.2762173288263794,0.5239012737095103,3.4999732555964926
rgb_1720257031,bev_1720257031,8.999400304089747,-4.224616819109322,0.1209980219266186,-4.670395761386016,2.7370841154111645,-0.7147044094512425,0.9680344710039016,1.0314607209761766,5.425314383417344,23.62737294912333,3.557071984013343
rgb_1720124418,bev_1720124418,-9.201221124147189,-0.4517766327920753,0.1605570670304294,6.201033303960031,3.15871693075807,0.4862132259869667,-0.5896807659688591,1.0159953957865624,87.89077345005677,43.67257892722832,3.16720343887592
rgb_1720238126,bev_1720238126,-11.213425241193988,-0.5388056588296983,0.1238012914251377,2.7088071194837955,3.172701037773395,0.4814799234042284,-0.4301077718912545,1.0150769995101374,87.89077345005677,43.75437700508703,3.3754621644422373
rgb_1720240169,bev_1720240169,-11.218566654612292,-0.4517766327920753,0.1596708406520445,1.4692887616385626,3.1607269764203743,0.5154549810901718,-0.4632055011073246,1.0085214765781665,87.89077345005677,43.66464820125742,0.0
rgb_1694946861,bev_1694946861,0.6649954895288536,0.1119968749910977,0.0260367590788663,0.7168503764919566,0.3139764437968471,0.6655528189668765,0.61798166140909,0.4290831278534065,0.2598249165131072,0.9445666534377978,4.968029900210827
rgb_1694870649,bev_1694870649,0.7562865905391986,0.9993545590197146,0.2611466291481604,0.8891953913981904,0.3099559728500385,0.5553003502732184,0.9937787992442408,0.672481685914797,0.3612328062796932,0.5992213706279373,3.499993959070691
rgb_1720167181,bev_1720167181,15.352166524588952,-3.753559132337273,0.1222596089236011,-5.653385471677152,2.81368938439744,-0.7072694274580312,0.95259881287326,1.041614472677779,-0.68605889748099,12.960119272572715,3.3363305607782534
s3_rgb,s3_bev,3.2035827392130543,4.0186057703139255,0.0487718041338835,10.0,-3.625072662215352,0.1775107633552337,-0.7262624258328381,1.4275694160548416,74.22436459246273,85.78422586193071,2.4969596154603586
rgb_1720179323,bev_1720179323,18.925467743374465,-9.684793984475878,0.143503327251363,-1.8825736810966127,6.152934297041721,-0.4442608705585938,0.9988021401272204,1.193036214160514,60.62321531506692,24.08801989897379,4.000095459344802
rgb_1694837453,bev_1694837453,0.8701715562903126,0.1804170674278747,0.815046456296676,0.111042841620509,0.4407874025814505,0.6932369467474397,0.4996455556361733,0.6499920047477344,0.9650444458023584,0.9765371893463352,6.164698042593092
rgb_1694952944,bev_1694952944,0.7863859057797434,0.6735023188936811,0.9624203633793016,0.9027581856511212,0.8503801471329474,0.7669262808108916,0.9257607775802176,0.7801140875883764,0.8307948353130973,0.4275288298907458,3.4996645482775564
rgb_1694906783,bev_1694906783,0.0757497891972405,0.48603902373604,0.0316908436678632,0.1218805516660334,0.0258231165460539,0.1987376636955354,0.1525276303058558,0.3463119133561252,0.8823545826978376,0.9508676690960992,3.5000831120961644
rgb_1720215679,bev_1720215679,-7.248677008666737,5.474088045748555,0.1538144748175219,-1.4911065625864932,-1.3439084309426337,0.4347927844178745,-0.3819712678686375,1.336572291809382,-22.36800937952364,54.29518276456376,2.548158795765684
rgb_1720164610,bev_1720164610,8.474650473343868,-2.9028644271811643,0.1141701093134489,-4.045376787586327,2.806224557797295,-0.7034303142383056,0.9088166532140408,1.0111188469206664,-0.6597006411284667,19.8633989218782,3.660736246559388
rgb_1720173518,bev_1720173518,17.826750838413417,-5.112625221917382,0.1416369818725028,-0.6051906155949744,5.931099770120344,-0.3865260252479874,0.9920387755589428,1.0594613973180895,59.57068233422558,16.75094775074828,3.995569796722287
rgb_1694825196,bev_1694825196,0.8518401338638788,0.5584600259508403,0.6605141443355115,0.3188076466015176,0.0991387555163961,0.7073140028726828,0.1706486337687991,0.2493070758336542,0.5878220189544141,0.0125598392425845,0.0
rgb_1694977564,bev_1694977564,0.9464418968326256,0.5396711159847394,0.5288120049085935,0.650097372393511,0.132881875694549,0.7400827647052984,0.0730800919329448,0.0297323556516821,0.8428023865361448,0.1062357703371703,5.250001535824153
rgb_1720259587,bev_1720259587,10.567107447940703,-2.7242078793725355,0.1214853680670798,-5.653385471677152,2.736241752754145,-0.7030073198020296,0.9680344710039016,1.0217464790931472,-1.1628921395584229,19.7298385402778,0.0
rgb_1720177840,bev_1720177840,13.470314416626069,-4.770537383501557,0.1870813848200538,-1.1996060658106238,8.604993813094215,-0.2953146372955293,0.8175026680480393,1.0406476604965018,44.74117154920276,31.253431749438786,4.000237911216313
rgb_1720175607,bev_1720175607,19.2042742946344,-4.2490343895040645,0.1533477639552684,-0.676448385816597,6.472771966809887,-0.4465285367255255,0.9988843952338196,1.1935766593819568,60.47320480148196,17.517977105272724,4.0001537600679935
rgb_1720161089,bev_1720161089,15.69744373151306,-3.7827499034032073,0.1224266202589478,-5.653385471677152,2.817874852367773,-0.6951112107853676,0.9661957633625642,1.041614472677779,-0.6299739201599692,19.87011745693633,0.0
rgb_1694925501,bev_1694925501,0.2168192652610254,0.9006106460779311,0.4140429133453421,0.3742141846613676,0.078505186735041,0.6715085494360051,0.0493458242764757,0.8420021972989175,0.0407168096415213,0.5148322616623932,6.7875146608841845
rgb_1694871575,bev_1694871575,0.9584855285275016,0.0130142003048457,0.4915170096888259,0.787967950319946,0.7215985405238197,0.4301603472735085,0.145529130861539,0.7175066009559611,0.4240997255761898,0.5932887095786292,7.711939157047957
rgb_1720161290,bev_1720161290,8.999400304089747,-4.224616819109322,0.1209980219266186,-4.670395761386016,2.7370841154111645,-0.7147044094512425,0.9680344710039016,1.0314607209761766,5.425314383417344,23.62737294912333,3.5571024351156337
rgb_1694977212,bev_1694977212,0.3034169771803926,0.6473264669339315,0.1802511645287918,0.0297799106066372,0.8391239260228908,0.0842901838331229,0.9752165647212352,0.9482050138715026,0.9272197927066032,0.503237505655156,4.885148731804343
rgb_1694901674,bev_1694901674,0.4289930551978441,0.6253026828693318,0.7601683499602634,0.9204899942293068,0.82408015229497,0.710949733660847,0.8875588865957972,0.3665463736379036,0.4529340397404421,0.5785037945801776,3.500586428175944
rgb_1720155097,bev_1720155097,10.559245757427522,-4.165191009832041,0.1215543016314333,-5.653385471677152,2.800286811472212,-0.7147044094512425,0.9461338177219882,1.0444324465887218,-1.1794092105347715,23.70322769892124,3.304960245376544
rgb_1720125223,bev_1720125223,-11.331175495668468,-2.088381265829078,0.1648488003798638,1.4725929760715673,3.1588983849272907,0.4855308400096907,-0.4584382272731893,1.0160248078432434,74.75806703069108,45.67091819216835,0.0
rgb_1694871659,bev_1694871659,0.6147982095982134,0.4003961151914196,0.2753027732529229,0.9784214472391064,0.4238599463712907,0.5974010722523273,0.9038691118830268,0.3900501110384226,0.0062980464589362,0.579310354018629,7.766697124126112
rgb_1720263696,bev_1720263696,16.189610963444437,-2.425189224750625,0.1215520228934662,-5.653385471677152,2.8064778968274435,-0.7970484955715652,0.9688520468665124,1.0417919010321262,-0.3519803269857533,19.859801608823044,3.736901687218351
rgb_1720261682,bev_1720261682,16.547593453603852,-3.753559132337273,0.1224266202589478,-5.653385471677152,3.03266424658246,-0.7072694274580312,0.9524245528899098,1.0416199166887177,-0.6612855611520132,18.41100656692422,3.3780550828644693
rgb_1694823522,bev_1694823522,0.9669780480759008,0.6550363309590493,0.0418773077039826,0.4674786457340552,0.8652957150755135,0.0447548228903144,0.7054538504668962,0.4324136948487646,0.2314850485071423,0.6231961632575169,3.4994148128138467
rgb_1720225004,bev_1720225004,-6.995095460999943,5.3772569021832375,0.1595283306476776,-1.0424447470627936,-1.330303695648151,0.4347743336207439,-0.4230180822347407,1.3085475193753746,-25.118951960728424,43.073478104365925,2.3863532705273016
rgb_1720240769,bev_1720240769,-11.331175495668468,-0.845891755701544,0.1596176792253844,1.4725518137487104,3.1585049023863387,0.4862132259869667,-0.4508923741652916,1.0151129495621325,87.89077345005677,43.67257892722832,0.0
s3_rgb,s3_bev,3.965124246143468,4.0186057703139255,0.0487718041338835,10.0,-3.625072662215352,0.2965583824028528,-0.7262624258328381,1.4275694160548416,74.22436459246273,82.51197455303017,0.0
rgb_1720122849,bev_1720122849,-11.331175495668468,-1.2549635535758554,0.1368405138338194,1.4724921916567195,3.15871693075807,0.4862132259869667,-0.5896807659688591,1.0160248078432434,89.41021172824398,43.93297346157576,0.0
rgb_1720248016,bev_1720248016,-11.213425241193988,-0.4517766327920753,0.1238012914251377,1.4692887616385626,3.1699498795432284,0.4814799234042284,-0.4401263668660845,1.0150769995101374,87.89077345005677,43.75437700508703,0.0
rgb_1694878925,bev_1694878925,0.0539569430036179,0.0284059989064064,0.3392631283650879,0.0324812578713669,0.7756382337307246,0.9722810064464223,0.6717026430778129,0.6324538559011047,0.2264000888514362,0.6128415663750494,8.553889662605071
rgb_1720219194,bev_1720219194,-7.248677008666737,5.474088045748555,0.1542525629482065,-1.4911065625864932,-1.3439084309426337,0.4347927844178745,-0.3819712678686375,1.336572291809382,-22.4898371883324,54.29518276456376,2.545691249134276
rgb_1720243772,bev_1720243772,-11.213425241193988,-0.4517766327920753,0.1238012914251377,2.618001990125805,3.307258264328185,0.5171643837931488,-0.4401263668660845,1.0150769995101374,87.89077345005677,43.75437700508703,0.0
rgb_1694917570,bev_1694917570,0.1213262223724429,0.9474515502327114,0.645999594738171,0.2002017440620983,0.8824392257844909,0.5050645580984359,0.3707095887983963,0.8700346580639478,0.3558699279362149,0.5840014864700966,2.977342070061757
rgb_1694842207,bev_1694842207,0.9523256292593268,0.6816735555825824,0.537120547169843,0.865924673673207,0.5535469572887385,0.0896785026519481,0.1316947631437574,0.1259012517031381,0.4419980893608385,0.0529899918001819,7.181871325511744
s3_rgb,s3_bev,13.224383505402727,12.81878634522696,0.1911089112705517,-4.020910944561871,5.373686306542907,-0.967326812731105,0.5291069128259291,1.2627370991358866,74.227126689589,35.61154547433586,4.796855608939465
rgb_1720163336,bev_1720163336,9.09645393523849,-2.433049913073184,0.0536817231363493,-9.05948113605345,-6.119371527721455,0.6074985556951329,0.7560262777777536,1.1529145261058071,19.487524367841417,58.96305342520305,4.84596442832701
rgb_1720237924,bev_1720237924,-11.331175495668468,-0.4517766327920753,0.1596176792253844,1.4724921916567195,3.682967728767423,0.4862132259869667,-0.5896807659688591,1.0105926887837071,87.89077345005677,43.67257892722832,0.0
rgb_1694913344,bev_1694913344,0.2243066355127169,0.4450485757472324,0.1686443079383444,0.7626955534786465,0.7556633649434776,0.405362851969074,0.6522667452767807,0.1018511067571555,0.4350067567068323,0.8226997733082976,5.910645076131768
s2_rgb,s2_bev,8.41997730612583,-12.940139921855204,0.1734657236789006,7.705713862343582,8.118386258835072,0.7629928749139028,0.9808187212129996,1.2388985579984122,78.92954592461791,71.37940360220657,0.0
rgb_1694837735,bev_1694837735,0.0276738121645211,0.0371826610131672,0.1239236171600827,0.0076241508962437,0.2392885842183962,0.2638889325944072,0.1141694289841015,0.8737922588243917,0.8046253985099996,0.0391051887864332,5.239906027695406
rgb_1720176206,bev_1720176206,17.116722330378835,-7.005020961276836,0.1677396429264812,-0.5666638343582733,6.472771966809887,-0.3866839179343616,0.9984346474673564,1.1362090088238952,64.44194918291154,1.0478804985705457,4.0004930325659975
rgb_1720159811,bev_1720159811,8.933636889738285,-3.753559132337273,0.1214834778619143,-5.653385471677152,2.808881407077699,-0.7072694274580312,0.9680344710039016,1.0416189113126346,-0.3750178314339933,18.41240233403594,0.0
rgb_1720157766,bev_1720157766,8.894269903945222,-3.753559132337273,0.1210407651907139,-5.653385471677152,2.808942568385337,-0.7072982824375029,0.9680344710039016,1.0416193053216356,-0.5461937231397798,18.733197772198253,0.0
rgb_1694910921,bev_1694910921,0.2317617703018178,0.4011177483749557,0.3962427617083037,0.4711902134693071,0.9807891688080485,0.170297649877486,0.3921367764533549,0.8814225207765686,0.2549459936206085,0.7366000878207871,7.66924748377722
rgb_1694952193,bev_1694952193,0.1841532363109708,0.1565358200635759,0.2696671554639134,0.3951444590393607,0.1936398948124285,0.0878391604883327,0.1002236227200248,0.1160049617001796,0.5392808322977859,0.9952808019021832,5.444469060833984
rgb_1694946955,bev_1694946955,0.3369841751917155,0.9310972489703636,0.9089627036651076,0.1951984717418963,0.0673707510076088,0.9942524809609652,0.7782816645180836,0.2096121693245614,0.7924680388246836,0.2191331377961994,4.740587666070198
rgb_1720127716,bev_1720127716,-11.331175495668468,-1.2549635535758554,0.1596176792253844,1.4725560206745405,3.15871693075807,0.4862132259869667,-0.4441822991748194,1.0160248078432434,87.89077345005677,43.672539298598494,0.0
rgb_1720239447,bev_1720239447,-11.331175495668468,-1.2549635535758554,0.1596176792253844,1.777197688540678,3.322259292218991,0.5144321155422626,-0.5896807659688591,1.0155713641331618,87.89077345005677,43.66337187553629,0.0
rgb_1694923072,bev_1694923072,0.8490075708820757,0.5850604287460341,0.1143316040011884,0.6576731809115889,0.1239345207310704,0.3135653665950092,0.6787412576444962,0.4270992151342451,0.3700551066097578,0.6029211074260628,3.500728744217851
rgb_1720217192,bev_1720217192,-7.245573822882019,6.014770861171414,0.1594720019447729,-1.6256844995537083,-0.5045602337119455,0.4401227552999232,-0.1795516508506635,1.3724054441096087,-24.82714559700075,47.62789184315199,3.177617569226581
rgb_1720216257,bev_1720216257,-7.271721846395657,5.3772569021832375,0.153748909982038,-1.423675347682389,-0.4793665629878134,0.4347749541277392,-0.4186555611370852,1.3407758933509628,-24.79417999303644,43.83789625586922,2.500337479291579
s3_rgb,s3_bev,3.965124246143468,4.0186057703139255,0.0599909514786853,10.0,-3.625072662215352,0.1775107633552337,-0.7262624258328381,1.43,13.146147956345803,92.0539592858546,0.0
rgb_1694898740,bev_1694898740,0.1301603844064593,0.0617466626872076,0.3061644588648455,0.4776629627346865,0.5936132198785605,0.0531714335938332,0.5019539514050617,0.8328445511456003,0.2102617442659665,0.9991383660969536,7.629961738044096
rgb_1720132625,bev_1720132625,-11.213425241193988,-0.4517766327920753,0.1238012914251377,1.4724471255970446,3.1592992588705098,0.4853080487561905,-0.4401263668660845,1.0161671056944512,88.98187721623617,43.75437700508703,0.0
rgb_1720255615,bev_1720255615,8.201514113411854,-3.753559132337273,0.1137815898492992,-5.653385471677152,2.806224557797295,-0.7072487850708685,0.9680344710039016,1.0332283211648312,-1.128638040251985,26.89666165069156,0.0
rgb_1720264341,bev_1720264341,15.352166524588952,-3.869843988315292,0.1224266202589478,-5.653385471677152,2.81368938439744,-0.6886254705931504,0.9812989031540068,1.041614472677779,-0.4914194669773764,19.87011745693633,0.0
rgb_1694843437,bev_1694843437,0.7060854105632559,0.9540335552678718,0.5370335271067459,0.648724116354707,0.9704141921566788,0.0777815665639273,0.0425834798784309,0.9454612374306828,0.9824197590787124,0.1266442484613437,6.2486564552868495
rgb_1694906065,bev_1694906065,0.4935927102834712,0.9903007385051872,0.6545000882384773,0.9717748045897548,0.8987708107707639,0.8885913875078892,0.7035670791593135,0.7526176736024929,0.7551808864192551,0.8719631585292154,3.188255910884014
rgb_1720245414,bev_1720245414,-11.331175495668468,1.3992714169298424,0.1596176792253844,1.4724921916567195,3.15871693075807,0.5425831008865747,-0.5454620192414873,1.0088682761859795,87.89077345005677,43.67257892722832,0.0
rgb_1694981109,bev_1694981109,0.0818366258897702,0.9647900289683732,0.1333813090188711,0.8006779273661102,0.3064338057770006,0.6690374540790983,0.127398159414618,0.9965552040693784,0.3838976141892057,0.0894885053572799,3.500818023010261
rgb_1694837453,bev_1694837453,0.8701715562903126,0.1804170674278747,0.815046456296676,0.111042841620509,0.4407874025814505,0.6932369467474397,0.4996455556361733,0.6499920047477344,0.9650444458023584,0.9765371893463352,6.164698042593092
rgb_1694832785,bev_1694832785,0.1719391255554488,0.744364754089838,0.4797622939536805,0.8187375203641224,0.2999301213654677,0.876427522532258,0.911513135665544,0.1209519625492481,0.3863830503338253,0.7749432086045689,2.8872350545312058
rgb_1694975941,bev_1694975941,0.7285743534082838,0.6489698531691455,0.7525435670633658,0.9567570100753856,0.8589272840048172,0.6575236299393418,0.8085111782979303,0.3500549039534554,0.0539660602969656,0.3693041867671407,3.499993819471846
rgb_1694983522,bev_1694983522,0.026919849305801,0.5417627312697848,0.0943354758711514,0.8171687350949189,0.3400986644402836,0.4230364378610181,0.8595105647499519,0.05337253725532,0.0524923271984559,0.4140081999673654,4.8733971151873146
s3_rgb,s3_bev,11.875610304110737,-3.763623017729525,0.1075252388314491,-1.7931522591211504,-4.808880564098994,-0.6656750482539461,-0.4262936882095921,1.3009861833953642,89.24621322940973,9.383677589112915,3.014566607060962
rgb_1720178943,bev_1720178943,18.73384957684265,-10.018735146728288,0.1421258595188237,-0.566650879918468,6.144651595718351,-0.3868542041727874,0.9919544647242748,1.0686255936220854,64.45284752806629,24.326811465192343,3.990371183877081
rgb_1720228305,bev_1720228305,-7.258800545451336,5.753018543371734,0.1591959661837372,-1.6469496827646957,-1.0446230780142702,0.4895515955419545,-0.0960695754825158,1.3452865371179337,-24.76596521551972,53.14646599598788,3.1812871600514674
rgb_1720125745,bev_1720125745,-11.331175495668468,-1.2549635535758554,0.1596176792253844,1.4724921916567195,3.125395982328083,0.4862132259869667,-0.5572254224153955,1.0160248078432434,75.44904935038792,43.67257892722832,0.0
s3_rgb,s3_bev,3.965124246143468,4.0186057703139255,0.0599909514786853,10.0,-3.625072662215352,0.1775107633552337,-1.0,1.4275694160548416,74.22436459246273,82.51197455303017,4.654908510088343
rgb_1694870484,bev_1694870484,0.0067220203232238,0.667646245882518,0.96013556900514,0.6202787863601541,0.2780373362827022,0.7114699842495514,0.5351023872170911,0.0684796032133484,0.2376543422019829,0.9358099347801536,7.206063882987782
s2_rgb,s2_bev,20.0,-4.786556398345606,0.1695652173913043,6.686153146032503,3.768634385270986,-1.0,0.8556339635491641,0.995935046977332,-75.75280382525987,7.812368809621723,0.0
s2_rgb,s2_bev,8.41997730612583,-13.885158855278265,0.1734442971837771,7.716476422755193,8.129360923438101,0.7510858312073707,0.9718111458848336,1.2380656829514454,60.72190327846084,67.89769309025687,0.0
rgb_1694873212,bev_1694873212,0.7246357022075023,0.4746018369478318,0.9048060948852203,0.6105692376361923,0.3854386042133175,0.6826216846036592,0.7663186857825045,0.3550867977173267,0.967360012733565,0.4408112842220982,3.5006851941264485
rgb_1694915105,bev_1694915105,0.965973856480506,0.7064236957567029,0.1771336004437904,0.5535665402801985,0.9409529509791872,0.811695226753796,0.2525062153041152,0.2914602711266979,0.6975371153532313,0.2220941496276454,5.740803766174256
rgb_1720213068,bev_1720213068,-7.005120608665649,5.3772569021832375,0.1537447505611159,-1.4911065625864932,-1.3073136589034728,0.3786351060391242,-0.3819712678686375,1.3073251149411578,-25.148255942107795,54.29518276456376,2.513966926009173
rgb_1720230995,bev_1720230995,-6.995095460999943,5.379644447718526,0.1594403355670541,1.3992785442600653,-1.3575799950194494,0.4347743336207439,-0.4214843431382469,1.366461057307674,-25.118951960728424,43.073478104365925,2.412620716104434
s1_rgb,s1_bev,-3.6606355787802016,14.722955145118732,0.0,1.3756104726391776,-7.0007761133599935,-0.3589942654019817,0.2877927591729683,1.118140875512541,26.57266154431709,100.0,0.0
rgb_1720234799,bev_1720234799,-11.328070799522084,-0.4517766327920753,0.1276907565549564,1.469330557220328,3.122327310775839,0.4817482700821534,-0.6325730156347478,1.0160147376019524,88.17251391149796,43.74451425400967,0.0
rgb_1720131701,bev_1720131701,-8.935882558602607,-0.7358256843701945,0.1569650119131902,1.479333738145165,3.332773438780386,0.483380616557171,-0.3556311681348804,1.0160185798119836,87.89077345005677,46.56808350254997,0.0
s3_rgb,s3_bev,13.224383505402727,12.81878634522696,0.1911089112705517,-4.244083789214141,-9.213931559115949,0.7890494460682738,-0.5945874071289916,1.2627370991358866,-72.86849573013038,0.0,4.91991905195366
rgb_1720217725,bev_1720217725,-6.995095460999943,5.3772569021832375,0.1594403355670541,1.180996717409336,-1.560627702131205,0.4347707097046434,-0.3795675790434851,1.3044660830603771,-24.394878132264463,54.87076355491568,2.5358857676467754
rgb_1720247217,bev_1720247217,-11.297515336427574,-0.4517766327920753,0.1238012914251377,2.615156756941745,3.185226487366723,0.4806986115479612,-0.5027869250263792,1.0150769995101374,87.89077345005677,46.04110617088873,3.059098064379503
rgb_1694977429,bev_1694977429,0.5120555309501197,0.8210091148761596,0.0661347522773142,0.8771652172671024,0.1073547152877135,0.3411094083642507,0.0883064536153311,0.3510368944466328,0.1194825861888324,0.351757249107605,5.250001535824153
s3_rgb,s3_bev,15.048183912855215,-3.983405340639564,0.102417137130576,-1.1777360640717731,-5.015498377265836,-0.1099425938404077,-0.3021638626315493,1.3881410851853602,89.24621322940973,20.78104304098041,3.221505971902659
rgb_1694953697,bev_1694953697,0.992345550941822,0.5116152423122788,0.8265767523337203,0.7805218332022018,0.1130822387593561,0.0997567666429987,0.7116860575739888,0.0881304311580206,0.0667892130368136,0.125685630938908,4.839459216188655
rgb_1720123251,bev_1720123251,-11.331175495668468,-1.2549635535758554,0.1596176792253844,1.151276702790561,3.15871693075807,0.520013257818823,-0.4394106389472525,1.0160248078432434,87.89077345005677,43.67257892722832,0.0
rgb_1694871317,bev_1694871317,0.9042085765909068,0.3016677378155442,0.3177918787560997,0.9227272374160742,0.1739782162645861,0.1852750521381403,0.4008066046026405,0.6969519467221088,0.9196369701153136,0.4883695983184819,7.486723920669894
rgb_1720133388,bev_1720133388,-11.213425241193988,-0.4517766327920753,0.1238012914251377,2.590514173066863,3.307258264328185,0.5030858022637568,-0.4401263668660845,1.0150769995101374,88.98918787559396,43.75437700508703,0.0
s3_rgb,s3_bev,4.7685279661301125,7.514836198234363,0.0389534438000592,10.0,-3.625072662215352,0.1775107633552337,-0.7262624258328381,1.43,13.146147956345803,92.0539592858546,0.0
rgb_1694838573,bev_1694838573,0.4079162977399005,0.55998605569203,0.4868733162167081,0.3504506379996575,0.1802947458285746,0.4375617495262903,0.0265425803711562,0.7473792021355107,0.4337426697860602,0.063275449881784,3.499941826580665
rgb_1694957949,bev_1694957949,0.5283026444382538,0.5555252764188354,0.2416854865048132,0.1129772861463976,0.1683474134915984,0.2650529976717545,0.4324017658996876,0.6236356942294792,0.6357246402082023,0.2851932050089264,6.067615045836615
rgb_1694869061,bev_1694869061,0.4424150602986422,0.8218092965163806,0.3868537431357068,0.0550160837616975,0.8047718825994891,0.4772855696416339,0.029190975914383,0.1732120351731003,0.7301643541195494,0.1260919620777749,7.986804749368423
rgb_1720233037,bev_1720233037,-11.612066285822088,-9.446983841808995,0.0844485559114273,-1.0834752590353496,3.0581023384132067,0.3758085813967564,0.8552457994622089,1.0263942497469456,-80.70627736714455,30.964479162394653,4.966317726668664
rgb_1694846313,bev_1694846313,0.428641355013926,0.8914691038100568,0.917915969721933,0.6585322272684241,0.4244130381293569,0.8493287705514546,0.9965750141977792,0.6284227113421796,0.9168737949953392,0.7938593438850575,5.058539610047676
rgb_1694976484,bev_1694976484,0.6211015244164082,0.6063113358665613,0.7839677855216008,0.1993294078413404,0.3691715307944491,0.381905985137269,0.7425687538972006,0.9114267121790716,0.3287409526338536,0.0681125810750988,3.414835081916373
rgb_1720177233,bev_1720177233,15.688410804727797,-6.479090476586343,0.185814847257915,-0.573313317255959,6.980652140790337,-0.2302391536148696,0.995777081721256,1.0605109743836811,67.1172340876845,24.83604282276308,3.993559851173232
s2_rgb,s2_bev,18.92656233748623,-14.160124007207331,0.2763162510561785,6.686153146032503,6.429978363980233,-0.4376429160642597,0.5189336268488274,1.3722050461141122,90.0,3.2565601535852746,3.9925857342942574
rgb_1720212758,bev_1720212758,-7.248677008666737,5.3772569021832375,0.1593954299281511,-1.4911065625864932,-1.3439084309426337,0.4347927844178745,-0.3819712678686375,1.336572291809382,-24.79417999303644,60.19483639881618,2.54466207057226
rgb_1694898817,bev_1694898817,0.7669755982977234,0.0705845930823951,0.0447476869813568,0.8500347183669656,0.4337046399000994,0.5118241169798258,0.1437561494133102,0.1281791262831727,0.4234410953676991,0.216586987581829,3.5395238430548144
rgb_1720236681,bev_1720236681,-11.130915920702687,-0.4517766327920753,0.1594335724544585,0.7998549023633377,3.1699498795432284,0.4818972151396461,-0.6331568154488246,1.0151231086172496,87.89077345005677,43.72858807408102,0.0
rgb_1694921836,bev_1694921836,0.2631108967934032,0.0092797811924904,0.9427089345689986,0.4753231086615231,0.2970767963591526,0.2833075474014483,0.5377995321177022,0.0765663970942617,0.907119845636648,0.4803492450579428,3.498218232026714
rgb_1694904225,bev_1694904225,0.4700564048311491,0.6219734198758288,0.2939822139475424,0.4229463946502012,0.039422090251736,0.6019626342071623,0.8869261885407683,0.1100905726270884,0.1971629554624954,0.737397450493867,0.0
rgb_1694908089,bev_1694908089,0.5073073441527637,0.3104959991162295,0.6916795298002146,0.3122671464239654,0.8203700936477816,0.330981233101011,0.607442980862393,0.0378972566350527,0.7182924491901561,0.0382524000287115,7.347906338483689
rgb_1720219858,bev_1720219858,-7.248677008666737,5.3772569021832375,0.1537796826267916,-1.6371087004341651,-1.3439084309426337,0.4347690181478134,-0.3819712678686375,1.336572291809382,-23.310202649495253,54.23887191520125,2.4903138135062344
rgb_1720223773,bev_1720223773,-7.248677008666737,5.3772569021832375,0.1593954299281511,-1.4911065625864932,-1.3439084309426337,0.4347927844178745,-0.3819712678686375,1.336572291809382,-24.79417999303644,54.29518276456376,2.5454177093924324
rgb_1694890614,bev_1694890614,0.3725670055772088,0.0914172810883532,0.1739279248717871,0.1719685413529873,0.5195965465691443,0.516176508736568,0.2497415587735646,0.9009213698208398,0.8638029736579622,0.7599402529654311,7.814703261594633
rgb_1720161643,bev_1720161643,16.189610963444437,-2.7137322114777724,0.1210757049826652,-5.653385471677152,2.8053052680511303,-0.7067152371717194,0.9900694808744376,1.041283423446426,-0.3519803269857533,17.96233567994399,0.0
rgb_1720172042,bev_1720172042,19.874424864646883,-6.140646644529355,0.1768436457451509,-1.7801485268411668,6.458013772700827,-0.4441043699170175,0.9987954844289556,1.2863944173932562,29.20203250135249,25.27559625814717,4.000324381495568
s2_rgb,s2_bev,18.92656233748623,-6.887396734480059,0.0886436222692316,6.686153146032503,6.429978363980233,-0.9796483361184604,0.5189336268488274,1.2230124304884953,-54.36200908394686,47.2221021166708,1.698388835894609
rgb_1694977946,bev_1694977946,0.2346404490213312,0.1421532802914447,0.5563863232071682,0.3330082831241127,0.9224657748301004,0.3718096325145327,0.1201651266535155,0.3311920692217519,0.0076751319736638,0.6918831772676871,3.1905964014406725
rgb_1720259793,bev_1720259793,16.189610963444437,-2.7137322114777724,0.1215520228934662,-5.653385471677152,2.8064778968274435,-0.7072694274580312,0.9680344710039016,1.0416149296730677,-20.81591426643629,19.859801608823044,2.5154918602113208
rgb_1694835959,bev_1694835959,0.2911970306539331,0.0346410287158664,0.7924565394144635,0.9977227224746684,0.0335299601930098,0.887859464399517,0.6647699245936384,0.958753710104863,0.4213440625540733,0.5146350651620707,4.204674653569149
rgb_1694943527,bev_1694943527,0.8830961589635037,0.6503000680883061,0.9742299695576574,0.004652982503555,0.5207494787403695,0.9325777382017378,0.5151306851145042,0.8067451207914561,0.0500173008002601,0.4394834361747528,3.49160774135119
s1_rgb,s1_bev,-3.6606355787802016,8.899736968959381,0.0,-4.044443727902828,-7.325403838662107,-0.4544596591967312,-1.0,1.170268535087009,28.619192890131632,94.89412177013908,0.0
s1_rgb,s1_bev,-3.6606355787802016,16.308627550863367,0.0946898576904468,-4.353043697047574,-3.98867478669116,-0.4835763427929522,0.2877927591729683,1.052374006507836,55.85591156323957,35.46989953160345,0.0
s2_rgb,s2_bev,8.41997730612583,-13.469586605662096,0.1734442971837771,7.705625011196343,8.129546702871501,0.7392956297126196,0.9821567013359768,1.2389483737424736,60.48017746958951,67.89769309025687,0.0
s1_rgb,s1_bev,-0.4473262133735574,12.369108808322036,0.2966265609827653,6.488215665430322,-0.3461134147501159,0.6490095348492575,0.2508866771098996,1.0393938687447215,19.495888910727444,25.62111518036118,0.0
s1_rgb,s1_bev,-3.6606355787802016,12.554933464901936,0.0178997613365155,1.3756104726391776,-8.253908945440196,-0.4544596591967312,-0.5994139474710578,1.118140875512541,26.322472740953803,94.89412177013908,0.0
s1_rgb,s1_bev,-0.2688804366260484,19.756771635379145,0.2839318877843659,6.589915704209346,-3.460817852155044,0.6742249050837676,0.3101420021201019,1.039446205855708,24.64289642098069,26.04883698006677,0.0
rgb_1694896835,bev_1694896835,0.052402494414113,0.151448239312489,0.876560222104888,0.2783517166370209,0.2476277139201729,0.1932031793580325,0.1102918953842866,0.6292371284347545,0.9057383257237768,0.5238824034046097,6.999956654900172
rgb_1694979019,bev_1694979019,0.9942183947842984,0.4471888596689043,0.1528971446074433,0.6663753229509077,0.6734891016094569,0.9272483077892174,0.1546530799226045,0.9463556952326724,0.9477707359957755,0.5361925430800627,6.883327024663772
rgb_1694892552,bev_1694892552,0.0711793732905956,0.3662645837037849,0.859608109025388,0.624835171104228,0.8705229746409252,0.3497271433079074,0.5193319337121065,0.2669919135508004,0.0382401055425313,0.1261104978689016,7.571167870487928
rgb_1720217147,bev_1720217147,-7.248677008666737,5.3772569021832375,0.1537796826267916,-1.4911065625864932,-1.5449251674391125,0.4347927844178745,-0.3819712678686375,1.336572291809382,-24.79417999303644,42.91985151202009,2.53971782224929
rgb_1694842580,bev_1694842580,0.6641506367898871,0.3661517212885301,0.3139858399439639,0.2012380588800078,0.3210343227748924,0.5430760599162626,0.7883564754372367,0.7346739101976236,0.0788927998936881,0.6785934349305074,6.251870688217401
rgb_1720161956,bev_1720161956,10.567107447940703,-6.457539530948516,0.1214853680670798,-5.653385471677152,2.736241752754145,-0.7030073198020296,0.9680344710039016,1.0217464790931472,-0.6306662564952887,19.7298385402778,0.0
s2_rgb,s2_bev,13.35205926078794,-13.521105890989046,0.1734637083224667,7.707585527711735,8.129396100099193,0.6909171387653874,0.98625899317946,1.2408226445973165,60.88215629913276,67.06408640615268,0.0
rgb_1694918019,bev_1694918019,0.482906177006463,0.3851655507349677,0.3890086196942268,0.6548860288878643,0.8613608548899289,0.7479168248153202,0.2771319744977285,0.3045183904036979,0.5647608235407585,0.0107886539750263,6.122346613888073
rgb_1720170344,bev_1720170344,18.197626147934727,-10.754509622690676,0.2030860713198328,-1.1720509134865793,7.508979957055061,-0.3050062126842782,0.7933441395542322,1.0271805763883042,50.02039881083044,37.394079438733726,3.9975367353776416
rgb_1720253156,bev_1720253156,10.559245757427522,-3.735894173051012,0.1214377797982093,-5.653385471677152,2.737069514140513,-0.7066652312598732,0.988187253228714,1.0413252706721718,-1.164375787838992,18.124249999189693,3.6102502628661632
s3_rgb,s3_bev,8.305623555539581,6.569626178477192,0.0487718041338835,8.61111111111111,-3.625072662215352,-0.3757395824262324,-0.7262624258328381,1.4275694160548416,13.146147956345803,82.51197455303017,0.0
rgb_1694945101,bev_1694945101,0.8348813629121815,0.0790535465280595,0.7738333207128847,0.2246527176500535,0.5202423100399379,0.3852300111417164,0.7131352011381181,0.5176733781921566,0.2614125990990998,0.9344097917547908,3.2462340678147736
rgb_1720218482,bev_1720218482,-7.248677008666737,8.361484997174607,0.1593954299281511,-1.4911065625864932,-1.3439084309426337,0.4395786602659035,-0.3819712678686375,1.336572291809382,-39.059809242438526,54.29518276456376,2.575414813919448
s2_rgb,s2_bev,20.0,-17.493457340540665,0.2523052464228935,5.545577155157112,8.914518317503395,-1.0,0.5189336268488274,1.4103803803803805,-56.36907887394671,7.852148388879392,0.0
rgb_1694889631,bev_1694889631,0.3401854185748398,0.155905946918419,0.1588263715875678,0.4485359775849535,0.2069332541690095,0.2161550530523504,0.9771327305895444,0.4024042980763033,0.8423072928323586,0.9745772439908988,7.340367505368397
rgb_1720170001,bev_1720170001,19.04724453926454,-7.25845846484717,0.1533477639552684,-3.0944734375757346,6.472771966809887,-0.4465285367255255,0.9988862959400996,1.158886335226291,64.8225363666607,24.326811465192343,4.000262852831039
rgb_1694980496,bev_1694980496,0.6740014023664269,0.3943984890165545,0.9486103007954746,0.8450242836531054,0.2123531593853981,0.6576455501593564,0.9521047661147898,0.0886749907438203,0.0147296103953226,0.154168969608117,4.553069937863973
rgb_1720222804,bev_1720222804,-7.876512570113125,5.3772569021832375,0.1593954299281511,-1.4911065625864932,-1.3439084309426337,0.4347927844178745,-0.3819712678686375,1.336572291809382,-24.79417999303644,54.29518276456376,2.561958409105897
rgb_1694887982,bev_1694887982,0.7054584302173749,0.28242532306378,0.9221715953681496,0.5248737005771574,0.4605321512669439,0.7706894855357171,0.7298425390725484,0.5453229386803422,0.0487180110359113,0.5657201049419144,3.500054777337528
rgb_1720135318,bev_1720135318,-11.322677766962425,-0.4517766327920753,0.1238012914251377,2.590514173066863,3.1469760638109285,0.4816310315771104,-0.4738388315814926,1.0150769995101374,89.89015242732972,41.27927890646516,0.0
rgb_1694900118,bev_1694900118,0.6508624317792473,0.7025514281097531,0.618231168309489,0.0559497362866103,0.5184875052466741,0.8756128945380879,0.8894403650489774,0.3563108244439007,0.7510266363662915,0.1320208865927171,0.0
rgb_1694978641,bev_1694978641,0.6612046468900936,0.2665513345925364,0.6845457063027043,0.6486399910502565,0.834200556908566,0.7488435697729475,0.7852478364207299,0.8830564853214349,0.6532790089989403,0.5563041212400409,0.0
rgb_1720180651,bev_1720180651,18.026857582611605,-9.99241070980775,0.1654101458121802,-1.1715393884970595,7.509259913876466,-0.3011073886825474,0.7992873312969035,1.027767115627691,45.24757485514331,35.638957957496935,3.999377894099744
rgb_1694986373,bev_1694986373,0.0236510437278208,0.5399050953105773,0.2997390416910855,0.3027174404450745,0.6295063944510748,0.5619160216294595,0.5702076024182458,0.9997393382199988,0.1512687508718886,0.228364512143298,0.0
rgb_1720186175,bev_1720186175,-3.352308402225468,1.7009456656430508,0.0818519271790337,-7.758216194485687,8.763234928075626,0.968357657168164,0.0359862766841425,0.9980790435545444,7.7981720382960305,55.41831177862995,3.973132644738736
rgb_1694978912,bev_1694978912,0.6060862778405927,0.0663340128762854,0.1730367964381566,0.8685257838858347,0.134787491562906,0.9983775095013334,0.6341056517288801,0.6147943615781881,0.1485853284432022,0.3196360615988921,3.301587950979792
rgb_1694833253,bev_1694833253,0.8078270339700844,0.9117253031902716,0.4814624278752794,0.7700082211249002,0.2156440478609652,0.4940613171380346,0.710828082883594,0.5047070418148979,0.7081050088831933,0.6617038774327442,3.2266746932216863
rgb_1694879305,bev_1694879305,0.0923952100385349,0.7950372937193556,0.7889950243522666,0.7607347531758482,0.8174552719231504,0.7604132943279424,0.1838337019539612,0.2590208794391245,0.1400481329935274,0.8730529157494568,3.493146852798611
s1_rgb,s1_bev,-0.4473262133735574,17.849716208349733,0.27740186314138,6.48488359737949,-3.344263487998047,0.6867752667060094,0.2479227500853716,1.0393938687447215,29.55294394648916,25.237448097229773,0.0
rgb_1720263393,bev_1720263393,15.04177779692504,-3.753559132337273,0.1224364038964413,-5.653385471677152,2.81368938439744,-0.7072694274580312,0.9680980250460742,1.041614472677779,-0.6628284572878869,19.87011745693633,0.0
rgb_1694897845,bev_1694897845,0.0677212045218262,0.0918271865962309,0.6486109371152812,0.1282788552243052,0.0149402921507634,0.3220255980692005,0.8969294037756923,0.9847605798834852,0.6574304660712471,0.3180040368469033,7.675809975424896
rgb_1720213688,bev_1720213688,-7.248677008666737,5.3772569021832375,0.1604069189093965,-1.4911065625864932,-1.3439084309426337,0.4347927844178745,-0.3819712678686375,1.336572291809382,-24.79417999303644,54.29518276456376,2.545336670139954
rgb_1694841935,bev_1694841935,0.8514904060411526,0.3063874578510337,0.4659193498986391,0.7743253952177741,0.662296610781687,0.0224785184984337,0.7998879573063749,0.8182753665167115,0.7893644837404871,0.7754368017490437,7.351808640225914
rgb_1694834366,bev_1694834366,0.276981486881813,0.1244927407260947,0.8037506813857221,0.5171862177127587,0.1233583110106484,0.3609337708548683,0.9121199815325064,0.5193977851351702,0.8961713723514955,0.404152993706878,3.5000840657696624
rgb_1694894773,bev_1694894773,0.6840486591239823,0.0289607116438815,0.2684909653332503,0.99915157379202,0.6365562652413386,0.0030464512368084,0.95464873389206,0.2070433161541088,0.7536259276703247,0.4576059429659519,6.288697820631354
rgb_1694950416,bev_1694950416,0.7971144550554563,0.7659690733475126,0.6130800784390917,0.3454102214150576,0.8641111378648462,0.6506803090943274,0.1363313000253297,0.2957326562557631,0.6444328030999724,0.8894094034504361,5.732893194228424
rgb_1720247177,bev_1720247177,-11.331175495668468,-1.2549635535758554,0.1596176792253844,1.4724921916567195,3.15871693075807,0.5143647501317774,-0.5896807659688591,1.008499742613944,87.89077345005677,43.67257892722832,0.0
rgb_1720214574,bev_1720214574,-7.248677008666737,5.3772569021832375,0.1494919731484715,-1.4911065625864932,-2.121644506034225,0.4347927844178745,-0.3819712678686375,1.336572291809382,-24.79417999303644,54.29518276456376,3.640016444505963
rgb_1694842117,bev_1694842117,0.1397528406233062,0.2013102464537323,0.3908746077180501,0.2082535655760098,0.7220457875086592,0.6689726983190979,0.5665794342949365,0.067732193449972,0.0223964586784444,0.3661891670924959,7.639974546515433
rgb_1720248977,bev_1720248977,-11.331175495668468,-1.2549635535758554,0.1596176792253844,1.4724921916567195,3.125395982328083,0.4862132259869667,-0.5572254224153955,1.0160248078432434,75.44904935038792,43.67257892722832,0.0
rgb_1694871826,bev_1694871826,0.2375447977033812,0.0421528896371034,0.3421438085566972,0.0488067660302246,0.551623054603851,0.2495945797898084,0.124513315754178,0.5571416402553587,0.5256048932187262,0.8980800515582563,4.997534344626089
rgb_1720181708,bev_1720181708,12.471752959435392,-10.938300805220877,0.1878495551522519,-1.196539949566546,7.471305928703792,-0.3752248672483729,0.8008670111498375,1.060182704328498,54.779990609415705,35.3006964965632,3.988058044967136
rgb_1720225446,bev_1720225446,-7.248677008666737,4.439472347018409,0.1555799100409223,-1.4911065625864932,-1.3439084309426337,0.3874386979601893,-0.3819712678686375,1.336572291809382,-24.79417999303644,60.19483639881618,2.353740013722203
rgb_1720122608,bev_1720122608,-11.2095384924921,-1.1097769300185654,0.0999743355901775,1.4692887616385626,3.158965081993108,0.4818151538584052,-0.4401263668660845,1.0150969398736944,87.89077345005677,43.75437700508703,3.1232915976310123
rgb_1720144399,bev_1720144399,15.352166524588952,-3.753559132337273,0.1222596089236011,-5.653385471677152,2.817678238476088,-0.7072694274580312,0.983830626926899,1.041614472677779,-0.5817686557802091,20.426014225845528,0.0
s2_rgb,s2_bev,20.0,-20.0,0.2523052464228935,5.545577155157112,9.144201968335471,-0.9796483361184604,0.5189336268488274,1.4198560459834737,-56.36907887394671,7.852148388879392,0.0
rgb_1720160526,bev_1720160526,15.352166524588952,-4.144742182851385,0.1227921188901056,-5.653385471677152,2.8139200394484742,-0.8785950477239143,0.969749943903822,1.0113515361941396,-0.6590171353126095,27.199159431215868,3.6422379487337233
rgb_1694900330,bev_1694900330,0.8791081830552296,0.5085278480602552,0.7579059386948009,0.7048490873499225,0.5101452806106831,0.9579477408293494,0.2109348821782639,0.7438746930622654,0.6342730263633106,0.0866581073520711,0.0
s3_rgb,s3_bev,11.875610305646877,-3.763623017729525,0.1035283498388814,-2.709673989788117,-4.808880564098994,-0.4618138518661411,-0.127462651915315,1.3007592717231322,89.24621322940973,35.522130184322364,3.171614773724585
rgb_1720264052,bev_1720264052,10.552912375633,-2.369233281946734,0.1167928060436773,-5.653385471677152,2.7372314482285205,-0.7126393414769759,0.978405878131848,1.0661896061562086,5.419936681874034,23.62030316799536,3.5770424705396366
s3_rgb,s3_bev,13.224383505402727,12.81878634522696,0.0060377871504738,-4.244083789214141,9.040712103264289,0.201167830482872,0.8278381464289895,1.1714117812659632,25.605100808279342,59.14934316060227,4.707648868830046
rgb_1694982065,bev_1694982065,0.3065441486641601,0.0594003268452303,0.8110914170389205,0.5098768491119023,0.1570069255223931,0.0885980002749297,0.582454924964145,0.97959831984925,0.6707929709012229,0.6010741487930756,3.4983876137990952
rgb_1720263595,bev_1720263595,15.361044431135396,4.549654327856459,0.1216109314044879,-5.653385471677152,2.806926493285236,-0.7072694274580312,0.9680344710039016,1.0416144056016556,-0.3519803269857533,19.859311262094494,0.0
rgb_1694835868,bev_1694835868,0.9062476209448448,0.4047864922018622,0.916140639273134,0.2844904270835515,0.6838296240813,0.7660760667217742,0.4863002125613268,0.3524723428812375,0.2028731628775103,0.9731844366582272,4.360545915926293
s3_rgb,s3_bev,13.224383505402727,6.563135032400439,0.1911089112705517,-3.2549449737132763,1.9074307955993104,0.201167830482872,0.8278381464289895,1.1714117812659632,-62.02497740182166,96.33126066365456,2.6641613683369703
rgb_1720172762,bev_1720172762,14.59365899281729,-10.720533158295687,0.1878211793199816,-1.196001608015493,5.630763351401605,-0.2806220604199413,0.7967757727762845,1.060088179530814,46.30368263795526,21.218455335632225,0.0
rgb_1694898069,bev_1694898069,0.1432827950768527,0.5856785073137825,0.7166333777224666,0.363933198471098,0.0336469613010739,0.6724689037274053,0.7739417812730776,0.950726246028532,0.6936994636684738,0.2616161136078385,3.700693006330668
rgb_1720179133,bev_1720179133,15.688410804727797,-6.479090476586343,0.185814847257915,-0.573313317255959,6.980652140790337,-0.2797086991546921,0.995777081721256,1.0605109743836811,67.1172340876845,24.83604282276308,3.985199285687121
rgb_1720171021,bev_1720171021,15.688410804727797,-6.479090476586343,0.185814847257915,-0.573313317255959,6.980652140790337,-0.2309662198122987,0.995777081721256,1.0605109743836811,67.1172340876845,24.83604282276308,3.999980919250413
s1_rgb,s1_bev,-3.6606355787802016,18.313743603610103,0.0,1.3756104726391776,-9.049770465535696,-0.4544596591967312,-0.3125499890992499,1.118140875512541,14.857725000223368,84.91408184997937,0.0
rgb_1720155658,bev_1720155658,8.410233734771062,-3.9920720254302857,0.1210792054649663,-2.6766170940248424,2.4623847760949893,-0.7072694274580312,0.9680344710039016,1.1398978223074374,12.789991881131344,20.15849136974795,3.221949015665832
rgb_1694909780,bev_1694909780,0.1965822264288369,0.5710563348031418,0.6735578632678237,0.6885779417053672,0.1527062645915277,0.9933384218610678,0.5281608128366241,0.6842964544691615,0.7519940362793678,0.0264098187834248,6.043554137276464
rgb_1720170721,bev_1720170721,15.189819790531857,-12.270838241455628,0.1928813897113866,-1.6858783395777852,7.522521479733342,-0.4007319811448814,0.6139095694384,0.9587409748520476,49.278974432660505,48.47264711815648,2.608957506041774
s2_rgb,s2_bev,20.0,-6.887396734480059,0.0886436222692316,6.686153146032503,6.429978363980233,-1.0,0.6786142655713823,1.3488415532298506,-24.578528998290444,3.2565601535852746,3.9612620896573874
rgb_1694985564,bev_1694985564,0.0541750454935185,0.0966787355577605,0.1767439913348722,0.1651330969083793,0.6717301563231892,0.6473164187690721,0.2285994835748981,0.7004619564774319,0.5228951008029904,0.4565276135875291,3.500194455666933
rgb_1694980044,bev_1694980044,0.927814488421606,0.5587427527868981,0.043847774203059,0.2114827760539583,0.9384857152106072,0.542530313549553,0.5370709421801874,0.5995949452111422,0.0680425115713755,0.6236859031271265,5.437085816257143
s3_rgb,s3_bev,11.87561032134399,-3.8211322851548033,0.1222152327884165,-1.7639072394920845,-4.808792462683696,-0.6656750482539461,-0.2810771479005706,1.3009164956665773,89.24621322940973,9.413073928861444,3.115257311025778
rgb_1720136684,bev_1720136684,-11.32767161824325,-0.4517766327920753,0.1215886916953888,2.446263661961506,3.1643168266166306,0.4814799234042284,-0.4401263668660845,1.0097146966235262,84.42291150096199,43.75437700508703,0.0
rgb_1694910177,bev_1694910177,0.4110260559325334,0.0036897782873137,0.9853701523708328,0.2820815344076435,0.923261859922416,0.6971098946566787,0.5881111451671198,0.8468347320350804,0.2770867271141763,0.7493316375559683,3.4992248291947368
rgb_1694919675,bev_1694919675,0.6143873306040557,0.9469706910638668,0.3594017960220043,0.3664166641568669,0.1028676724149663,0.4295974046301255,0.0272172293115546,0.1231754672541612,0.5610406644419729,0.2505820296064716,3.0167935675561925
rgb_1720260911,bev_1720260911,15.352166524588952,-3.753559132337273,0.1224266202589478,-5.653385471677152,2.81368938439744,-0.7072694274580312,0.95259881287326,1.041614472677779,2.2171686558536976,19.87011745693633,3.663322847488536
rgb_1694958351,bev_1694958351,0.4538137746487718,0.004550365594705,0.7199453791852278,0.2431497054964181,0.8438743985135897,0.6510508936361881,0.6678909582966144,0.2694948987598661,0.9377011443733096,0.952491090503804,5.071616955818416
rgb_1720178562,bev_1720178562,19.095115650378872,-6.716468037424942,0.160698374928258,-0.566678811036903,6.472771966809887,-0.3866839690021108,0.996812335216831,1.1125240001889891,64.47144681897933,24.640645343547444,3.9907763215396814
rgb_1694909059,bev_1694909059,0.596041024219622,0.293803020250023,0.299861698687012,0.5895796011880651,0.8288185802398251,0.800697575804341,0.6460438235273946,0.9694997035535516,0.7856123489197964,0.5520659397574257,3.4989427627229754
rgb_1720225711,bev_1720225711,-7.432446558659056,5.3772569021832375,0.1677844533003225,-1.4911065625864932,-1.3439084309426337,0.434773306710958,-0.3819712678686375,1.338079055238593,-24.728718311384185,43.24641286390224,2.548973085552023
rgb_1694977348,bev_1694977348,0.7010458409471126,0.630980433793564,0.6958561366416007,0.0595137372306651,0.8032343292130383,0.8999212191847352,0.3188822092642709,0.7957967203059608,0.2675897082470183,0.4637518963614738,6.885981724912684
rgb_1720181332,bev_1720181332,18.92518921092521,-13.931166461959634,0.2004345526320826,-0.1188037775110046,7.377149078855318,-0.3177316239294362,0.6175939101280457,0.9458572229829356,69.0870989411876,35.2864620219618,2.575069274184992
s3_rgb,s3_bev,13.224383505402727,6.563135032400439,0.0487718041338835,10.0,-3.625072662215352,0.1775107633552337,-0.7262624258328381,1.4275694160548416,74.22436459246273,82.51197455303017,3.5457611859892566
rgb_1694893825,bev_1694893825,0.114158454008949,0.4254476570320883,0.7416383030101918,0.0247896740111523,0.6022881804131662,0.8454380567732437,0.518498292989615,0.5123171146638273,0.3288184861986534,0.881004061930429,7.614136199782975
rgb_1720185836,bev_1720185836,19.48023480999164,-7.386755125229351,0.180271703641498,-0.565413196855296,6.144651595718351,-0.3868542041727874,0.9919556203968308,1.0640972412225262,65.94371958237988,24.838286193186374,3.87282728364792
rgb_1694980477,bev_1694980477,0.776445427595022,0.2747977485357025,0.8540440832579299,0.6090465407830714,0.8883112142092345,0.8490330192238649,0.4615864379928893,0.4549763285339654,0.0922908866202123,0.6223370665918554,3.500020014364257
s3_rgb,s3_bev,11.87561489134652,-3.983405340639564,0.1030376087013767,-2.994653903513304,-4.389871325528931,-0.4491757096849265,-0.3459421708433374,1.3043557145089142,89.37960407566189,20.80617529459184,3.3032954423241963
rgb_1720123574,bev_1720123574,-11.330615939975514,-0.4517766327920753,0.1276907565549564,1.469330557220328,3.122327310775839,0.4821422712576761,-0.5896807659688591,1.0148785429144207,75.79262813986625,43.67257892722832,0.0
rgb_1720260207,bev_1720260207,8.410233734771062,-3.9920720254302857,0.1210792054649663,-2.1037154716628903,2.4623847760949893,-0.7072694274580312,0.9680344710039016,1.1398978223074374,12.789991881131344,20.15849136974795,3.551996445127569
s3_rgb,s3_bev,15.886169813436224,7.662720075115202,0.0590863958253571,4.402198703927687,5.830964564609463,0.0126511264967834,0.4656342722573761,1.1255287704595336,-50.37608917996498,96.33126066365456,4.185822602077374
rgb_1694824394,bev_1694824394,0.7654146573667547,0.8411597145712384,0.698474067762435,0.0568697462929606,0.6268213354814524,0.592610182333484,0.76841762926778,0.9698415415990702,0.7388017313769111,0.3503383095068128,7.765447613949897
s3_rgb,s3_bev,13.224383505402727,12.81878634522696,0.1566456117585486,-4.020910944561871,-1.0296502959714395,-0.0996978060248634,0.7053378399401844,1.3101275436771025,51.21086226395489,80.85574805636574,4.606904156343138
s3_rgb,s3_bev,11.875610316063426,-3.763623017729525,0.1078591132798512,-1.7939540882402325,-4.808880564098994,-0.6191657538937407,-0.2811706342061164,1.3037459120849109,89.24621322940973,9.383677589112915,3.0197252637580734
rgb_1720153092,bev_1720153092,8.201514113411854,-3.753559132337273,0.1137815898492992,-5.696897408190188,2.806224557797295,-0.7072487850708685,0.9680344710039016,1.0332283211648312,-1.128638040251985,26.89666165069156,0.0
rgb_1694869236,bev_1694869236,0.0713792127589815,0.213523334738698,0.3161338457562609,0.6275694152667584,0.3953363255011962,0.0212665893855455,0.1120993007346301,0.1172241446394969,0.6076671315447196,0.2336567582348863,3.6642241916097698
rgb_1694891115,bev_1694891115,0.6233663309854749,0.1945413462290041,0.836937743221062,0.9781386316659828,0.1416343734218667,0.4297016753115192,0.7966992904832847,0.6756349509377995,0.9293769548202044,0.2814598654717819,4.833199207673299
s1_rgb,s1_bev,-3.6606355787802016,12.591596704187149,0.0,-6.499205381501714,-10.0,-0.4835763427929522,-0.7329475257452798,1.170268535087009,9.100298410968506,94.89412177013908,0.0
rgb_1720172799,bev_1720172799,19.04724453926454,-7.25845846484717,0.1533477639552684,-3.0944734375757346,6.472771966809887,-0.3866839179343616,0.9971216936175538,1.141323100874461,64.43943081071856,24.326811465192343,3.9878290001606
rgb_1694913344,bev_1694913344,0.2243066355127169,0.4450485757472324,0.1686443079383444,0.7626955534786465,0.7556633649434776,0.405362851969074,0.6522667452767807,0.1018511067571555,0.4350067567068323,0.8226997733082976,5.910645076131768
rgb_1720175570,bev_1720175570,16.076088207613516,-10.022015806551565,0.1881123220850223,-0.564512825628432,6.292869336094881,-0.3694462224878956,0.9920523147910354,1.0603424155959142,59.57068233422558,16.411591785177475,3.9282832939172168
rgb_1694871826,bev_1694871826,0.2375447977033812,0.0421528896371034,0.3421438085566972,0.0488067660302246,0.551623054603851,0.2495945797898084,0.124513315754178,0.5571416402553587,0.5256048932187262,0.8980800515582563,4.997534344626089
rgb_1694901597,bev_1694901597,0.5061961831746966,0.3602445057410024,0.494243425458812,0.5293680214948873,0.4233242113391068,0.6432869191604569,0.4704312105225561,0.7288944854282675,0.7686479461096354,0.2984907643271104,3.500586428175944
s2_rgb,s2_bev,20.0,-6.887396734480059,0.0886436222692316,6.686153146032503,6.429978363980233,-0.9796483361184604,0.5189336268488274,1.43,-54.36200908394686,47.2221021166708,1.5142110153030677
s2_rgb,s2_bev,6.793737710046719,-9.863672134546494,0.173462435075139,7.705693677428722,7.406744930855182,0.6299769981374725,0.9734244183734077,1.2639922506864625,81.5819241851508,71.57891274338589,0.0
rgb_1694952095,bev_1694952095,0.4448591525087578,0.7846514120637138,0.761235453690244,0.051182246085794,0.5326477542299329,0.087673590217011,0.3178226008854831,0.7176276994802925,0.0506700318196082,0.7351995275323253,5.415865949392335
rgb_1694953796,bev_1694953796,0.3670529380652113,0.8019298764250765,0.3609130355399494,0.7246845001095688,0.3800597479259069,0.3895363630180628,0.0327556633722229,0.1048327119204235,0.3484342246155026,0.9066015300491536,4.891558347192415
rgb_1694899202,bev_1694899202,0.821391301219913,0.406201756155655,0.9326412330042716,0.2538121999170616,0.1265007326340548,0.5288455025171235,0.7468244497388927,0.5226461688341192,0.8527859862814957,0.3103576808100158,7.320742269879952
rgb_1694834460,bev_1694834460,0.0740480525804748,0.0940635407726603,0.7190369091579027,0.7043662850123757,0.7147076952617825,0.5803960184113605,0.4524860053571171,0.4584854029569909,0.5452913821797637,0.6180094949391245,3.5000840657696624
rgb_1720211661,bev_1720211661,-7.248677008666737,5.3772569021832375,0.1708804954334775,-1.4911065625864932,-1.3439084309426337,0.4959659464196846,-0.3819712678686375,1.336572291809382,-24.79417999303644,54.29518276456376,2.838575225702723
rgb_1720135800,bev_1720135800,-11.331175495668468,-0.4517766327920753,0.1596176792253844,1.4724921916567195,2.0280944585014087,0.4858688954721053,-0.5454620192414873,1.0088682761859795,87.89077345005677,43.67257892722832,0.0
rgb_1694900986,bev_1694900986,0.1829654477099068,0.6637379533406876,0.3053637803663063,0.9116411062605096,0.5910004383592394,0.9925607449462668,0.933030988304764,0.2505462879084537,0.668893543551619,0.4677724268214678,3.4999052202473084
s1_rgb,s1_bev,-6.7125877662395474,15.5464719954484,0.0946898576904468,-9.377077699403833,-3.98867478669116,0.2540932323688672,0.2877927591729683,1.370106906233734,9.100298410968506,56.44617275167779,4.672469612037057
rgb_1720147900,bev_1720147900,15.352166524588952,-3.753559132337273,0.1222596089236011,-5.653385471677152,2.81368938439744,-0.7072694274580312,0.95259881287326,1.041614472677779,-0.6626788143835967,19.87011745693633,3.522896699744105
s3_rgb,s3_bev,3.2035827392130543,6.563135032400439,0.0487718041338835,-3.2549449737132763,1.9074307955993104,0.1775107633552337,-0.7262624258328381,1.4275694160548416,74.227126689589,35.61154547433586,3.358918561906484
rgb_1694946094,bev_1694946094,0.9988232788850644,0.7869504816440076,0.654445020465928,0.4966734890517585,0.3122003085369155,0.5960088591271684,0.0692120494977062,0.4712662508333257,0.4215825088133434,0.1043180121388261,3.4999855144780523
rgb_1720123372,bev_1720123372,-11.331175495668468,-0.764805339827678,0.1596176792253844,1.4794955034516375,3.152977936090121,0.5143647501317774,-0.5952013700519831,1.008499742613944,87.89077345005677,43.67257892722832,0.0
rgb_1720246055,bev_1720246055,-11.213425241193988,-0.4517766327920753,0.1207937730537786,2.590514173066863,3.164409182361849,0.4814799234042284,-0.4401263668660845,1.0161464538698717,87.89077345005677,43.74702030250045,0.0
rgb_1694822595,bev_1694822595,0.1658824242857001,0.0083501872256962,0.3331384098364434,0.1131734395526959,0.6059626311343259,0.6546721203500643,0.8388836412885515,0.6174347593682897,0.2487659436841174,0.4413547315404921,0.0
rgb_1720172837,bev_1720172837,15.758055310306638,-9.771193971095736,0.1882008687852149,-0.5651344579152653,6.144651595718351,-0.3870717953602743,0.9920467146304204,1.0594613973180895,65.902053217461,24.99763713879375,3.988978453724739
rgb_1694941954,bev_1694941954,0.2347593830325377,0.8291733339470199,0.5310146664851387,0.7148186047605752,0.3575119473594869,0.4778813321132245,0.5274898249063888,0.9889654125230576,0.0799092539294485,0.8499082365680578,4.299251593308935
rgb_1694906539,bev_1694906539,0.862102868091801,0.4706279226125218,0.6938020544779506,0.8935487888634743,0.6411010636057493,0.1259864795582661,0.5701235863229327,0.3172309311037997,0.0251254876961639,0.459451198352642,3.5023304504088406
rgb_1720147542,bev_1720147542,8.201514113411854,-3.7465742880027832,0.1137815898492992,-5.653385471677152,2.806224557797295,-0.7072694274580312,0.9680344710039016,1.0332283211648312,-0.98795233463062,26.89666165069156,0.0
rgb_1694898589,bev_1694898589,0.9291586951891262,0.271728059826913,0.1651137515824388,0.7886899234528058,0.0579591143665793,0.4112344915408289,0.939992478542347,0.7383348172670987,0.3988024526359047,0.1359023469144097,6.999935911953799
rgb_1694920796,bev_1694920796,0.1301299626755304,0.7278460793045411,0.3732078197662938,0.3211612169474099,0.5063998762028736,0.1572959841491021,0.3010127296383313,0.3588289475927113,0.8583331378867961,0.5935194046664161,0.0
rgb_1694907682,bev_1694907682,0.9989306599484996,0.1710467206061953,0.6878210433481511,0.2398952266417613,0.5005853532866473,0.8196675114771709,0.8137323555877001,0.604820688274292,0.8443176442907744,0.114344480791483,0.0
s2_rgb,s2_bev,8.421429018235674,-10.441553815886472,0.1734233910740375,7.705693677428722,8.124665315937747,0.6317236444244725,0.9741040273114574,1.2672240828623398,63.70300053723605,72.27242344666978,0.0
s1_rgb,s1_bev,-3.6606355787802016,20.0,0.0178997613365155,1.3756104726391776,-7.0007761133599935,-0.6175917962277262,-0.951951951951952,1.2028335448917666,14.857725000223368,84.91408184997937,0.0
rgb_1694984830,bev_1694984830,0.3869014246413522,0.9740955718414952,0.4615152516824434,0.7643576741535907,0.2248166059675789,0.4122177560667002,0.2357435414613859,0.5052985849905006,0.5535302175218385,0.8041856548811448,2.8198732624598657
rgb_1694949658,bev_1694949658,0.3108940030480382,0.204482112703528,0.9866857958698356,0.6667114358961147,0.6454926914098437,0.5224549022255579,0.0982925768008252,0.5107656977180696,0.4335417927790678,0.7351798160964698,5.222977836420852
rgb_1694976254,bev_1694976254,0.2291524533590651,0.0903240308031322,0.7565531862927418,0.7360896913772843,0.7875579517450196,0.5374466389851401,0.2006877312986601,0.9134297829012404,0.4126524890469981,0.4025970712270563,4.109816513693927
rgb_1694835593,bev_1694835593,0.8561392526749287,0.0504773403057776,0.4119765862642753,0.8503663982276588,0.3109382613537882,0.0112746182101498,0.4579095771427021,0.4544528668886933,0.3914345608825718,0.950280465972392,3.49918254653548
rgb_1694911487,bev_1694911487,0.4259248402769546,0.3319827187402683,0.6925850050989787,0.2849518477998355,0.2713561346414506,0.611241783895771,0.2756301228135407,0.1098213250304179,0.0394366329224014,0.0074364328047298,0.0
rgb_1694948422,bev_1694948422,0.2776040279641806,0.4845612773362638,0.6455988644318159,0.4406930361507627,0.1681760444331427,0.7995711833890693,0.3352762780858326,0.7870699504989364,0.1637860354029277,0.2403726004670414,3.414835081916373
rgb_1694902205,bev_1694902205,0.2602300536950812,0.1114689477231757,0.3292320852470399,0.7089596032035411,0.5191497197984121,0.95145369313213,0.0989217489359186,0.8438618358160255,0.8930162022403202,0.5566584109196399,8.259977816583993
rgb_1720179742,bev_1720179742,14.590346483331544,-10.753254092254103,0.1806774210916752,-1.238816307104532,7.051505056645539,-0.3752248672483729,0.7972425672474139,1.064815997785466,54.779990609415705,22.28391109845833,3.996649283453233
rgb_1720166518,bev_1720166518,8.852649461323683,-3.753559132337273,0.0508839178713096,9.88653784721933,-7.59871729916625,-0.8433966729487259,0.7304987234192093,1.1747987503466089,23.120090001390366,18.49954195682225,4.805774705816163
rgb_1720142239,bev_1720142239,-11.331175495668468,-0.4517766327920753,0.1596176792253844,1.4724921916567195,3.1200204378292007,0.4862132259869667,-0.5896807659688591,1.0424084755875085,87.89077345005677,43.67257892722832,0.0
rgb_1720262989,bev_1720262989,10.58882089806471,-2.7242078793725355,0.1214853680670798,-5.653385471677152,2.736241752754145,-0.7030073198020296,0.9680344710039016,1.0217464790931472,-1.1628921395584229,19.73075957678156,0.0
rgb_1720233838,bev_1720233838,-11.331175495668468,-1.2549635535758554,0.1596176792253844,1.4724921916567195,3.125395982328083,0.4862132259869667,-0.5572254224153955,0.9665835354927969,75.44904935038792,43.67257892722832,0.0
rgb_1720158696,bev_1720158696,10.558805809568105,-3.7305981929296337,0.1210811265674365,-5.653385471677152,2.7370841154111645,-0.7147044094512425,0.9877588878984054,1.031699742690982,-1.1755403698028886,23.70322769892124,0.0
rgb_1694977068,bev_1694977068,0.4234944130727628,0.740146713639313,0.9626550706531722,0.1809514168173808,0.7743069033361595,0.5266960561258894,0.7115626589228407,0.232906372124796,0.4129826900923977,0.7507788266181332,3.493919856824905
rgb_1720220518,bev_1720220518,-4.582670488086135,5.3772569021832375,0.1591056172898378,-2.1411937267385213,-1.3439084309426337,0.4347927844178745,-0.3819712678686375,1.3368129310471255,-24.79417999303644,54.65254472763606,3.640016444505963
rgb_1720233080,bev_1720233080,-11.331175495668468,-0.4517766327920753,0.1218341235663364,1.4724921916567195,3.1588561715517667,0.485900858268758,-0.7752887648422426,1.0334560715475167,87.89077345005677,45.809244079223085,0.0
rgb_1694825334,bev_1694825334,0.8050686846062606,0.3455942781362854,0.4782032848578603,0.935427083498097,0.069819088395675,0.0061521631331793,0.1315018148127634,0.9549166272314104,0.8485161230420788,0.50781037071511,6.657465254533863
rgb_1720186552,bev_1720186552,16.10981565955128,-10.022015806551565,0.1881040382925551,-1.1833765160129737,6.144651595718351,-0.3870717953602743,0.9527195902576082,1.075756716476229,59.58160255502224,24.013640012393832,3.745266671543696
rgb_1720174965,bev_1720174965,18.95366451941313,-12.425067083451228,0.1928931996616365,-0.1186022777176667,7.658957952781222,-0.2962849690153049,0.6361078626820953,0.9584358093758876,69.07009482093159,42.97699064700057,2.6084576908732715
rgb_1720146163,bev_1720146163,16.04687846846008,-4.224616819109322,0.1214279542931493,-5.653385471677152,2.733853589108165,-0.7136196169869027,0.9680344710039016,1.041740867637942,-0.6785398129087667,20.00849827713612,2.338387778961421
rgb_1720152627,bev_1720152627,8.234978887241997,-3.697755486563725,0.1136062791878588,-5.653385471677152,2.810611337312894,-0.7082812725820765,0.95883470901209,1.0332283211648312,-0.98795233463062,26.89666165069156,0.0
rgb_1720173139,bev_1720173139,19.21182107398293,-10.771043850240758,0.1971781003015463,-1.1955629640968013,7.760700651768442,-0.3066944151045201,0.7167331811837687,1.015403948937666,46.70847215475135,35.2504639572585,3.992655471927031
rgb_1720170114,bev_1720170114,0.6895900714890324,14.397832256744543,0.0121239099804767,2.4694487762890915,-4.679141438357151,0.1497278889873234,0.6047341850350232,0.9760207385529855,-40.88379750905168,56.66626063696453,3.9698601750965294
rgb_1694822822,bev_1694822822,0.0439314353007784,0.6861088046648611,0.9886931786876592,0.1927678812035456,0.4730453369566272,0.8313552711989705,0.4716032868950115,0.6798480533282978,0.6767411072681668,0.0543497965859204,7.543931078789503
rgb_1694977247,bev_1694977247,0.8731375037671262,0.2065005081157678,0.2963396169270363,0.1089090870738733,0.095124913456868,0.4279095011725603,0.9876668745069004,0.3522611727227669,0.5626799913622947,0.1104323686921266,5.831628533025201
rgb_1720254958,bev_1720254958,9.151670341023433,-4.224616819109322,0.1210818339282735,-5.653385471677152,2.7370841154111645,-0.7147044094512425,0.9680344710039016,1.062498701576777,-1.120844789705714,16.840685642244736,2.93406894612718
rgb_1694892640,bev_1694892640,0.6410832867457605,0.5151153015208166,0.964460639823514,0.8832310468071949,0.6271031688461901,0.5213790432769807,0.5606884728411848,0.3571470997450412,0.2921442753710217,0.9595693569134852,0.0
rgb_1720261734,bev_1720261734,8.207198947255318,-4.224616819109322,0.1202900303788074,-5.653385471677152,2.8029117018882346,-0.7147044094512425,0.9680344710039016,1.0316139116668168,-1.1581199970636646,23.73867688983237,3.3830650031363527
rgb_1720174577,bev_1720174577,6.851445685749368,5.344622506636419,0.2997739053270445,-0.8753680410673539,0.092519063434846,0.4652637927431258,0.0599999951243417,0.9514305249454128,56.48663707324465,51.735043869629,3.991013858568386
rgb_1694944391,bev_1694944391,0.1897265103387577,0.1144976368719766,0.0663266197465093,0.2002294507415262,0.8444896416171619,0.8726130307036345,0.7099312268985484,0.428760702700481,0.4438912189302509,0.1763967453422474,6.092475552837247
s2_rgb,s2_bev,20.0,-17.493457340540665,0.1787004183657257,-2.8832248443981188,7.485387334956485,-1.0,0.5189336268488274,1.43,-56.36907887394671,7.852148388879392,3.443940146247229
rgb_1694951087,bev_1694951087,0.9430462516526388,0.8423157398766465,0.2390723152579267,0.4937644439715213,0.3182348926412316,0.5261776249618627,0.5767691148701398,0.8289616962362091,0.1716205341130993,0.0722871910687437,4.994357950240026
rgb_1694949103,bev_1694949103,0.9817014296936596,0.7376968821694823,0.5932836131736382,0.5609757313985022,0.3842995605939814,0.9504888803251168,0.6842943652860701,0.4968875071613977,0.4569338942163711,0.5007103143243993,3.5000014497716734
rgb_1694953177,bev_1694953177,0.2300794589131213,0.242913066183769,0.5024017720182459,0.4250020495508048,0.4067652479981384,0.6401178502400845,0.1986158038850843,0.3410360106962192,0.0066119073119091,0.1001621113296895,4.693294444543916
rgb_1694983972,bev_1694983972,0.6297533688095568,0.4371779338130163,0.972639471188503,0.4633613643060609,0.0153078881310513,0.7755298188873065,0.7720971927485162,0.7625607583630932,0.6082499118072362,0.2730145360578332,8.267776413998941
rgb_1720225137,bev_1720225137,-7.248677008666737,5.475052303872381,0.1542525629482065,-1.4911065625864932,-0.8889906638093095,0.431079977337067,-0.3819712678686375,1.336572291809382,-22.4898371883324,54.29518276456376,2.5575442010859826
rgb_1694827092,bev_1694827092,0.128384285268864,0.9405373674142417,0.757061291684741,0.127774095701292,0.8756771991784267,0.2819051350876889,0.1849946786042922,0.4355150333313831,0.5943152386825871,0.0611616174867298,7.657287605014602
rgb_1694839120,bev_1694839120,0.5738742063569497,0.1391867260501583,0.6775601170894382,0.1969028895914911,0.3727899400054897,0.1417685819183739,0.915164594559739,0.4280945862762061,0.7075617740282845,0.399606363929606,3.501286951009813
rgb_1694925433,bev_1694925433,0.6807194917060133,0.5062573060865126,0.6004128572819224,0.3632672026568025,0.4315941602618326,0.0559770935618159,0.3071315222226314,0.0562216987695575,0.2213766954753124,0.7980883084044844,7.522505871019657
rgb_1694981144,bev_1694981144,0.922723081508765,0.4486549960366233,0.6784266233339282,0.8749069021629041,0.1749448589788426,0.6369888237475535,0.036229322360449,0.6182556334920438,0.3213781533579543,0.5713306748185656,3.4999921071653266
rgb_1720132544,bev_1720132544,-11.218566654612292,-0.4517766327920753,0.1596708406520445,1.4692887616385626,3.1607269764203743,0.5154549810901718,-0.4632055011073246,1.0085214765781665,87.89077345005677,43.66464820125742,0.0
rgb_1720174011,bev_1720174011,19.050687367058494,-5.412854821199925,0.1533477639552684,-1.7797697366855552,6.510333406406037,-0.5386945920196978,0.9987940668004058,1.2036919282658542,60.47320480148196,21.52413301738192,4.001571180638182
rgb_1720266354,bev_1720266354,15.352166524588952,-3.753559132337273,0.1224266202589478,-5.653385471677152,2.81368938439744,-0.7072694274580312,0.95259881287326,1.041614472677779,-0.6612855611520132,19.87011745693633,0.0
s1_rgb,s1_bev,-3.6606355787802016,16.308627550863367,0.1311516862185948,1.3756104726391776,-3.98867478669116,0.4366691516382674,0.2877927591729683,1.170268535087009,90.0,58.85628194514278,0.0
rgb_1720172385,bev_1720172385,17.65019488928067,-10.020647684734886,0.1882008687852149,-0.5652378393897823,6.144651595718351,-0.3433709280457845,0.9920527579055718,1.0594613973180895,59.57068233422558,24.99763713879375,3.9922684442480687
s2_rgb,s2_bev,8.730833413733109,-12.831746223375282,0.1734446166792478,7.716476422755193,8.155460595051128,0.699860102311598,0.9738526755346956,1.2386494372851629,80.08913604342555,71.46331251449816,0.0
rgb_1694879001,bev_1694879001,0.3058016228726721,0.0446548122272651,0.5726022083503212,0.68304659240227,0.0602395657531331,0.6616440917416879,0.9989047201594888,0.4735713700953911,0.1015535911199999,0.3183206761561173,7.305737310123212
s2_rgb,s2_bev,20.0,-6.887396734480059,0.1695652173913043,5.545577155157112,8.914518317503395,-0.9796483361184604,0.5189336268488274,1.43,-24.578528998290444,0.0,0.0
s3_rgb,s3_bev,11.880812893427024,-3.983405340639564,0.102417137130576,-2.383674007226128,-5.015431054143792,-0.1099425938404077,-0.3224738686887244,1.3201816317831765,89.24621322940973,18.60663710980157,3.1183211722521227
rgb_1694980864,bev_1694980864,0.1520379169943345,0.7634766968051987,0.3898772723071227,0.9029060584269236,0.6165837108561405,0.8485669145341955,0.4995461039609586,0.0084332006070285,0.8218576414299482,0.708028686102454,3.500020014364257
s2_rgb,s2_bev,7.1238077123499695,-17.790240137628924,0.1734446397215196,7.716476422755193,8.129396100099193,0.7557544123421602,0.9718111458848336,1.2378992573513472,60.76388581004768,71.51189117804452,0.0
s2_rgb,s2_bev,8.49215338861849,-13.469586605662096,0.1734443369294314,7.705625011196343,8.152938437549231,0.6386125671450711,0.9821567013359768,1.2382890073764412,63.591071844602425,73.44461413326718,0.0
rgb_1694892464,bev_1694892464,0.9378165835373746,0.4203858032724632,0.9081624235869996,0.4494487060093772,0.2583265257203484,0.4125616764770655,0.4506465724330747,0.1882301118330713,0.3220432544007996,0.5931167973999762,7.437806036479686
s2_rgb,s2_bev,8.41997730612583,-12.940139921855204,0.1734442971837771,7.716476422755193,8.129360923438101,0.7504477144007147,0.9718111458848336,1.2380656829514454,63.04478964682292,67.89769309025687,0.0
rgb_1720130253,bev_1720130253,-11.338088021039631,-0.4517766327920753,0.1238012914251377,2.590514173066863,3.307258264328185,0.4813200794975205,-0.4152095811231504,1.0150769995101374,87.89077345005677,45.80624942123506,0.0
rgb_1694891536,bev_1694891536,0.1771975944275826,0.6827406015864537,0.2362759152407118,0.329003948730209,0.1969540948989235,0.0927297512037552,0.7172184324246681,0.4251859384744486,0.6632203436945411,0.2038393957643292,7.393092710649
rgb_1720249417,bev_1720249417,-11.32767161824325,-0.4517766327920753,0.1215886916953888,2.446263661961506,3.1643168266166306,0.4814799234042284,-0.4401263668660845,1.0097146966235262,84.42291150096199,43.75437700508703,0.0
rgb_1720214308,bev_1720214308,-7.248677008666737,5.3772569021832375,0.1597299678783255,-1.4911065625864932,-1.3439084309426337,0.4347927844178745,-0.3819712678686375,1.336572291809382,-24.79417999303644,54.29518276456376,2.547129308738334
s1_rgb,s1_bev,-3.6606355787802016,14.722955145118732,0.0170842824601366,1.3756104726391776,-9.049770465535696,-0.3820649454882749,-1.0,1.1895903016485234,14.857725000223368,89.90783965272594,0.0
rgb_1720222716,bev_1720222716,-7.2531820228351425,5.3772569021832375,0.1594403355670541,-1.8503094878922468,-1.3446937993887893,0.4347743336207439,-0.4230180822347407,1.3085475193753746,-25.114216451019143,43.073478104365925,2.469608996729072
rgb_1694980647,bev_1694980647,0.920121590008082,0.457393933924703,0.3315782466326348,0.5798862912975583,0.393363936484411,0.0299163518474954,0.7909882648072661,0.5695809982837204,0.3382140466764998,0.9357172852019504,6.270243060256507
rgb_1694925969,bev_1694925969,0.6323247485719883,0.9032667838626718,0.5327820088258621,0.1135458600864778,0.922612113119656,0.5726772768206417,0.2228637264491828,0.5413143716833216,0.7545927335773719,0.6099971662598423,4.08527394054719
s3_rgb,s3_bev,3.965124246143468,4.0186057703139255,0.0487718041338835,10.0,-3.625072662215352,0.2965583824028528,-0.7262624258328381,1.4275694160548416,74.22436459246273,89.8379818790375,3.78876846684812
s2_rgb,s2_bev,20.0,-10.505669009468752,0.1695652173913043,5.545577155157112,8.914518317503395,-0.9796483361184604,0.5189336268488274,1.43,-56.36907887394671,7.852148388879392,0.0
rgb_1720221002,bev_1720221002,-7.244780267116935,5.3772569021832375,0.1594719556325411,-1.6090254886741793,-0.9222072878446212,0.4347088574735764,-0.2108396672666603,1.344012852247455,-21.93469890117187,54.27517188265969,3.1231242763660254
s1_rgb,s1_bev,-0.4473262133735574,17.463218031426994,0.0898343448079039,4.28230384464657,-3.0645953320742905,0.908660701472208,0.1833446100815324,1.0393938687447215,38.23353183505984,87.42640787725452,4.192466276551112
rgb_1720229451,bev_1720229451,-7.245015657895662,5.369455152984116,0.1584137793668067,-0.067226583554607,-1.1912256250911746,0.4347088574735764,-0.2118001458416962,1.344012852247455,-24.82906324143117,56.44993406311435,3.456044768274552
rgb_1720129650,bev_1720129650,-14.966225530705042,-0.1920964066943398,0.0607462872379182,1.4688016936428596,3.15871693075807,0.4817507428911003,-0.635256489289466,1.0150498543444793,87.89077345005677,46.26164777344726,4.212177808560497
rgb_1720229583,bev_1720229583,-6.997102031590512,5.484310839021799,0.153303499194268,0.7199709347703198,-1.521000435892356,0.4347743336207439,-0.4209630624365746,1.3355180957096389,-9.403261016959036,42.66128235493184,2.5183665128852035
rgb_1694919194,bev_1694919194,0.0737547007682718,0.3835925199757698,0.7108316586717087,0.6169655376311385,0.4306680657924121,0.8690394658657292,0.5969130464527649,0.4387924575847527,0.1508839746634492,0.9640227953908856,3.4999691381288573
rgb_1694846032,bev_1694846032,0.064072404493085,0.0640545668958227,0.7955640054601921,0.7385000207082224,0.7893492964732489,0.4857057446290268,0.6715590832884573,0.8665622421375977,0.5463688395729845,0.359456355250961,0.0
rgb_1694944490,bev_1694944490,0.0504472121606816,0.8234107407180112,0.9625278822209072,0.5342151019629267,0.0496105371336612,0.7847164942697471,0.9239473245400798,0.9746687432147852,0.6293829743687732,0.3214371204523715,5.77152666241424
rgb_1720136644,bev_1720136644,-10.49682359435862,-0.4517766327920753,0.123894567088967,1.4724371396714453,3.153862037862844,0.4814804338905933,-0.355437871325349,1.015122982603864,87.89077345005677,43.75437700508703,0.0
rgb_1720160985,bev_1720160985,15.299006537733192,-2.7137322114777724,0.1214074905067094,-5.653385471677152,2.74429625750785,-0.7068647902594151,0.9754966963518868,1.0513659432230469,-0.3519803269857533,19.859801608823044,0.0
s2_rgb,s2_bev,7.031587647459428,-12.940139921855204,0.1734442971837771,7.010827300962305,8.12936651912105,0.6369422922730614,0.981908561430266,1.2416677803409844,60.917961000916605,67.89769309025687,1.5554357324342132
rgb_1694982163,bev_1694982163,0.8139319817741847,0.7785146804370887,0.3942211520224414,0.7968595223399042,0.0791305633387057,0.1070160236666608,0.8337803482812822,0.6828083707396831,0.2189840274429224,0.1319151848028843,3.4950289229148748
rgb_1720135720,bev_1720135720,-8.810340629062527,-0.4517766327920753,0.158306996335106,1.2050681463680757,3.1741883768517525,0.486551606520099,-0.4401263668660845,1.0160080684615274,87.89077345005677,43.75437700508703,3.417342240676732
rgb_1720228833,bev_1720228833,-7.283361342900111,5.753018543371734,0.1424928458748457,-1.2826022773073549,-0.9200452261588908,0.4895515955419545,-0.1018733535123288,1.383275637784491,-24.76596521551972,52.76960567650034,3.3349705633182536
rgb_1694942655,bev_1694942655,0.8603972910030817,0.2229000085400116,0.6201144213343125,0.617562683629686,0.489385407827841,0.346442314774103,0.6838459388986299,0.0756412287089932,0.7567937296879084,0.5105200491226072,3.50083935079177
s3_rgb,s3_bev,3.965124246143468,4.7686083388158735,0.0487718041338835,10.0,-3.625072662215352,0.2965583824028528,-0.7262624258328381,1.43,74.22436459246273,82.51197455303017,0.0
rgb_1694982845,bev_1694982845,0.6147386615437004,0.1506253176903353,0.9017854351409104,0.9002109808536464,0.7515293549080564,0.4429338713344617,0.3816235573020894,0.9066351275227792,0.8118662134640255,0.9709045664447608,4.630978036262072
s1_rgb,s1_bev,-0.2688804366260484,12.310574603107682,0.2762870834149644,6.488153076881907,-1.4674748511805706,0.6706075398420168,0.2140538182786182,1.0393938687447215,39.48967589513259,26.205477749821725,2.9881268177676668
rgb_1720168452,bev_1720168452,17.65019488928067,-10.000848847266836,0.1882008687852149,-0.5651344579152653,6.144651595718351,-0.3870717953602743,0.9920387755589428,1.0594613973180895,59.57068233422558,24.99763713879375,3.99887055241174
s3_rgb,s3_bev,11.87542121739668,-3.124373308088497,0.102417137130576,-2.29241835788711,-5.015431054143792,-0.1099425938404077,-0.3224738686887244,1.3201816317831765,89.24621322940973,20.366353598251628,3.1114228677835367
rgb_1694901597,bev_1694901597,0.5061961831746966,0.3602445057410024,0.494243425458812,0.5293680214948873,0.4233242113391068,0.6432869191604569,0.4704312105225561,0.7288944854282675,0.7686479461096354,0.2984907643271104,3.500586428175944
